9.999907353861939852e-01 -2.974395664720035429e-03 -3.111609263492640890e-03 -3.541689999999999899e-04 2.968127435409010154e-03 9.999935606471193061e-01 -2.017147447075124268e-03 -3.318899999999999953e-04 3.117589021364248082e-03 2.007893106159791639e-03 9.999931244783476503e-01 4.061511200000000182e-02
9.999746472335987457e-01 -1.497966625897004895e-03 -6.961392535085567275e-03 -1.149901999999999955e-03 1.472709496337359014e-03 9.999923202470255568e-01 -3.631882942731057187e-03 -4.444119999999999863e-04 6.966779512747915508e-03 3.621538755557060594e-03 9.999691737450023821e-01 8.183316100000000148e-02
9.999158135689928395e-01 -1.355831940858066853e-03 -1.290455324323048700e-02 -1.054519000000000073e-03 1.288883418910104304e-03 9.999856758973385551e-01 -5.194880140638656781e-03 -5.817319999999999523e-04 1.291141178150863669e-02 5.177810337516463267e-03 9.999032381815338155e-01 1.288396420000000042e-01
9.998790361446359132e-01 -3.005784557845730281e-04 -1.555065050297959467e-02 -3.324267000000000107e-03 2.110919276256363543e-04 9.999834127278213192e-01 -5.755841330144439820e-03 -9.242249999999999814e-04 1.555212264200590139e-02 5.751862464595774126e-03 9.998625143286032912e-01 1.669869870000000034e-01
9.997937352208856598e-01 -1.392396254416869905e-03 -2.026199017225069690e-02 -4.141881000000000035e-03 1.269218095329461031e-03 9.999806450499437727e-01 -6.090862904797200543e-03 -1.490998000000000106e-03 2.027007889713767705e-02 6.063889689731518685e-03 9.997761515175958014e-01 2.122770700000000121e-01
9.997083205634812453e-01 1.821075991560269130e-04 -2.415037542081383687e-02 -6.142052000000000275e-03 -3.471147066574030958e-04 9.999766254801308873e-01 -6.828470161788832010e-03 -2.396469000000000030e-03 2.414856740107664684e-02 6.834861387939617297e-03 9.996850160737047464e-01 2.554557029999999784e-01
9.995735668278424857e-01 3.045774471516796752e-03 -2.904148338039124269e-02 -7.916365999999999334e-03 -3.268057793757241352e-03 9.999657062806525110e-01 -7.609603202045647947e-03 -2.729067999999999859e-03 2.901731030473959569e-02 7.701267460916898754e-03 9.995492414994741059e-01 3.016529980000000055e-01
9.994422230924757677e-01 3.026688214551016744e-03 -3.325780898408486203e-02 -9.949678999999999468e-03 -3.220661858385370693e-03 9.999781069068627293e-01 -5.780401730065156014e-03 -3.366067999999999838e-03 3.323958539398347983e-02 5.884289712352420119e-03 9.994300901500901002e-01 3.479376730000000029e-01
9.993003965061658667e-01 2.400368031197701486e-03 -3.732232275642132641e-02 -1.226113700000000008e-02 -2.527142863937594658e-03 9.999911956484264230e-01 -3.349951428877934352e-03 -3.713755000000000007e-03 3.731395304125429552e-02 3.441926632773582330e-03 9.992976643870882247e-01 3.953375519999999810e-01
9.991891202465330579e-01 1.803386002768936260e-03 -4.022250340150645975e-02 -1.492812500000000042e-02 -1.836387649526532908e-03 9.999980068666327604e-01 -7.835452524497744844e-04 -4.229367999999999843e-03 4.022101019815201017e-02 8.567739999482033592e-04 9.991904404451401600e-01 4.437255560000000210e-01
9.990459195135167336e-01 3.259161932661318404e-03 -4.355029927438600762e-02 -1.672608999999999901e-02 -3.309317720096556590e-03 9.999939413900762464e-01 -1.079629273487056704e-03 -4.849367999999999734e-03 4.354651673348110957e-02 1.222720997368820402e-03 9.990506522863308314e-01 4.903106990000000165e-01
9.989447274550994349e-01 2.776519353478757845e-03 -4.584454634890377384e-02 -1.898633699999999896e-02 -2.815484205806114814e-03 9.999957281005718013e-01 -7.853848063362576116e-04 -5.635104999999999628e-03 4.584216986949771894e-02 9.136306074806338495e-04 9.989482773100762936e-01 5.393968820000000219e-01
9.988794120262232124e-01 -1.306668301735025182e-04 -4.732761515570078903e-02 -2.177356600000000114e-02 4.153682904206827534e-05 9.999982239663630645e-01 -1.884234277186061903e-03 -5.485341000000000349e-03 4.732777730718462639e-02 1.880156987855577952e-03 9.988776434102740742e-01 5.880656239999999535e-01
9.987714354824251961e-01 -4.874073425194133625e-04 -4.955181226209878081e-02 -2.407730400000000076e-02 4.565105289992533967e-04 9.999996942875368777e-01 -6.348409011782964965e-04 -6.267504000000000131e-03 4.955210653960876593e-02 6.114400341441612267e-04 9.987713526521332374e-01 6.375284789999999813e-01
9.987030710935247413e-01 -1.976752433687807044e-03 -5.087502568233188277e-02 -2.669666700000000031e-02 1.919826893288413636e-03 9.999974752834829284e-01 -1.167771963874226051e-03 -6.567072999999999661e-03 5.087720563338581775e-02 1.068586204156426632e-03 9.987043446738691488e-01 6.876878739999999768e-01
9.986126291360064577e-01 1.370302014938682561e-05 -5.265754212171212117e-02 -2.985577700000000001e-02 -1.984230425485446106e-04 9.999938457585774154e-01 -3.502723692582370915e-03 -7.045431999999999910e-03 5.265717005659185240e-02 3.508312585507581197e-03 9.986064861517941482e-01 7.377206090000000271e-01
9.985323573286282173e-01 4.554685212001616398e-04 -5.415647621622813462e-02 -3.272929799999999695e-02 -8.012796758907680603e-04 9.999794293716817162e-01 -6.363865520795328537e-03 -7.396078000000000374e-03 5.415246364306699339e-02 6.397920123912062551e-03 9.985121818483109202e-01 7.888310549999999477e-01
9.984381384636064061e-01 4.275840444350208040e-03 -5.570458553676482794e-02 -3.626996700000000018e-02 -4.727715653103480541e-03 9.999569613608575436e-01 -7.982739546282320575e-03 -8.009247000000000588e-03 5.566805516660063013e-02 8.233627053421739561e-03 9.984153820026580028e-01 8.403092030000000046e-01
9.983635668939427887e-01 5.394255552768621384e-03 -5.693057443795212363e-02 -3.974871700000000285e-02 -5.844487582172250284e-03 9.999529281055060670e-01 -7.744904010147139577e-03 -8.814884999999999735e-03 5.688611661649630585e-02 8.064960028170243406e-03 9.983480986890486131e-01 8.922397490000000264e-01
9.982921557610946461e-01 4.502895465529476761e-03 -5.824513437440764080e-02 -4.293083000000000315e-02 -4.861663037431765595e-03 9.999700652205777418e-01 -6.019376650779688712e-03 -9.803173999999999569e-03 5.821628619533161103e-02 6.292264709943156883e-03 9.982841636660592100e-01 9.445003269999999729e-01
9.982144399953293279e-01 4.906529833000431405e-03 -5.953030950540054433e-02 -4.632853700000000297e-02 -5.187568739883769743e-03 9.999761141188930891e-01 -4.567310176398376581e-03 -1.047218299999999949e-02 5.950647792786838142e-02 4.867972542684296730e-03 9.982160497246794773e-01 9.970327620000000168e-01
9.981522080121750795e-01 4.703644600990994698e-03 -6.058089936512377899e-02 -4.962868599999999825e-02 -4.995276016641996691e-03 9.999766498365150191e-01 -4.663367802088545615e-03 -1.121520299999999998e-02 6.055754996643480242e-02 4.957369182092770214e-03 9.981523969980011790e-01 1.050069332000000077e+00
9.980604879193077927e-01 4.263587712417805410e-03 -6.210542870065206833e-02 -5.310680300000000104e-02 -4.611398700395404927e-03 9.999744718945355881e-01 -5.458073036415807787e-03 -1.195543399999999916e-02 6.208057229358673879e-02 5.733879931022064884e-03 9.980546704287482918e-01 1.102262854999999986e+00
9.979625277224547508e-01 2.863335114844202129e-03 -6.373848581374501332e-02 -5.565253299999999709e-02 -3.271929805607778647e-03 9.999747576093586110e-01 -6.307029368234417371e-03 -1.293765399999999982e-02 6.371881776332678771e-02 6.502726822241277141e-03 9.979467053939901078e-01 1.155411004999999935e+00
9.979528976841876009e-01 2.922102558540249414e-03 -6.388642516505928237e-02 -5.974527799999999889e-02 -3.207070985266822789e-03 9.999853591827000399e-01 -4.358453388743343052e-03 -1.341353399999999953e-02 6.387275396778195613e-02 4.554419489217167299e-03 9.979476582284702024e-01 1.208430289999999907e+00
9.979534746801019818e-01 4.086390750633178519e-03 -6.381350785330822117e-02 -6.327565799999999852e-02 -4.128466665034735521e-03 9.999913387103183116e-01 -5.275105128311329428e-04 -1.454477199999999922e-02 6.381079953195059606e-02 7.898828891614269928e-04 9.979617016439632504e-01 1.263029933000000105e+00
9.980041418379906881e-01 4.798343956538738027e-03 -6.296593340442487030e-02 -6.691189899999999691e-02 -4.627336309167141663e-03 9.999851999004683023e-01 2.861422496308209992e-03 -1.479535499999999962e-02 6.297873159168564106e-02 -2.564346952981101050e-03 9.980115748285723898e-01 1.316030502000000046e+00
9.980641297976803328e-01 4.003345016700566444e-03 -6.206420900870734253e-02 -6.968243400000000143e-02 -3.680139021592798102e-03 9.999790713066298853e-01 5.321045528082405003e-03 -1.492647300000000087e-02 6.208421206700622669e-02 -5.082339757182168481e-03 9.980579744857568381e-01 1.370236993000000014e+00
9.982005338813730866e-01 3.491037551865946824e-03 -5.986239901434865091e-02 -7.346860299999999344e-02 -3.085336026186369200e-03 9.999716529921213182e-01 6.868326856659064984e-03 -1.592622499999999872e-02 5.988467968142723724e-02 -6.671271918895938825e-03 9.981830089069022582e-01 1.424248576000000099e+00
9.982326969194764699e-01 3.490300570206549078e-03 -5.932369343523923033e-02 -7.610300200000000292e-02 -3.253075866649471608e-03 9.999863244451608901e-01 4.094926136480722158e-03 -1.650077299999999983e-02 5.933717467384551358e-02 -3.894704685470515119e-03 9.982303997460397760e-01 1.480011581999999937e+00
9.983279313876615157e-01 4.853841142711619663e-03 -5.760018782429380396e-02 -8.018761100000000586e-02 -4.927173656523550771e-03 9.999872216183586238e-01 -1.131176270234067775e-03 -1.629457299999999970e-02 5.759396123719105060e-02 1.413090993956256586e-03 9.983390900905622090e-01 1.533401966000000005e+00
9.983722892812675331e-01 4.871856117208796418e-03 -5.682461626139008459e-02 -8.325678899999999771e-02 -5.143477003095578946e-03 9.999760317709526225e-01 -4.634709045620769192e-03 -1.623275500000000149e-02 5.680067464035661040e-02 4.919441186979196974e-03 9.983734183454646693e-01 1.589294076000000056e+00
9.984437823945043755e-01 2.208598051911848069e-03 -5.572374262736248807e-02 -8.649727699999999742e-02 -2.390281627254942608e-03 9.999920424433687005e-01 -3.193994940844940063e-03 -1.718523900000000146e-02 5.571624495152066592e-02 3.322219827890200792e-03 9.984411163929083344e-01 1.644367933000000059e+00
9.984193496058693107e-01 -7.110578279090007067e-05 -5.620317852720160129e-02 -8.958646700000000296e-02 1.749808073594368550e-04 9.999982858367389982e-01 1.843286548699358054e-03 -1.786103099999999944e-02 5.620295111744486732e-02 -1.850207434644516973e-03 9.984176505942484736e-01 1.701650499999999955e+00
9.983898376897443194e-01 -3.073049091324996616e-03 -5.664175462614468720e-02 -9.268759199999999920e-02 3.363549165204863210e-03 9.999816719942865584e-01 5.034104937756474218e-03 -1.829942700000000005e-02 5.662524644413766822e-02 -5.216516538208334705e-03 9.983818755468005790e-01 1.756142258999999983e+00
9.982633325016593284e-01 -9.513402226513510002e-03 -5.813616912695826477e-02 -9.495394699999999688e-02 9.766410318560164033e-03 9.999440270224749794e-01 4.069404325615544500e-03 -1.870142699999999963e-02 5.809420119229843915e-02 -4.630118805428725358e-03 9.983003685202547217e-01 1.812915086999999925e+00
9.981667948698166315e-01 -1.244016423637578188e-02 -5.923083599856763387e-02 -9.854154299999999533e-02 1.250513124155659163e-02 9.999215440228126361e-01 7.262862147978218141e-04 -1.930838799999999925e-02 5.921715386565503531e-02 -1.465644160892076026e-03 9.982440486049716233e-01 1.867645143999999924e+00
9.980483226317891088e-01 -1.175755361197217651e-02 -6.132948414045073099e-02 -1.015332860000000004e-01 1.155148481942583870e-02 9.999263837892087281e-01 -3.713515948886633028e-03 -1.948736800000000144e-02 6.136863115907647409e-02 2.997821758821067085e-03 9.981106672981525652e-01 1.924992680999999983e+00
9.979632634112837186e-01 -1.091708862589279606e-02 -6.285015558799457447e-02 -1.057162430000000014e-01 1.068062286962756686e-02 9.999345667844539154e-01 -4.097126395818721963e-03 -2.041580200000000025e-02 6.289077179219150493e-02 3.417502819446977501e-03 9.980145647724093516e-01 1.980556130000000081e+00
9.978957730161259754e-01 -1.100786924471689777e-02 -6.389720659965980598e-02 -1.092821959999999981e-01 1.086476092678383652e-02 9.999376309997537460e-01 -2.586712315680254632e-03 -2.112918700000000066e-02 6.392169558571036969e-02 1.887041412231462833e-03 9.979531331220702350e-01 2.038281918000000026e+00
9.978424598217370267e-01 -8.228434330167656852e-03 -6.513615160092957324e-02 -1.130718140000000066e-01 8.254207505984597487e-03 9.999659254377534223e-01 1.265775084679099795e-04 -2.169809899999999847e-02 6.513289058036124402e-02 -6.639517238630696094e-04 9.978763779811380408e-01 2.094522475999999855e+00
9.977660686339078211e-01 -8.065903550778011008e-03 -6.631601226510355773e-02 -1.172016339999999990e-01 8.183882164765137260e-03 9.999653750615874470e-01 1.507564476839815112e-03 -2.231373299999999879e-02 6.630155620759634050e-02 -2.046919111283323611e-03 9.977975314494432757e-01 2.151847124000000111e+00
9.977373373010561819e-01 -6.731488658562843029e-03 -6.689463966445977072e-02 -1.215309430000000024e-01 7.026124584590409845e-03 9.999666210178814740e-01 4.170182658142875844e-03 -2.299903500000000101e-02 6.686433525221116558e-02 -4.630757013718292230e-03 9.977513301222703523e-01 2.208202839000000139e+00
9.977293019060288204e-01 -7.025325388403644115e-03 -6.698421397087057916e-02 -1.248970999999999970e-01 7.528854386919568188e-03 9.999452473003659358e-01 7.267651135718103395e-03 -2.337977499999999847e-02 6.692948879028499942e-02 -7.755462887345529813e-03 9.977275661851154887e-01 2.266989231000000160e+00
9.977239970311618800e-01 -1.148449830257158334e-03 -6.742037385797820803e-02 -1.297601009999999888e-01 1.785382624562749463e-03 9.999543407827462538e-01 9.387691869005888173e-03 -2.351750099999999968e-02 6.740651420334743682e-02 -9.486696618469053072e-03 9.976804921567942186e-01 2.322806835000000181e+00
9.977114132628782661e-01 -1.261835269178713604e-03 -6.760431655407413143e-02 -1.336002799999999879e-01 1.838924754836400660e-03 9.999623979385020567e-01 8.474730958966681868e-03 -2.352765399999999854e-02 6.759108077798471614e-02 -8.579655053338399937e-03 9.976762176770725965e-01 2.379808664000000018e+00
9.977051699547270225e-01 -1.244879365836337303e-03 -6.769670686949140481e-02 -1.374651339999999888e-01 1.741357889126278480e-03 9.999720180859739127e-01 7.275350009909409103e-03 -2.419554599999999833e-02 6.768575565295335827e-02 -7.376538512691850104e-03 9.976794200349425878e-01 2.435749292000000121e+00
9.977250335857738017e-01 8.384856632838058425e-04 -6.740960093383660534e-02 -1.419979480000000127e-01 -5.244387336410070034e-04 9.999889283071985435e-01 4.676347617038590330e-03 -2.433193300000000003e-02 6.741277564587661031e-02 -4.630356877519592983e-03 9.977144268150609507e-01 2.492900371999999809e+00
9.976330219722664427e-01 8.665548454342932765e-04 -6.875756360709095460e-02 -1.456613390000000008e-01 -5.281629195930350644e-04 9.999876608716090631e-01 4.939549418538103157e-03 -2.494730800000000137e-02 6.876099558916864973e-02 -4.891542418058694025e-03 9.976211697324585126e-01 2.548670769000000114e+00
9.975289387670495111e-01 -5.653674623349127550e-04 -7.025451360529562372e-02 -1.497141120000000103e-01 9.691692576347572547e-04 9.999832067704788052e-01 5.713745529859264212e-03 -2.501163299999999839e-02 7.025010343931310797e-02 -5.767715029581820148e-03 9.975127349713904801e-01 2.606620073000000204e+00
9.974877075421886286e-01 -8.474921649289850027e-04 -7.083470236585698299e-02 -1.535189449999999900e-01 1.338852132447919570e-03 9.999753706762961603e-01 6.889522172942119313e-03 -2.551062800000000047e-02 7.082711893898127609e-02 -6.967050870662953865e-03 9.974642747612412208e-01 2.660583496000000103e+00
9.974584628050611190e-01 1.642790458537550903e-03 -7.123142717981850724e-02 -1.575276850000000006e-01 -1.413465630889065199e-03 9.999936555048006825e-01 3.269719415547073238e-03 -2.612121400000000024e-02 7.123634671622866565e-02 -3.160726127877595652e-03 9.974544564624842069e-01 2.716732264000000008e+00
9.973799505084839367e-01 1.995860256772770489e-03 -7.231355934767413896e-02 -1.618181770000000075e-01 -2.062586199476645638e-03 9.999975132561820246e-01 -8.480681704385780719e-04 -2.672927099999999889e-02 7.231168689682107575e-02 9.949991394053976992e-04 9.973815869138795698e-01 2.772835016000000152e+00
9.973352934050405683e-01 2.680274287531864488e-03 -7.290492890350622202e-02 -1.656166020000000016e-01 -2.818028489102375987e-03 9.999944331774407447e-01 -1.786709143555878596e-03 -2.734766900000000153e-02 7.289973418412654116e-02 1.987396254563834636e-03 9.973372945057309424e-01 2.826389789999999902e+00
9.973250435214960907e-01 1.372403375890681766e-03 -7.308128401868516089e-02 -1.697820429999999936e-01 -1.231696189157396350e-03 9.999973002514425113e-01 1.970384308698914892e-03 -2.842896099999999912e-02 7.308379087967112331e-02 -1.875099677402674398e-03 9.973240413786566005e-01 2.882764815999999897e+00
9.973230285076899460e-01 -9.254224493189342361e-04 -7.311580131229970803e-02 -1.735198500000000033e-01 1.294691144033685527e-03 9.999866456408961213e-01 5.003230427469849452e-03 -2.870311999999999863e-02 7.311019479587611836e-02 -5.084499302694015822e-03 9.973109080340742949e-01 2.936490535999999985e+00
9.972889693691521229e-01 -2.717557048548095884e-03 -7.353452562097798073e-02 -1.774157289999999942e-01 3.129101248986305983e-03 9.999800780782407417e-01 5.481986137258503498e-03 -2.925680400000000084e-02 7.351816306184461025e-02 -5.697221280886730251e-03 9.972776049674878518e-01 2.991885662000000057e+00
9.972604910152640389e-01 -6.038609062167522336e-03 -7.372277979423184913e-02 -1.811319590000000090e-01 6.397855730580292478e-03 9.999687788462333637e-01 4.637755364789138482e-03 -2.996195499999999845e-02 7.369247249241385467e-02 -5.096717901479126331e-03 9.972679895417216889e-01 3.045315027000000008e+00
9.972104801620401693e-01 -8.613698107944201682e-03 -7.414217733448653924e-02 -1.852094230000000119e-01 8.856353790381257807e-03 9.999564459450878129e-01 2.944691903803005675e-03 -3.010240200000000033e-02 7.411358345494332978e-02 -3.593106980584066627e-03 9.972433335599156790e-01 3.099593639000000067e+00
9.971120889558884315e-01 -9.862397441397644307e-03 -7.530083116893412920e-02 -1.896047439999999917e-01 1.018889840079814472e-02 9.999402782269231071e-01 3.953015158301433421e-03 -3.060114400000000026e-02 7.525734786319951408e-02 -4.708831720444157584e-03 9.971530266194983394e-01 3.154716253000000137e+00
9.970084275749259151e-01 -1.362389572320396071e-02 -7.608274975247066030e-02 -1.931693549999999870e-01 1.431418186822793794e-02 9.998611204592622315e-01 8.534869149093848861e-03 -3.123757799999999848e-02 7.595590524782851183e-02 -9.598398786887542278e-03 9.970649784235282587e-01 3.206892729000000219e+00
9.969395291486031763e-01 -1.433924457771617797e-02 -7.685025234767783875e-02 -1.970057930000000124e-01 1.543948706619573466e-02 9.997863710424766959e-01 1.374170720280875821e-02 -3.161630800000000269e-02 7.663678920788696836e-02 -1.488617958562198432e-02 9.969479445774741544e-01 3.260695457000000186e+00
9.969286930385575785e-01 -1.253205071301570842e-02 -7.730542478610291646e-02 -2.014108749999999892e-01 1.380206221277868392e-02 9.997780654724576221e-01 1.591612009332010400e-02 -3.167265300000000200e-02 7.708880641901261210e-02 -1.693421108516141374e-02 9.968804082836693059e-01 3.314060449999999935e+00
9.968397952856670186e-01 -1.116683200501616610e-02 -7.864937633447005583e-02 -2.057317349999999989e-01 1.211997781672669028e-02 9.998586585275468508e-01 1.165200005219969165e-02 -3.160873100000000102e-02 7.850814398870606392e-02 -1.256840604317648741e-02 9.968342422373853706e-01 3.367811918000000126e+00
9.967464826524702337e-01 -9.677807086785464308e-03 -8.001743166285522901e-02 -2.099979819999999997e-01 1.005298251946539628e-02 9.999402772067066403e-01 4.287139167075510252e-03 -3.226194500000000021e-02 7.997116269251101917e-02 -5.077604727183356384e-03 9.967842449937911464e-01 3.419583797000000036e+00
9.966497880557128042e-01 -8.788669548217539762e-03 -8.131395486676970541e-02 -2.139264349999999981e-01 8.757863497382969292e-03 9.999613786793583037e-01 -7.355111407789494777e-04 -3.244629500000000000e-02 8.131727857881149157e-02 2.091050541442695913e-05 9.966882660929076154e-01 3.471653700000000065e+00
9.966404594537641159e-01 -3.501246669661381861e-03 -8.182625404812500503e-02 -2.193190309999999976e-01 3.536958315995403657e-03 9.999937024612998160e-01 2.914851837585359130e-04 -3.330348400000000125e-02 8.182471818259455520e-02 -5.799219771873403290e-04 9.966465668354250740e-01 3.522363423999999910e+00
9.965812129974305211e-01 -1.077334184787193463e-03 -8.261189533974060140e-02 -2.240667640000000016e-01 1.313772965472546905e-03 9.999951952961817492e-01 2.807736659042114197e-03 -3.402800500000000006e-02 8.260847354336696424e-02 -2.906670880169342011e-03 9.965778400923980263e-01 3.572977542999999923e+00
9.964936536577013726e-01 1.506240721393548032e-03 -8.365482328482040653e-02 -2.286143900000000007e-01 -1.146916404549065249e-03 9.999899104966232244e-01 4.343211682207679704e-03 -3.476579900000000001e-02 8.366052117149574974e-02 -4.232037788666928764e-03 9.964853270638103222e-01 3.622697114999999801e+00
9.964016417058372266e-01 2.210154386073620754e-03 -8.472829293395484074e-02 -2.329956290000000096e-01 -1.868998727668093720e-03 9.999898254904399097e-01 4.105576616694425231e-03 -3.535430900000000043e-02 8.473650482329511680e-02 -3.932446209332370914e-03 9.963956345835435213e-01 3.670428514000000142e+00
9.962723793211425427e-01 3.998961361494597806e-03 -8.617049674812578275e-02 -2.376343760000000083e-01 -3.602452597179772991e-03 9.999821990734913957e-01 4.756455763408192275e-03 -3.553878099999999846e-02 8.618798371626147647e-02 -4.428300370735884298e-03 9.962690508184783855e-01 3.720338105999999812e+00
9.961555542457236623e-01 4.863588252633283503e-03 -8.746689233477969450e-02 -2.420217390000000135e-01 -4.357577429303124798e-03 9.999726540065744240e-01 5.975178490673057133e-03 -3.699546699999999716e-02 8.749356127363158708e-02 -5.571063485244222638e-03 9.961495068448814605e-01 3.768217802000000116e+00
9.960032873435917811e-01 4.688398807977261357e-03 -8.919344436322537706e-02 -2.459939120000000090e-01 -4.167237562068238158e-03 9.999731461156001755e-01 6.028364518656056936e-03 -3.706515999999999977e-02 8.921931254980455805e-02 -5.632580606246226709e-03 9.959960784580702553e-01 3.814131498000000065e+00
9.958988033262857753e-01 4.213005288170444673e-03 -9.037601517943769092e-02 -2.502328750000000213e-01 -3.592505272722314093e-03 9.999688547620366741e-01 7.027333190224313922e-03 -3.759522399999999653e-02 9.040280658883090292e-02 -6.673836403659722666e-03 9.958829210647804908e-01 3.860868931000000170e+00
9.957455918451467713e-01 7.184387537676309270e-03 -9.186457911875886562e-02 -2.546764610000000206e-01 -6.318377223272181147e-03 9.999328520603322223e-01 9.714395490928605728e-03 -3.778411799999999848e-02 9.192820258344366890e-02 -9.092631423203078808e-03 9.957241232508023954e-01 3.906000136999999928e+00
9.956096512524010844e-01 8.502340910888934317e-03 -9.321551658445804966e-02 -2.587438519999999964e-01 -7.235853593005068217e-03 9.998769828061659926e-01 1.391623789745894887e-02 -3.824903100000000278e-02 9.332237007198727896e-02 -1.318064692923307663e-02 9.955486958409789366e-01 3.950604439000000134e+00
9.954448994013239682e-01 1.191319290837870165e-02 -9.459137429287990673e-02 -2.637556489999999809e-01 -1.049125219983944313e-02 9.998245848779953038e-01 1.551557607128022792e-02 -3.837531100000000223e-02 9.475962158623950360e-02 -1.445251909779312477e-02 9.953952676241537567e-01 3.994298935000000217e+00
9.953136127306670966e-01 1.468414883183180586e-02 -9.557817787608355320e-02 -2.684555049999999832e-01 -1.364768595307808835e-02 9.998408607084483535e-01 1.148886094942717755e-02 -3.878130400000000255e-02 9.573167177665817262e-02 -1.013059874211442134e-02 9.953556238792106159e-01 4.036811829000000351e+00
9.951924950727092378e-01 1.464099097890599922e-02 -9.683769479965471938e-02 -2.730533179999999893e-01 -1.430410487577492111e-02 9.998889864353968093e-01 4.172216305229497352e-03 -3.914532800000000007e-02 9.688802988325397048e-02 -2.766981812441838585e-03 9.952914414768124773e-01 4.077715873999999907e+00
9.950564608223374519e-01 1.377405463870869443e-02 -9.835097963179474656e-02 -2.769282759999999732e-01 -1.403243422107252128e-02 9.998996666246274811e-01 -1.935839298614368221e-03 -3.941488600000000314e-02 9.831444738976623243e-02 3.306373053461212491e-03 9.951499069646121409e-01 4.118132113999999788e+00
9.949856182208316469e-01 1.453710020070792669e-02 -9.895601169946201259e-02 -2.810939849999999907e-01 -1.488423705419027535e-02 9.998853850562043899e-01 -2.770602519391341615e-03 -4.013768999999999670e-02 9.890439333530211263e-02 4.229594396672806296e-03 9.950879516455897189e-01 4.157165050999999778e+00
9.948285386863650048e-01 1.748141948993142333e-02 -1.000528789579224614e-01 -2.847912610000000178e-01 -1.747128594235089136e-02 9.998468875374575404e-01 9.775731069682209833e-04 -4.098171700000000084e-02 1.000546489808057243e-01 7.755348321650006775e-04 9.949816409175858967e-01 4.195336342000000052e+00
9.947253219579517136e-01 1.773401523411710645e-02 -1.010298894353806876e-01 -2.894941569999999742e-01 -1.750643210991616183e-02 9.998418236822023131e-01 3.138861358638425983e-03 -4.166662299999999985e-02 1.010695735146341645e-01 -1.353631975080154745e-03 9.948784393030366546e-01 4.232650279999999654e+00
9.947391268942634701e-01 1.425271604181163089e-02 -1.014442187168390630e-01 -2.936838869999999768e-01 -1.430075367841870428e-02 9.998977068021689396e-01 2.537242460473129887e-04 -4.265479700000000124e-02 1.014374579229368745e-01 1.198339348984138117e-03 9.948411964293282228e-01 4.268771172000000114e+00
9.947796887660336207e-01 6.672440625132416286e-03 -1.018275471307124452e-01 -2.963280680000000000e-01 -7.333529705199248044e-03 9.999543859055198824e-01 -6.119268778019134984e-03 -4.206194700000000231e-02 1.017820719017663716e-01 6.834079632164238340e-03 9.947832453328538937e-01 4.303241729999999876e+00
9.948845249051344597e-01 2.464079445729521096e-03 -1.009886647934809950e-01 -2.994043530000000120e-01 -3.492670309534651185e-03 9.999438023544418019e-01 -1.000966468219609967e-02 -4.379929999999999934e-02 1.009583248592894750e-01 1.031118060293010827e-02 9.948372209543528966e-01 4.337004662000000010e+00
9.952037068096197814e-01 4.700472329279896562e-03 -9.771124557733407157e-02 -3.029764289999999916e-01 -5.700737013891594464e-03 9.999341449942702464e-01 -9.960284738707267035e-03 -4.468831000000000192e-02 9.765799275989067718e-02 1.046953840717691590e-02 9.951649638203958759e-01 4.370087146999999561e+00
9.955698109101743798e-01 9.807685612044148016e-03 -9.351235697604359798e-02 -3.066627980000000142e-01 -1.053307921669840302e-02 9.999181207704398444e-01 -7.266773501837185331e-03 -4.522889100000000023e-02 9.343343002638007655e-02 8.219553384919957989e-03 9.955915995505677518e-01 4.402068615000000129e+00
9.959911436305350918e-01 8.381878627059489995e-03 -8.905832875267728765e-02 -3.090297579999999877e-01 -8.756580212496915816e-03 9.999543734583670185e-01 -3.817499766429739792e-03 -4.629795999999999911e-02 8.902226750943163791e-02 4.582042357489396305e-03 9.960190965916835282e-01 4.434003829999999979e+00
9.965066498953795149e-01 4.594763037079971010e-03 -8.338695861416607624e-02 -3.111891749999999845e-01 -4.616593312161644189e-03 9.999893410973001995e-01 -6.897809416936059868e-05 -4.637487199999999754e-02 8.338575286269032938e-02 4.537008049965364671e-04 9.965172403802665668e-01 4.464758873000000072e+00
9.971931328302883202e-01 -2.814896125018082800e-05 -7.487225817184120502e-02 -3.131589000000000178e-01 2.659041064394181185e-04 9.999949544059754114e-01 3.165510637689683895e-03 -4.687672100000000314e-02 7.487179129098647801e-02 -3.176534310711664685e-03 9.971881088835004014e-01 4.494596481000000310e+00
9.979048770987910544e-01 3.839995313171097688e-03 -6.458413658508904698e-02 -3.145373759999999796e-01 -3.642341506616439666e-03 9.999883171717711683e-01 3.177871664865385051e-03 -4.750476800000000277e-02 6.459558507201396127e-02 -2.935976151810367526e-03 9.979072053218376315e-01 4.524213313999999819e+00
9.987276445838618733e-01 8.991409024332853994e-03 -4.962102888623293878e-02 -3.159232140000000078e-01 -8.879096171443941893e-03 9.999574963251696147e-01 2.483383634590712041e-03 -4.774040000000000228e-02 4.964124892817934481e-02 -2.039634000366032096e-03 9.987650305742562518e-01 4.552479266999999830e+00
9.994083739457304549e-01 1.397462278891821452e-02 -3.142629480321139368e-02 -3.167672160000000181e-01 -1.388162576226684500e-02 9.998986033359320569e-01 3.175454778249659025e-03 -4.805755200000000338e-02 3.146748406446364665e-02 -2.737328032915839569e-03 9.995010277542955013e-01 4.580837726999999582e+00
9.998808446835245611e-01 1.242663843750411480e-02 -9.158334570484675738e-03 -3.162461520000000026e-01 -1.239022182366127968e-02 9.999151477239043295e-01 4.022406672990153260e-03 -4.870065999999999978e-02 9.207542458324976045e-03 -3.908453584986429190e-03 9.999499713247919086e-01 4.608056545000000170e+00
9.998123653929860133e-01 9.126666823036231474e-03 1.708619208552890692e-02 -3.147358299999999942e-01 -9.207748930590165665e-03 9.999466895638697839e-01 4.672835315847209681e-03 -4.873375600000000307e-02 -1.704263380213036708e-02 -4.829283897132465725e-03 9.998431010164181565e-01 4.634463310000000114e+00
9.988631810346210171e-01 8.202245703519753239e-03 4.695815944877833326e-02 -3.125270609999999949e-01 -8.493869768517181562e-03 9.999458407641984570e-01 6.014126265368922863e-03 -4.892000900000000041e-02 -4.690628688942739821e-02 -6.406145783497456392e-03 9.988787521748809795e-01 4.660745621000000227e+00
9.967862241136957735e-01 7.801310567073837209e-03 7.972680208434995697e-02 -3.091725710000000071e-01 -8.464679687644419831e-03 9.999322846525365849e-01 7.985944361436278505e-03 -4.957765699999999720e-02 -7.965910252410973724e-02 -8.635141168182369764e-03 9.967847619832773676e-01 4.685856342000000119e+00
9.930260412873711529e-01 7.733725553588879052e-03 1.176412802301730759e-01 -3.050107959999999729e-01 -8.796964023109737213e-03 9.999249967373108339e-01 8.521403867036078661e-03 -4.987560600000000288e-02 -1.175665545514899407e-01 -9.496862058111135707e-03 9.930195943997988106e-01 4.710860251999999804e+00
9.873152970460008504e-01 7.666321460521006124e-03 1.585866694720303449e-01 -2.996172009999999997e-01 -9.131370891866129325e-03 9.999220827729595751e-01 8.511547956853191682e-03 -5.004187699999999850e-02 -1.585090605757356330e-01 -9.851695196796683707e-03 9.873083722004727392e-01 4.734824180999999577e+00
9.790553071491432391e-01 7.180084486669843086e-03 2.034678154644145864e-01 -2.929849030000000187e-01 -9.101108826703455806e-03 9.999223948263095130e-01 8.507299391841766784e-03 -5.037137900000000085e-02 -2.033909421808682561e-01 -1.018089935036261412e-02 9.790446741222774696e-01 4.758055210000000201e+00
9.673676985765892189e-01 9.287673427997850464e-03 2.532063878991365757e-01 -2.863488790000000006e-01 -1.134201608875875893e-02 9.999135326316449524e-01 6.654767550153749614e-03 -5.100608999999999699e-02 -2.531226865013792016e-01 -9.309478094882897917e-03 9.673893937789090902e-01 4.780730723999999654e+00
9.519641778657470521e-01 1.028220431224137130e-02 3.060367303688785734e-01 -2.774125339999999884e-01 -1.229304664631893432e-02 9.999136535733309517e-01 4.643964016262029475e-03 -5.202327300000000182e-02 -3.059625550039477559e-01 -8.183011188690549748e-03 9.520083787779086704e-01 4.802512646000000274e+00
9.323839094084097612e-01 1.074296474449906898e-02 3.613098866413548826e-01 -2.668398619999999832e-01 -1.223595003043972083e-02 9.999234366166779298e-01 1.844568118883398340e-03 -5.184518899999999986e-02 -3.612624074037359412e-01 -6.140815352302078124e-03 9.324439733215428294e-01 4.823523521000000258e+00
9.082794219805114810e-01 1.115674377933448258e-02 4.182152779071925397e-01 -2.555975320000000162e-01 -1.235996683550941166e-02 9.999235985182024500e-01 1.683633984617335932e-04 -5.221350500000000033e-02 -4.181814472529515325e-01 -5.322047975273749669e-03 9.083479250698907048e-01 4.842852591999999845e+00
8.791955466967648070e-01 1.154903806305146788e-02 4.763211210815610497e-01 -2.431170639999999938e-01 -1.208438845140515777e-02 9.999251009256455713e-01 -1.939096334137735888e-03 -5.229749499999999940e-02 -4.763078397678674469e-01 -4.051204593168454549e-03 8.792692588263345543e-01 4.862223625000000382e+00
8.456502804819900909e-01 9.768915992730997644e-03 5.336479845376148612e-01 -2.298047840000000119e-01 -9.438320998789325594e-03 9.999498516462442810e-01 -3.348475679747987994e-03 -5.305855699999999925e-02 -5.336539339473244103e-01 -2.205101580656964461e-03 8.457000746775203970e-01 4.879604340000000207e+00
8.095253386925397310e-01 9.795705983903734565e-03 5.870032113702664534e-01 -2.141313549999999954e-01 -7.980753453633769590e-03 9.999520172209618307e-01 -5.680742032653144855e-03 -5.296021000000000062e-02 -5.870306922036029329e-01 -8.602328842888468455e-05 8.095646725314493697e-01 4.895852566000000294e+00
7.694681615539494812e-01 8.386395754838795250e-03 6.386301094695020497e-01 -1.982659099999999897e-01 -7.008617559422424155e-03 9.999644555354766373e-01 -4.686890818372615314e-03 -5.346783299999999933e-02 -6.386467158254950371e-01 -8.695009377865554889e-04 7.694995882607269522e-01 4.911812782000000155e+00
7.276749124247011702e-01 8.094272117767375291e-03 6.858744087561418068e-01 -1.810734870000000052e-01 -8.761277175813056428e-03 9.999584799598764118e-01 -2.505669288263244303e-03 -5.386585399999999774e-02 -6.858662127922267038e-01 -4.185823123007238918e-03 7.277156154947006517e-01 4.925786972000000041e+00
6.825620642293868112e-01 7.109243141023464073e-03 7.307930535636474323e-01 -1.634215119999999910e-01 -7.966570089712122354e-03 9.999656511163831363e-01 -2.286995494888964444e-03 -5.411085899999999727e-02 -7.307842104451381937e-01 -4.260897716414822900e-03 6.825952552682492680e-01 4.939138888999999644e+00
6.366157844985080860e-01 5.427752052182140650e-03 7.711620338391985685e-01 -1.449340580000000045e-01 -4.621029732012620246e-03 9.999841274207199593e-01 -3.223505985305780315e-03 -5.474985400000000058e-02 -7.711672898999056835e-01 -1.511427894899182835e-03 6.366307615676087828e-01 4.950609207000000289e+00
5.903182042394643503e-01 3.104730320887386097e-03 8.071646538303871576e-01 -1.255824570000000084e-01 9.342447368870683815e-04 9.999893045290005889e-01 -4.529681487393173375e-03 -5.499191199999999696e-02 -8.071700842636981843e-01 3.428042771056995664e-03 5.903089899302687016e-01 4.960889339000000398e+00
5.434099722819112355e-01 5.321590521668338042e-03 8.394505838337906756e-01 -1.064478160000000007e-01 -1.131695093520311123e-03 9.999836420805419124e-01 -5.606677942402420005e-03 -5.553070499999999965e-02 -8.394666886129475980e-01 2.096722598297040899e-03 5.434071056432350222e-01 4.971143245999999571e+00
4.961646256896883878e-01 8.233915971591114491e-03 8.681894187572111177e-01 -8.668971100000000263e-02 -5.391252881468236099e-03 9.999649698729066172e-01 -6.402610361795362318e-03 -5.605372399999999922e-02 -8.682117245272488182e-01 -1.503879931937931406e-03 4.961916361029988787e-01 4.980621337999999731e+00
4.504515982729715984e-01 1.008759158869659660e-02 8.927438591831727832e-01 -6.658339500000000355e-02 -6.221390877920061555e-03 9.999473544686147131e-01 -8.159815363280338921e-03 -5.673847299999999760e-02 -8.927791730931390335e-01 -1.878506629839370601e-03 4.504906428595072398e-01 4.988985537999999664e+00
4.082434025499667163e-01 7.764812504746536510e-03 9.128400911228603531e-01 -4.577541400000000038e-02 1.153615847600112689e-03 9.999586374240597708e-01 -9.021785382836633102e-03 -5.691003099999999981e-02 -9.128723861772257697e-01 4.736151157208845844e-03 4.082175589404675176e-01 4.995654105999999928e+00
3.696840330408782127e-01 3.924355660482447411e-04 9.291574472116970185e-01 -2.418446499999999874e-02 1.653755569990322111e-02 9.998387270004035488e-01 -7.002088380273649437e-03 -5.689700699999999944e-02 -9.290103470716049028e-01 1.795455330937156119e-02 3.696179230629346169e-01 5.000408173000000289e+00
3.338467683203619196e-01 -3.509773981795607373e-03 9.426208234325439417e-01 -2.404690000000000126e-03 2.046918010469014546e-02 9.997842634622460256e-01 -3.526924878132284627e-03 -5.736328699999999892e-02 -9.424050869705087319e-01 2.047212787794522315e-02 3.338465875701842611e-01 5.006382464999999726e+00
3.004806239908626164e-01 5.733425074784127135e-04 9.537877467678177457e-01 1.904988300000000009e-02 1.721236190064862753e-02 9.998337116416239345e-01 -6.023592178686351661e-03 -5.797003199999999773e-02 -9.536325965506122770e-01 1.822691261029004556e-02 3.004207889824436206e-01 5.012232304000000305e+00
2.695480331320770362e-01 8.577944407663212756e-03 9.629487404344886370e-01 4.158067700000000338e-02 6.458909453943179578e-03 9.999217296355800144e-01 -1.071527373685680386e-02 -5.835726100000000055e-02 -9.629652851080846565e-01 9.107879683496548570e-03 2.694715313430650072e-01 5.018485068999999577e+00
2.410684546753316670e-01 1.262671748843357741e-02 9.704259715021619215e-01 6.376934099999999328e-02 2.817422978715160113e-03 9.999020423463558238e-01 -1.371013637224276910e-02 -5.915553900000000004e-02 -9.705040248696583660e-01 6.039181819896797393e-03 2.410092653711464195e-01 5.023626804000000057e+00
2.156097904056121506e-01 1.444798463371206251e-02 9.763727126570429515e-01 8.766317399999999649e-02 2.713817852961008560e-03 9.998778057469608349e-01 -1.539508906449500031e-02 -6.028463700000000203e-02 -9.764758335329704053e-01 5.969029625224153528e-03 2.155442349296873283e-01 5.027508735999999701e+00
1.922301353449351047e-01 1.572279066946991391e-02 9.812239137520202270e-01 1.117055420000000049e-01 9.786419649341786264e-03 9.997912133544026858e-01 -1.793754971500833087e-02 -6.095934699999999706e-02 -9.813010756417803737e-01 1.305080659941937511e-02 1.920361304322435458e-01 5.030603409000000248e+00
1.723623957882260138e-01 2.190286203266805093e-02 9.847900634921744611e-01 1.364574430000000116e-01 1.687910851804885759e-02 9.995402954928754857e-01 -2.518518178713340452e-02 -6.096683399999999753e-02 -9.848889786233669952e-01 2.096335662037294642e-02 1.719134592329181199e-01 5.033237933999999747e+00
1.526510878901228829e-01 2.858947865766138866e-02 9.878665330276377166e-01 1.618862150000000000e-01 1.895485998064734209e-02 9.993129168869649970e-01 -3.184976335830150274e-02 -6.097931399999999974e-02 -9.880983547446458015e-01 2.358677283879410252e-02 1.520042943405714997e-01 5.036323547000000289e+00
1.347632700035152065e-01 2.948049575101708425e-02 9.904391760366880737e-01 1.886057849999999980e-01 1.663578614983688558e-02 9.993491179223544796e-01 -3.200923502661357639e-02 -6.161106400000000011e-02 -9.907381650452030675e-01 2.079040350946449039e-02 1.341851237834399413e-01 5.039927958999999902e+00
1.194216969938982492e-01 2.500161646655606196e-02 9.925287791601595799e-01 2.160921100000000039e-01 1.500627432813230605e-02 9.995232410825524161e-01 -2.698337018644263521e-02 -6.288557499999999911e-02 -9.927302100862480660e-01 1.811655899692314262e-02 1.189895805195757550e-01 5.042853831999999592e+00
1.049128662652444172e-01 2.166276858688076165e-02 9.942454500520292449e-01 2.445740700000000045e-01 1.495597007123440104e-02 9.996152892018281833e-01 -2.335792270673424723e-02 -6.424714600000000497e-02 -9.943689503656272244e-01 1.732045181560465039e-02 1.045485174340795576e-01 5.045369147999999804e+00
9.159790578547682971e-02 1.926050204657289017e-02 9.956097913925057163e-01 2.742042539999999806e-01 1.692093491942691513e-02 9.996384710361109205e-01 -2.089519528597562001e-02 -6.512076399999999765e-02 -9.956523015677547495e-01 1.876060461447072794e-02 9.123888478785824319e-02 5.047666073000000253e+00
8.005945188366148102e-02 1.837425160832044380e-02 9.966207257738131098e-01 3.041758540000000233e-01 2.088678643432163862e-02 9.995796438692655661e-01 -2.010665846527857556e-02 -6.595411900000000549e-02 -9.965712349433606398e-01 2.242593231119844807e-02 7.964201933300552039e-02 5.049273491000000114e+00
