0.99997598 -0.00423911 0.00548353 0.01392821 0.00421746 0.99998329 0.00395340 0.00422786 -0.00550020 -0.00393018 0.99997715 -0.00893199
0.99997598 -0.00423911 0.00548353 0.01392821 0.00421746 0.99998329 0.00395340 0.00422786 -0.00550020 -0.00393018 0.99997715 -0.00893199
0.99992139 -0.00694135 0.01044183 0.02406848 0.00686096 0.99994670 0.00771513 0.00721237 -0.01049482 -0.00764288 0.99991572 -0.01530615
0.99985155 -0.00869899 0.01487297 0.03342760 0.00855783 0.99991798 0.00952839 0.01220042 -0.01495464 -0.00939970 0.99984399 -0.02117965
0.99978433 -0.00930834 0.01856447 0.04143585 0.00907313 0.99987801 0.01271396 0.01225664 -0.01868055 -0.01254278 0.99974683 -0.02658125
0.99973747 -0.01040027 0.02041643 0.05080241 0.01015242 0.99987396 0.01220653 0.01708430 -0.02054081 -0.01199605 0.99971704 -0.03229573
0.99971456 -0.01105496 0.02117966 0.06047747 0.01081538 0.99987661 0.01139302 0.02141926 -0.02130299 -0.01116070 0.99971077 -0.03802712
0.99971052 -0.01159962 0.02107909 0.06973176 0.01143928 0.99990483 0.00771138 0.02968732 -0.02116653 -0.00746802 0.99974807 -0.04324492
0.99973507 -0.01118848 0.02011489 0.07823754 0.01110161 0.99992858 0.00442555 0.03530754 -0.02016296 -0.00420107 0.99978788 -0.04810513
0.99977491 -0.01026069 0.01857017 0.08615695 0.01026682 0.99994727 -0.00023510 0.04226100 -0.01856678 0.00042570 0.99982753 -0.05231334
0.99982340 -0.00898386 0.01650636 0.09302508 0.00907877 0.99994263 -0.00568402 0.04898868 -0.01645435 0.00583287 0.99984760 -0.05645411
0.99987034 -0.00718531 0.01441111 0.09766275 0.00735488 0.99990394 -0.01174833 0.05544196 -0.01432531 0.01185280 0.99982713 -0.05995018
0.99992856 -0.00541791 0.01065443 0.10490394 0.00561859 0.99980566 -0.01889626 0.06283385 -0.01054998 0.01895477 0.99976468 -0.06390793
0.99997146 -0.00310863 0.00688626 0.11024941 0.00329105 0.99963970 -0.02663920 0.07018416 -0.00680096 0.02666111 0.99962139 -0.06693777
0.99999733 -0.00089487 0.00213050 0.11659756 0.00096967 0.99937370 -0.03537338 0.07874488 -0.00209751 0.03537535 0.99937190 -0.07001238
0.99999442 0.00161277 -0.00292717 0.12229635 -0.00174210 0.99899750 -0.04473220 0.08727697 0.00285209 0.04473705 0.99899473 -0.07286430
0.99995591 0.00419556 -0.00840107 0.12749717 -0.00464542 0.99851573 -0.05426566 0.09511863 0.00816093 0.05430230 0.99849119 -0.07532308
0.99986817 0.00670414 -0.01478812 0.13433430 -0.00764834 0.99787253 -0.06474507 0.10421589 0.01432260 0.06484964 0.99779226 -0.07801441
0.99973602 0.00922115 -0.02104412 0.13956875 -0.01078433 0.99709356 -0.07541975 0.11292747 0.02028750 0.07562679 0.99692979 -0.07961210
0.99957144 0.01158825 -0.02688194 0.14226788 -0.01388114 0.99613425 -0.08674022 0.12112306 0.02577286 0.08707620 0.99586821 -0.08159345
0.99937181 0.01400333 -0.03255590 0.14452192 -0.01711716 0.99509565 -0.09742510 0.12853408 0.03103195 0.09792116 0.99471024 -0.08332443
0.99909220 0.01568776 -0.03960638 0.14975880 -0.01995162 0.99376812 -0.10966699 0.13857979 0.03763913 0.11035764 0.99317898 -0.08542429
0.99879938 0.01781285 -0.04563437 0.15198834 -0.02323686 0.99235217 -0.12123206 0.14733392 0.04312588 0.12214691 0.99157465 -0.08636876
0.99842885 0.01982654 -0.05240936 0.15593819 -0.02665882 0.99074881 -0.13306431 0.15657791 0.04928631 0.13425242 0.98972074 -0.08710048
0.99801974 0.02119948 -0.05922140 0.16050103 -0.02964265 0.98890681 -0.14554941 0.16705194 0.05547887 0.14701666 0.98757693 -0.08809333
0.99756154 0.02279744 -0.06596401 0.16507514 -0.03298615 0.98692680 -0.15775740 0.17756723 0.06150518 0.15954861 0.98527222 -0.08854310
0.99712215 0.02400351 -0.07191136 0.16808419 -0.03592230 0.98490198 -0.16934486 0.18613338 0.06676077 0.17144073 0.98292984 -0.08951216
0.99665460 0.02481237 -0.07787142 0.17165460 -0.03861437 0.98270783 -0.18109185 0.19559762 0.07203153 0.18349298 0.98037839 -0.09010413
0.99619960 0.02557328 -0.08326084 0.17439432 -0.04127575 0.98038230 -0.19273522 0.20545834 0.07669858 0.19543941 0.97771201 -0.09012110
0.99576385 0.02574528 -0.08826966 0.17699552 -0.04339093 0.97795595 -0.20425325 0.21534911 0.08106528 0.20721811 0.97493029 -0.08997352
0.99530481 0.02589088 -0.09326303 0.18115279 -0.04557252 0.97542629 -0.21556134 0.22604235 0.08539014 0.21879948 0.97202640 -0.08990332
0.99497337 0.02596930 -0.09671398 0.18170416 -0.04735806 0.97298783 -0.22594666 0.23505132 0.08823385 0.22939110 0.96932683 -0.08936632
0.99462284 0.02595547 -0.10025824 0.18464971 -0.04915672 0.97040158 -0.23644108 0.24594556 0.09115382 0.24009806 0.96645947 -0.08855259
0.99435393 0.02537118 -0.10303668 0.18720061 -0.05017961 0.96799442 -0.24590405 0.25480998 0.09350005 0.24968600 0.96380218 -0.08846025
0.99414396 0.02520367 -0.10508358 0.18929075 -0.05141327 0.96562717 -0.25479567 0.26419610 0.09504977 0.25870627 0.96126823 -0.08764314
0.99398317 0.02443866 -0.10677175 0.19232309 -0.05202539 0.96315335 -0.26387303 0.27485356 0.09638887 0.26784020 0.95862966 -0.08645030
0.99395819 0.02369352 -0.10717148 0.19393931 -0.05220530 0.96095725 -0.27172739 0.28423497 0.09654904 0.27568058 0.95638826 -0.08518521
0.99398045 0.02272136 -0.10717560 0.19713593 -0.05203053 0.95879866 -0.27928115 0.29436865 0.09641418 0.28317640 0.95420932 -0.08408944
0.99406093 0.02162203 -0.10665529 0.20136590 -0.05153984 0.95671880 -0.28641366 0.30553669 0.09584628 0.29020963 0.95215118 -0.08290463
0.99422879 0.02049978 -0.10530372 0.20573328 -0.05072648 0.95474337 -0.29307323 0.31688252 0.09453009 0.29672353 0.95027323 -0.08165206
0.99452093 0.01924903 -0.10275017 0.20860447 -0.04927089 0.95319186 -0.29832475 0.32587394 0.09219816 0.30175280 0.94891767 -0.08110928
0.99488384 0.01804314 -0.09940118 0.21144532 -0.04752734 0.95183159 -0.30291545 0.33430663 0.08914764 0.30608996 0.94781941 -0.08033232
0.99529596 0.01690632 -0.09539464 0.21440405 -0.04559152 0.95054693 -0.30721645 0.34233838 0.08548318 0.31012048 0.94684630 -0.07889581
0.99570814 0.01585736 -0.09118026 0.21872529 -0.04364591 0.94923011 -0.31154010 0.35216120 0.08161085 0.31418266 0.94584826 -0.07744481
0.99614649 0.01471937 -0.08646102 0.22278807 -0.04136885 0.94811852 -0.31521404 0.36126927 0.07733555 0.31757615 0.94507386 -0.07622304
0.99659970 0.01344787 -0.08129078 0.22741084 -0.03874792 0.94718244 -0.31834576 0.36940843 0.07271613 0.32041314 0.94448281 -0.07499548
0.99705379 0.01243579 -0.07569072 0.23219602 -0.03620894 0.94621350 -0.32151037 0.37833735 0.06762135 0.32330381 0.94387605 -0.07350554
0.99751657 0.01125089 -0.06952772 0.23619585 -0.03326748 0.94536508 -0.32431179 0.38648674 0.06208028 0.32581940 0.94339162 -0.07195759
0.99790383 0.00997605 -0.06394074 0.24413526 -0.03042041 0.94438972 -0.32741817 0.39654499 0.05711864 0.32867695 0.94271360 -0.07152767
0.99829664 0.00863567 -0.05769967 0.25038442 -0.02723826 0.94357214 -0.33004500 0.40537143 0.05159364 0.33105445 0.94220011 -0.07006234
0.99869187 0.00742834 -0.05059015 0.25447756 -0.02387240 0.94267971 -0.33284392 0.41451111 0.04521783 0.33361623 0.94162390 -0.06720413
0.99901581 0.00621627 -0.04391781 0.26102605 -0.02061880 0.94173331 -0.33572792 0.42419958 0.03927189 0.33630304 0.94093463 -0.06571638
0.99930149 0.00533643 -0.03698711 0.26731241 -0.01750958 0.94124695 -0.33726486 0.43001983 0.03301421 0.33767691 0.94068292 -0.06502067
0.99953614 0.00395986 -0.03019639 0.27449512 -0.01396172 0.94076170 -0.33878090 0.43477547 0.02706608 0.33904535 0.94038060 -0.06498537
0.99972966 0.00287356 -0.02307259 0.28099930 -0.01057371 0.93997180 -0.34108827 0.44139808 0.02070744 0.34124003 0.93974808 -0.06309485
0.99986087 0.00201346 -0.01655842 0.28914878 -0.00759052 0.93887280 -0.34418054 0.45027810 0.01485325 0.34425834 0.93875747 -0.06042881
0.99995063 0.00099018 -0.00988704 0.29684031 -0.00435447 0.93805674 -0.34645432 0.45629588 0.00893155 0.34648027 0.93801474 -0.05995060
0.99999399 -0.00036109 -0.00344682 0.30547714 -0.00086631 0.93694037 -0.34948818 0.46286163 0.00335566 0.34948907 0.93693443 -0.05958910
0.99999383 -0.00133288 0.00325013 0.31235200 0.00239167 0.93599176 -0.35201379 0.46670914 -0.00257290 0.35201939 0.93598917 -0.05847175
0.99996115 -0.00208146 0.00856529 0.32327002 0.00498942 0.93472183 -0.35534519 0.47291225 -0.00726652 0.35537412 0.93469590 -0.05734442
0.99989983 -0.00280228 0.01387369 0.33315378 0.00760322 0.93311372 -0.35950101 0.47931117 -0.01193830 0.35957048 0.93304156 -0.05629781
0.99980181 -0.00310300 0.01966507 0.34077135 0.01004041 0.93154864 -0.36347809 0.48391283 -0.01719110 0.36360350 0.93139517 -0.05466282
0.99967725 -0.00346709 0.02516696 0.34953502 0.01249476 0.92964562 -0.36824300 0.48896882 -0.02211962 0.36843860 0.92938890 -0.05209463
0.99953316 -0.00361281 0.03033818 0.35793829 0.01466239 0.92788595 -0.37257574 0.49266514 -0.02680433 0.37284664 0.92750575 -0.05125648
0.99939728 -0.00460616 0.03440741 0.37015679 0.01726816 0.92579407 -0.37763363 0.49728179 -0.03011473 0.37800017 0.92531561 -0.05199773
0.99926113 -0.00503690 0.03810275 0.38220888 0.01925078 0.92364688 -0.38276083 0.50117916 -0.03326556 0.38321152 0.92306139 -0.05294112
0.99911938 -0.00526577 0.04162610 0.39469343 0.02103802 0.92124185 -0.38842098 0.50628889 -0.03630236 0.38895466 0.92054137 -0.05252439
0.99891459 -0.00520617 0.04628759 0.40242413 0.02301838 0.91908915 -0.39337677 0.50744534 -0.04049443 0.39401526 0.91821140 -0.05247020
0.99874466 -0.00490539 0.04985023 0.41352817 0.02442939 0.91651529 -0.39925296 0.51159632 -0.04373001 0.39996957 0.91548459 -0.05201443
0.99854087 -0.00451111 0.05381248 0.42267793 0.02596656 0.91384782 -0.40522574 0.51502454 -0.04734840 0.40603179 0.91263153 -0.04993425
0.99838724 -0.00479744 0.05656771 0.43485287 0.02768252 0.91107351 -0.41131343 0.51835936 -0.04956409 0.41221602 0.90973697 -0.05092540
0.99820442 -0.00452799 0.05972799 0.44554093 0.02905206 0.90860199 -0.41665142 0.51896179 -0.05238237 0.41763851 0.90710207 -0.05333368
0.99807206 -0.00456318 0.06189787 0.45899609 0.03035026 0.90580532 -0.42260572 0.52156061 -0.05413899 0.42366957 0.90419747 -0.05539998
0.99786735 -0.00456035 0.06511491 0.46821660 0.03211707 0.90275223 -0.42896025 0.52406108 -0.05682642 0.43013673 0.90097345 -0.05602593
0.99769775 -0.00413129 0.06769138 0.47851735 0.03319057 0.90017880 -0.43425398 0.52328104 -0.05914031 0.43550094 0.89824348 -0.05847777
0.99750954 -0.00392346 0.07042246 0.48862609 0.03460953 0.89721018 -0.44024546 0.52491540 -0.06145646 0.44158634 0.89511151 -0.05821821
0.99744009 -0.00369044 0.07141179 0.50424761 0.03533050 0.89368972 -0.44729234 0.53111374 -0.06216927 0.44867033 0.89153234 -0.05949579
0.99724304 -0.00337349 0.07412785 0.51302487 0.03664776 0.89102470 -0.45247312 0.53132963 -0.06452333 0.45394229 0.88869181 -0.06220858
0.99700793 -0.00262527 0.07725471 0.51976842 0.03780214 0.88831960 -0.45766723 0.53072745 -0.06742537 0.45921825 0.88576093 -0.06472187
0.99684172 -0.00201913 0.07938834 0.52984893 0.03867081 0.88548826 -0.46304979 0.53200662 -0.06936249 0.46465736 0.88276972 -0.06719363
0.99668639 -0.00142523 0.08132780 0.53973752 0.03943853 0.88292580 -0.46785322 0.53115124 -0.07113961 0.46951039 0.88005633 -0.07113194
0.99659756 -0.00153526 0.08240719 0.55226713 0.04031162 0.88116060 -0.47109550 0.52714628 -0.07189071 0.47281459 0.87822439 -0.08007114
0.99641480 -0.00089327 0.08459760 0.56036919 0.04118891 0.87855712 -0.47585803 0.52833349 -0.07389876 0.47763646 0.87544411 -0.08341620
0.99628834 -0.00070301 0.08607586 0.57088870 0.04210604 0.87614667 -0.48020215 0.52889854 -0.07507749 0.48204411 0.87292431 -0.08980049
0.99609771 -0.00028018 0.08825683 0.57927203 0.04315394 0.87385010 -0.48427652 0.52867657 -0.07698755 0.48619536 0.87045217 -0.09443880
0.99590623 0.00048508 0.09039108 0.58585536 0.04383575 0.87193773 -0.48765052 0.52791119 -0.07905194 0.48961655 0.86834695 -0.09726661
0.99575361 0.00093208 0.09205364 0.59466189 0.04463691 0.86964949 -0.49164755 0.53084499 -0.08051265 0.49366881 0.86591502 -0.10094938
0.99551105 0.00131854 0.09463616 0.59949660 0.04583304 0.86812261 -0.49422917 0.52983201 -0.08280745 0.49634807 0.86416522 -0.10623571
0.99534957 0.00118855 0.09632149 0.60725349 0.04697595 0.86697681 -0.49612950 0.52878612 -0.08409818 0.49834707 0.86288915 -0.11238005
0.99506046 0.00160750 0.09925772 0.61051226 0.04826106 0.86592401 -0.49784182 0.52740276 -0.08674993 0.50017299 0.86156917 -0.11798536
0.99482280 0.00195736 0.10160590 0.61497879 0.04927423 0.86513656 -0.49910998 0.52706677 -0.08887992 0.50153255 0.86056113 -0.12406562
0.99467267 0.00217326 0.10306097 0.62308300 0.04989515 0.86470976 -0.49978745 0.52612883 -0.09020399 0.50226716 0.85999473 -0.13249369
0.99442337 0.00224582 0.10543775 0.62708318 0.05108711 0.86438236 -0.50023319 0.52612394 -0.09226196 0.50283008 0.85944729 -0.13927694
0.99423961 0.00233128 0.10715489 0.63395011 0.05189185 0.86430505 -0.50028394 0.52651978 -0.09378082 0.50296257 0.85920534 -0.14714877
0.99403323 0.00195822 0.10906010 0.63811660 0.05310171 0.86467136 -0.49952343 0.52613038 -0.09527932 0.50233416 0.85940808 -0.15417659
0.99376525 0.00181356 0.11147797 0.64111733 0.05426889 0.86555857 -0.49785867 0.52440679 -0.09739361 0.50080443 0.86006361 -0.16400304
0.99368514 0.00130168 0.11219690 0.64975917 0.05485477 0.86665538 -0.49588245 0.52375132 -0.09788153 0.49890556 0.86111117 -0.17250612
0.99345438 0.00100338 0.11422520 0.65248317 0.05579203 0.86831285 -0.49286920 0.52124786 -0.09967775 0.49601592 0.86257322 -0.18307303
0.99333475 0.00065615 0.11526339 0.65875685 0.05619619 0.87033080 -0.48925073 0.51868141 -0.10063830 0.49246712 0.86449296 -0.19404671
0.99300434 0.00026343 0.11807759 0.65785480 0.05744863 0.87258294 -0.48507594 0.51573253 -0.10316027 0.48846591 0.86646351 -0.20432948
0.99274906 -0.00008488 0.12020522 0.65924066 0.05828819 0.87490622 -0.48077186 0.51422280 -0.10512748 0.48429236 0.86856728 -0.21397562
0.99242676 -0.00034128 0.12283737 0.65819055 0.05925172 0.87730119 -0.47626869 0.51264232 -0.10760283 0.47994011 0.87067739 -0.22236808
0.99233194 -0.00079344 0.12359890 0.66355389 0.05935156 0.88020801 -0.47086224 0.50978065 -0.10841914 0.47458743 0.87350562 -0.23369376
0.99214885 -0.00146896 0.12505397 0.66522932 0.05997374 0.88304265 -0.46544477 0.50802672 -0.10974427 0.46929045 0.87619785 -0.24370813
0.99189727 -0.00250458 0.12701784 0.66530436 0.06108266 0.88605923 -0.45953015 0.50688410 -0.11139440 0.46356529 0.87903271 -0.25385800
0.99182733 -0.00313974 0.12754880 0.67014295 0.06118238 0.88896230 -0.45387526 0.50700414 -0.11196102 0.45796962 0.88188920 -0.26400027
0.99168240 -0.00411022 0.12864336 0.67239267 0.06179805 0.89195102 -0.44788881 0.50667322 -0.11290266 0.45211336 0.88478613 -0.27527523
0.99162143 -0.00549891 0.12906081 0.67677933 0.06250781 0.89476180 -0.44214713 0.50830519 -0.11304736 0.44650988 0.88760871 -0.28497514
0.99148331 -0.00625223 0.13008363 0.67813772 0.06265590 0.89855310 -0.43436916 0.50320476 -0.11417127 0.43882028 0.89129214 -0.29824734
0.99141331 -0.00691193 0.13058284 0.68111807 0.06258302 0.90189124 -0.42740560 0.50127459 -0.11481732 0.43190787 0.89457955 -0.30955145
0.99146786 -0.00821147 0.13009252 0.68835914 0.06274356 0.90485548 -0.42106982 0.50355083 -0.11425733 0.42563966 0.89765034 -0.32080010
0.99134297 -0.00893537 0.13099343 0.68928051 0.06292842 0.90796199 -0.41430067 0.50291747 -0.11523513 0.41895726 0.90066402 -0.33147365
0.99116961 -0.00954537 0.13225617 0.68847299 0.06314641 0.91102497 -0.40748747 0.50204688 -0.11659906 0.41224069 0.90358302 -0.34074959
0.99106857 -0.01026872 0.13295730 0.69033372 0.06319390 0.91413787 -0.40044785 0.50160682 -0.11742922 0.40527337 0.90662223 -0.34978560
0.99103956 -0.01169830 0.13305540 0.69425160 0.06363093 0.91720452 -0.39330265 0.50106269 -0.11743804 0.39824492 0.90973034 -0.36018488
0.99111325 -0.01311239 0.13237291 0.70069605 0.06372106 0.92032326 -0.38593357 0.49990904 -0.11676535 0.39093882 0.91298011 -0.37305546
0.99129434 -0.01402210 0.13091565 0.71091795 0.06306665 0.92339351 -0.37863839 0.49922258 -0.11557736 0.38359850 0.91623909 -0.38552874
0.99134978 -0.01524221 0.13035832 0.71709520 0.06297010 0.92668664 -0.37052212 0.49514511 -0.11515373 0.37552570 0.91963040 -0.39834949
0.99138819 -0.01619204 0.12995104 0.72261387 0.06273403 0.92977527 -0.36274286 0.49230576 -0.11495172 0.36777134 0.92278402 -0.40861017
0.99135006 -0.01716975 0.13011629 0.72560215 0.06290096 0.93228323 -0.35621826 0.49298933 -0.11518906 0.36132143 0.92529903 -0.41325486
0.99119120 -0.01796806 0.13121418 0.72561997 0.06308440 0.93519208 -0.34847688 0.48850816 -0.11644901 0.35368478 0.92808766 -0.41994864
0.99100855 -0.01875332 0.13247777 0.72482008 0.06324443 0.93818921 -0.34029568 0.48259208 -0.11790754 0.34561441 0.93093957 -0.42851970
0.99104073 -0.02005346 0.13204592 0.73102885 0.06343557 0.94070602 -0.33323883 0.48090973 -0.11753380 0.33862966 0.93355008 -0.43458897
0.99102420 -0.02121086 0.13198916 0.73600924 0.06357775 0.94330732 -0.32577473 0.47720587 -0.11759638 0.33124222 0.93618892 -0.44062063
0.99104513 -0.02236282 0.13164142 0.74258250 0.06360553 0.94590117 -0.31815925 0.47219419 -0.11740483 0.32368329 0.93885315 -0.44660345
0.99083202 -0.02316046 0.13309956 0.74257642 0.06375928 0.94874198 -0.30955355 0.46288359 -0.11910774 0.31520190 0.94152064 -0.45055738
0.99086028 -0.02454395 0.13264053 0.74998689 0.06397558 0.95118878 -0.30190568 0.45681310 -0.11875622 0.30763210 0.94406539 -0.45423016
0.99067882 -0.02577738 0.13375727 0.75159967 0.06446579 0.95373131 -0.29366775 0.44808111 -0.11999851 0.29955318 0.94650317 -0.45643967
0.99069215 -0.02712758 0.13339102 0.75884813 0.06467354 0.95607673 -0.28589268 0.44063321 -0.11977648 0.29185850 0.94893214 -0.45882413
0.99048612 -0.02842602 0.13464478 0.76066291 0.06535105 0.95822723 -0.27844175 0.43259925 -0.12110530 0.28459187 0.95096844 -0.45761955
0.99023236 -0.02975018 0.13621602 0.76152796 0.06603670 0.96051497 -0.27027790 0.42210048 -0.12279671 0.27663317 0.95309761 -0.45734921
0.98996589 -0.03084136 0.13789975 0.76265723 0.06650955 0.96273296 -0.26214830 0.41134992 -0.12467562 0.26868952 0.95512404 -0.45544657
0.98985502 -0.03233948 0.13835170 0.76810306 0.06710573 0.96471084 -0.25461701 0.40239620 -0.12523520 0.26131812 0.95709403 -0.45240211
0.98957722 -0.03370688 0.14000277 0.77048278 0.06786522 0.96664600 -0.24696118 0.39226377 -0.12700882 0.25388848 0.95885838 -0.44897678
0.98933629 -0.03495102 0.14139356 0.77269554 0.06839931 0.96856468 -0.23917355 0.38153729 -0.12858945 0.24629429 0.96062681 -0.44446597
0.98922635 -0.03664978 0.14173219 0.77942103 0.06921142 0.97020642 -0.23218371 0.37271068 -0.12899999 0.23949174 0.96229035 -0.43975535
0.98894488 -0.03805489 0.14331731 0.78169197 0.07005730 0.97174512 -0.22539610 0.36371565 -0.13069047 0.23294474 0.96366838 -0.43355116
0.98874178 -0.03941681 0.14434682 0.78680545 0.07065231 0.97335259 -0.21815817 0.35340616 -0.13190125 0.22590053 0.96517926 -0.42958391
0.98840644 -0.04080466 0.14624529 0.78875148 0.07154503 0.97473994 -0.21157354 0.34435722 -0.13391794 0.21958377 0.96635860 -0.42222542
0.98818492 -0.04228990 0.14731641 0.79446560 0.07240869 0.97596596 -0.20554177 0.33694211 -0.13508346 0.21378026 0.96749701 -0.41572633
0.98791036 -0.04375335 0.14872376 0.79915339 0.07330323 0.97716248 -0.19944956 0.32875928 -0.13660069 0.20794022 0.96855620 -0.40994477
0.98762987 -0.04529767 0.15011786 0.80397552 0.07429939 0.97825684 -0.19363147 0.32101163 -0.13808277 0.20238989 0.96952126 -0.40337875
0.98725326 -0.04676896 0.15213043 0.80647701 0.07538576 0.97923838 -0.18817329 0.31343424 -0.14017128 0.19724316 0.97028199 -0.39794636
0.98682125 -0.04799202 0.15453348 0.80932081 0.07628018 0.98020561 -0.18269730 0.30627799 -0.14270657 0.19207741 0.97094856 -0.39148283
0.98646682 -0.04944874 0.15632670 0.81357062 0.07740312 0.98095547 -0.17814354 0.30086288 -0.14454056 0.18783286 0.97150751 -0.38589713
0.98621958 -0.05074407 0.15746736 0.82135570 0.07831360 0.98159881 -0.17415726 0.29729852 -0.14573233 0.18408914 0.97204592 -0.38092464
0.98576468 -0.05208633 0.15985936 0.82548028 0.07949819 0.98219824 -0.17019591 0.29365757 -0.14814871 0.18048164 0.97235710 -0.37626079
0.98533843 -0.05333780 0.16205945 0.82952356 0.08071165 0.98258984 -0.16734046 0.29219174 -0.15031240 0.17796707 0.97248851 -0.36940902
0.98476822 -0.05453996 0.16509676 0.83138269 0.08194776 0.98304193 -0.16405219 0.28908578 -0.15334964 0.17508269 0.97253789 -0.36480328
0.98442111 -0.05557601 0.16681245 0.83852732 0.08295475 0.98330716 -0.16194301 0.28944227 -0.15502773 0.17325800 0.97259862 -0.35974097
0.98393174 -0.05663614 0.16932421 0.84342301 0.08414073 0.98353071 -0.15996150 0.28970525 -0.15747596 0.17163826 0.97249248 -0.35571945
0.98368891 -0.05745932 0.17045397 0.85371417 0.08505772 0.98355681 -0.15931473 0.29422551 -0.15849705 0.17121456 0.97240129 -0.34964144
0.98336424 -0.05837254 0.17200993 0.86245966 0.08603996 0.98367264 -0.15806728 0.29645959 -0.15997467 0.17023743 0.97233087 -0.34645841
0.98274512 -0.05908751 0.17527323 0.86538917 0.08709359 0.98380321 -0.15667145 0.29747170 -0.16317704 0.16923328 0.97197395 -0.34326375
0.98222627 -0.05983355 0.17790870 0.87042266 0.08821901 0.98377907 -0.15619266 0.30156186 -0.16567729 0.16911147 0.97157210 -0.33944002
0.98174606 -0.06070703 0.18024797 0.87767321 0.08939586 0.98377056 -0.15557591 0.30546668 -0.16787810 0.16884946 0.97123983 -0.33729896
0.98138512 -0.06136692 0.18198170 0.88616055 0.09046139 0.98358070 -0.15615936 0.31212917 -0.16941067 0.16971479 0.97082280 -0.33232525
0.98094669 -0.06211257 0.18408047 0.89444578 0.09158411 0.98347044 -0.15619938 0.31791130 -0.17133576 0.17008211 0.97042060 -0.33001167
0.98067929 -0.06280172 0.18526755 0.90565318 0.09253096 0.98333968 -0.15646435 0.32392859 -0.17235470 0.17058433 0.97015197 -0.32939920
0.98014546 -0.06349903 0.18783701 0.91177195 0.09373413 0.98318145 -0.15674233 0.33016470 -0.17472488 0.17123702 0.96961286 -0.32799786
0.97965058 -0.06394696 0.19025124 0.91820455 0.09481505 0.98289970 -0.15785529 0.33903834 -0.17690352 0.17268171 0.96896139 -0.32477322
0.97918438 -0.06436570 0.19249677 0.92496073 0.09584241 0.98262113 -0.15896523 0.34777167 -0.17891948 0.17410562 0.96833623 -0.32122880
0.97859223 -0.06464283 0.19539331 0.92942816 0.09678830 0.98240376 -0.15973378 0.35543263 -0.18162948 0.17522602 0.96762936 -0.31811431
0.97821447 -0.06493223 0.19718076 0.93738574 0.09756368 0.98218979 -0.16057567 0.36387300 -0.18324239 0.17631512 0.96712729 -0.31720582
0.97758453 -0.06539022 0.20013148 0.94067776 0.09877997 0.98188465 -0.16169429 0.37338480 -0.18593281 0.17783881 0.96633449 -0.31476495
0.97717572 -0.06578154 0.20199110 0.94833505 0.09963736 0.98169596 -0.16231281 0.38176042 -0.18761665 0.17873399 0.96584375 -0.31507176
0.97709558 -0.06605199 0.20229029 0.96105236 0.10022341 0.98141540 -0.16364313 0.39291498 -0.18772185 0.18016921 0.96555661 -0.31447136
0.97697230 -0.06656659 0.20271657 0.97281152 0.10093741 0.98124171 -0.16424475 0.40223002 -0.18798074 0.18092426 0.96536504 -0.31601465
0.97671348 -0.06663059 0.20393905 0.98177445 0.10133377 0.98111375 -0.16476429 0.41192973 -0.18910906 0.18159342 0.96501896 -0.31627128
0.97670351 -0.06690402 0.20389729 0.99370670 0.10178737 0.98090609 -0.16571834 0.42335564 -0.18891688 0.18261186 0.96486441 -0.31585026
0.97612290 -0.06712428 0.20658754 0.99436158 0.10249148 0.98085764 -0.16557107 0.43117175 -0.19151913 0.18279117 0.96431728 -0.31386617
0.97585036 -0.06734387 0.20780011 1.00056314 0.10308127 0.98067902 -0.16626157 0.44333541 -0.19258851 0.18366671 0.96393786 -0.31152841
0.97552186 -0.06741631 0.20931350 1.00457847 0.10334552 0.98073406 -0.16577213 0.45232666 -0.19410513 0.18334595 0.96369469 -0.31151956
0.97546850 -0.06764210 0.20948927 1.01368475 0.10355708 0.98075286 -0.16552871 0.46430585 -0.19426049 0.18316214 0.96369834 -0.31153923
0.97562004 -0.06769493 0.20876527 1.02420032 0.10336318 0.98086453 -0.16498734 0.47533754 -0.19360164 0.18254359 0.96394826 -0.31193584
0.97572802 -0.06790501 0.20819161 1.03324676 0.10333894 0.98097292 -0.16435690 0.48765939 -0.19306968 0.18188193 0.96417999 -0.31171000
0.97564042 -0.06823868 0.20849280 1.03811932 0.10333226 0.98130509 -0.16236612 0.49686939 -0.19351539 0.17995498 0.96445217 -0.31333652
0.97563268 -0.06848671 0.20844769 1.04325509 0.10306209 0.98175162 -0.15981851 0.50520730 -0.19369841 0.17740722 0.96488735 -0.31381461
0.97598748 -0.06909367 0.20657810 1.05385339 0.10291782 0.98209974 -0.15775939 0.51707959 -0.19198012 0.17523175 0.96562802 -0.31305414
0.97608064 -0.06918364 0.20610725 1.05771351 0.10230703 0.98265668 -0.15465805 0.52545273 -0.19183286 0.17204495 0.96623014 -0.31254399
0.97642893 -0.06980396 0.20423992 1.06644797 0.10190537 0.98324558 -0.15114044 0.53434551 -0.19026780 0.16839104 0.96718283 -0.31371087
0.97697533 -0.07002072 0.20153487 1.07781076 0.10121627 0.98365789 -0.14890407 0.54785103 -0.18781500 0.16587421 0.96809673 -0.31184924
0.97723708 -0.07043022 0.20011813 1.08413506 0.10068809 0.98425248 -0.14528927 0.55776304 -0.18673401 0.16213158 0.96893950 -0.31212360
0.97760066 -0.07054109 0.19829501 1.09180963 0.09980006 0.98487160 -0.14166111 0.56763089 -0.18530220 0.15827785 0.96985113 -0.31192902
0.97776135 -0.07076677 0.19742037 1.09632456 0.09901834 0.98559385 -0.13711360 0.57486498 -0.18487322 0.15361261 0.97068278 -0.31357685
0.97807615 -0.07092737 0.19579671 1.10352373 0.09826101 0.98614974 -0.13361686 0.58502537 -0.18360779 0.14992665 0.97149894 -0.31234422
0.97842163 -0.07160419 0.19381424 1.11296141 0.09796933 0.98665468 -0.13005599 0.59575671 -0.18191517 0.14623744 0.97237929 -0.31195205
0.97868160 -0.07237494 0.19220872 1.12228608 0.09780115 0.98716293 -0.12627070 0.60573262 -0.18060249 0.14237704 0.97319655 -0.31304955
0.97859203 -0.07329097 0.19231763 1.12552798 0.09788705 0.98773177 -0.12167197 0.61209315 -0.18104078 0.13789263 0.97376068 -0.31442210
0.97857681 -0.07414017 0.19206944 1.13111246 0.09792855 0.98823607 -0.11747114 0.61986363 -0.18110061 0.13376361 0.97432534 -0.31603259
0.97851605 -0.07494609 0.19206618 1.13598835 0.09813375 0.98859916 -0.11419921 0.62911880 -0.18131768 0.13059394 0.97471489 -0.31614468
0.97830550 -0.07547053 0.19293145 1.13952327 0.09835185 0.98883988 -0.11190442 0.64022118 -0.18233282 0.12845187 0.97481017 -0.31322360
0.97812234 -0.07612593 0.19360146 1.14629543 0.09854390 0.98915356 -0.10892352 0.64818096 -0.18320967 0.12561877 0.97501494 -0.31369385
0.97767671 -0.07686251 0.19555153 1.14991593 0.09899368 0.98942304 -0.10602973 0.65569741 -0.18533348 0.12302117 0.97494477 -0.31541300
0.97691318 -0.07793809 0.19891276 1.15075004 0.10008214 0.98954953 -0.10380413 0.66418505 -0.18874373 0.12131524 0.97450419 -0.31615448
0.97638619 -0.07937166 0.20092324 1.15785229 0.10153874 0.98953429 -0.10252693 0.67426819 -0.19068270 0.12050737 0.97422691 -0.31622231
0.97545012 -0.08093788 0.20480751 1.15948999 0.10321566 0.98956616 -0.10052533 0.68086600 -0.19453428 0.11919678 0.97362649 -0.31807736
0.97435971 -0.08291744 0.20915987 1.16098845 0.10540095 0.98951661 -0.09872949 0.68719506 -0.19878077 0.11824369 0.97288470 -0.32175651
0.97340731 -0.08492888 0.21275641 1.16642439 0.10777485 0.98931607 -0.09817481 0.69642055 -0.20214546 0.11849387 0.97216069 -0.32309130
0.97238017 -0.08677129 0.21667384 1.17248392 0.11002700 0.98911882 -0.09766273 0.70456773 -0.20584186 0.11880527 0.97134671 -0.32629976
0.97103729 -0.08852098 0.22192480 1.17446578 0.11230131 0.98893708 -0.09691159 0.71065634 -0.21089096 0.11902722 0.97023581 -0.32963806
0.96932349 -0.09014501 0.22866101 1.17177224 0.11472280 0.98869429 -0.09655190 0.71650779 -0.21737216 0.11982266 0.96870629 -0.33242622
0.96814631 -0.09212133 0.23282266 1.17979121 0.11744398 0.98829888 -0.09732536 0.72583979 -0.22113263 0.12156880 0.96763701 -0.33741242
0.96671564 -0.09356302 0.23813194 1.18438983 0.12002201 0.98781026 -0.09912422 0.73652661 -0.22595481 0.12440601 0.96616125 -0.33896983
0.96491066 -0.09550750 0.24459299 1.18519890 0.12318945 0.98728444 -0.10046791 0.74492759 -0.23188742 0.12707384 0.96440680 -0.34255534
0.96330904 -0.09728838 0.25014129 1.18953133 0.12625424 0.98669293 -0.10245448 0.75435102 -0.23684502 0.13027672 0.96277329 -0.34639025
0.96149743 -0.09869881 0.25647852 1.19160879 0.12938002 0.98595536 -0.10560702 0.76592410 -0.24245308 0.13472407 0.96076320 -0.34620386
0.95899661 -0.10012383 0.26514282 1.18451524 0.13240624 0.98542694 -0.10678173 0.76995063 -0.25058748 0.13750988 0.95827812 -0.35062176
0.95746400 -0.10195851 0.26993915 1.19209504 0.13570379 0.98468979 -0.10940981 0.77796984 -0.25465106 0.14138772 0.95664118 -0.35879791
0.95546502 -0.10282142 0.27661227 1.19314277 0.13814640 0.98413104 -0.11136277 0.78490430 -0.26077224 0.14461622 0.95450720 -0.36389822
0.95346910 -0.10368714 0.28310008 1.19442570 0.14107783 0.98329582 -0.11500602 0.79451352 -0.26644648 0.14959383 0.95217013 -0.36989662
0.95139815 -0.10469330 0.28962195 1.19526243 0.14418146 0.98243043 -0.11849959 0.80262762 -0.27212730 0.15449841 0.94977733 -0.37581718
0.94940975 -0.10517920 0.29590278 1.19643652 0.14697545 0.98150068 -0.12269731 0.81197888 -0.27752357 0.15998047 0.94730508 -0.38205507
0.94739822 -0.10592874 0.30201938 1.19758570 0.15015946 0.98045096 -0.12715366 0.82161397 -0.28264596 0.16581622 0.94478370 -0.38913128
0.94538986 -0.10612855 0.30817974 1.19764912 0.15280667 0.97947423 -0.13145477 0.82989174 -0.28790301 0.17136793 0.94220215 -0.39594159
0.94338593 -0.10621057 0.31423287 1.19774759 0.15545983 0.97843434 -0.13600914 0.83846003 -0.29301062 0.17715970 0.93955267 -0.40314069
0.94148609 -0.10616873 0.31989396 1.19826519 0.15818481 0.97725910 -0.14121691 0.84782165 -0.29762647 0.18355612 0.93687013 -0.41088325
0.93947858 -0.10618008 0.32573885 1.19786179 0.16094233 0.97610479 -0.14600344 0.85543936 -0.30245259 0.18959228 0.93411841 -0.41772813
0.93772106 -0.10548002 0.33098818 1.19775391 0.16328160 0.97480973 -0.15193788 0.86540568 -0.30662409 0.19651963 0.93132256 -0.42577776
0.93600544 -0.10449423 0.33611720 1.19729197 0.16533619 0.97353741 -0.15776202 0.87467182 -0.31073744 0.20323845 0.92851299 -0.43320101
0.93434411 -0.10358905 0.34098444 1.19631660 0.16748985 0.97220568 -0.16359483 0.88330859 -0.31456038 0.20996530 0.92572477 -0.44063336
0.93277512 -0.10226433 0.34564805 1.19468200 0.16923404 0.97090049 -0.16944637 0.89126879 -0.31826154 0.21655077 0.92293843 -0.44835177
0.93134938 -0.10083391 0.34988692 1.19327509 0.17084041 0.96957329 -0.17533164 0.89804953 -0.32156164 0.22306984 0.92023799 -0.45504016
0.93003967 -0.09933685 0.35377733 1.19182432 0.17240277 0.96818480 -0.18137109 0.90499473 -0.32450501 0.22967450 0.91757622 -0.46185282
0.92877852 -0.09770618 0.35752478 1.18968499 0.17392571 0.96671761 -0.18763504 0.91230738 -0.32729240 0.23645414 0.91486017 -0.46922889
0.92769143 -0.09550458 0.36092588 1.18737578 0.17496339 0.96521145 -0.19430561 0.92010134 -0.32981271 0.24340447 0.91212819 -0.47619304
0.92678795 -0.09367878 0.36371470 1.18551326 0.17631446 0.96357447 -0.20109068 0.92812401 -0.33162827 0.25049658 0.90954612 -0.48321614
0.92584737 -0.09181971 0.36657303 1.18227530 0.17753692 0.96200314 -0.20743817 0.93448049 -0.33359749 0.25713633 0.90696947 -0.49035156
0.92515139 -0.08978537 0.36882719 1.17993510 0.17859540 0.96032267 -0.21420563 0.94136095 -0.33496058 0.26404348 0.90447910 -0.49679807
0.92443347 -0.08724529 0.37122908 1.17621124 0.17912347 0.95874536 -0.22073087 0.94638133 -0.33665643 0.27054685 0.90192397 -0.50164419
0.92381774 -0.08492916 0.37329321 1.17253554 0.17975958 0.95713655 -0.22710375 0.95090508 -0.33800484 0.27690550 0.89948656 -0.50704950
0.92332867 -0.08264542 0.37501188 1.16906369 0.18036319 0.95548048 -0.23350838 0.95503604 -0.33901813 0.28324332 0.89712871 -0.51151180
0.92292320 -0.08014414 0.37654971 1.16540730 0.18082537 0.95372949 -0.24021290 0.96005905 -0.33987491 0.28978780 0.89471117 -0.51656663
0.92257115 -0.07765610 0.37793122 1.16109300 0.18116556 0.95202676 -0.24662539 0.96392560 -0.34064867 0.29599759 0.89238104 -0.52094537
0.92231809 -0.07554046 0.37897623 1.15745330 0.18164324 0.95035876 -0.25263406 0.96554285 -0.34107928 0.30184743 0.89025449 -0.52358884
0.92208301 -0.07283133 0.38007699 1.15256763 0.18167280 0.94864790 -0.25896364 0.96872962 -0.34169857 0.30783562 0.88796358 -0.52702409
0.92192837 -0.07034034 0.38092037 1.14802849 0.18183566 0.94688079 -0.26524056 0.97161639 -0.34202907 0.31379771 0.88574664 -0.52987385
0.92186088 -0.06814185 0.38148289 1.14320135 0.18217852 0.94505970 -0.27142798 0.97418374 -0.34202851 0.31971683 0.88362755 -0.53253579
0.92172150 -0.06621333 0.38215869 1.13845742 0.18253979 0.94342910 -0.27680455 0.97350067 -0.34221148 0.32489587 0.88166546 -0.53359538
0.92165003 -0.06367682 0.38276165 1.13238955 0.18242469 0.94173427 -0.28259121 0.97405940 -0.34246526 0.33027537 0.87956565 -0.53511930
0.92161456 -0.06114091 0.38326021 1.12606764 0.18232676 0.93996465 -0.28848469 0.97546488 -0.34261283 0.33575028 0.87743273 -0.53605592
0.92154605 -0.05897787 0.38376357 1.11915362 0.18239789 0.93830371 -0.29379782 0.97493356 -0.34275922 0.34074589 0.87544752 -0.53729832
0.92161103 -0.05677780 0.38393930 1.11297405 0.18243844 0.93651268 -0.29943314 0.97554797 -0.34256287 0.34600617 0.87345888 -0.53741843
0.92166638 -0.05465484 0.38411448 1.10628259 0.18242551 0.93481165 -0.30470987 0.97492844 -0.34242082 0.35091312 0.87155491 -0.53749877
0.92180242 -0.05233229 0.38411149 1.09913218 0.18214173 0.93313384 -0.30997682 0.97434586 -0.34220564 0.35570011 0.86969692 -0.53705752
0.92194100 -0.05008568 0.38407841 1.09167337 0.18167853 0.93167375 -0.31460600 0.97127199 -0.34207852 0.35982698 0.86804771 -0.53582972
0.92210093 -0.04823831 0.38393090 1.08429039 0.18155617 0.93013904 -0.31918447 0.96904731 -0.34171220 0.36402533 0.86644004 -0.53412759
0.92236296 -0.04667932 0.38349395 1.07785809 0.18153012 0.92862591 -0.32357494 0.96583629 -0.34101816 0.36806924 0.86500385 -0.53178424
0.92267317 -0.04497213 0.38295133 1.07130814 0.18133516 0.92709980 -0.32802976 0.96297878 -0.34028190 0.37210680 0.86356514 -0.52905238
0.92283413 -0.04323776 0.38276319 1.06269240 0.18112339 0.92568480 -0.33211740 0.95980650 -0.33995805 0.37581664 0.86208490 -0.52705938
0.92299386 -0.04160091 0.38255941 1.05393028 0.18106104 0.92416933 -0.33634498 0.95768046 -0.33955742 0.37971096 0.86053492 -0.52507013
0.92327412 -0.03991118 0.38206283 1.04537284 0.18054065 0.92298118 -0.33986882 0.95296144 -0.33907224 0.38276996 0.85937022 -0.52202743
0.92352702 -0.03862556 0.38158343 1.03703475 0.18027636 0.92187480 -0.34299750 0.94774127 -0.33852368 0.38555793 0.85833956 -0.51923490
0.92382712 -0.03720489 0.38099771 1.02790785 0.17986927 0.92074624 -0.34622740 0.94369048 -0.33792086 0.38838404 0.85730236 -0.51667517
0.92406984 -0.03580683 0.38054278 1.01821113 0.17953860 0.91959486 -0.34944410 0.94032311 -0.33743270 0.39123287 0.85619858 -0.51365745
0.92441575 -0.03441942 0.37983001 1.00962842 0.17906948 0.91848833 -0.35258092 0.93657255 -0.33673380 0.39394731 0.85522854 -0.50918692
0.92467515 -0.03330984 0.37929715 0.99998182 0.17876568 0.91752649 -0.35522947 0.93166840 -0.33618254 0.39627718 0.85436860 -0.50537294
0.92486964 -0.03214360 0.37892339 0.98912084 0.17846645 0.91656727 -0.35784656 0.92771339 -0.33580630 0.39858653 0.85344180 -0.50172210
0.92520069 -0.03134589 0.37818133 0.98013806 0.17816453 0.91579674 -0.35996352 0.92206353 -0.33505385 0.40041700 0.85288050 -0.49714369
0.92541168 -0.03050994 0.37773321 0.97089732 0.17802457 0.91492418 -0.36224440 0.91815555 -0.33454519 0.40247099 0.85211303 -0.49128610
0.92560894 -0.03012560 0.37728046 0.96103150 0.17804087 0.91430613 -0.36379356 0.91294217 -0.33399034 0.40390191 0.85165351 -0.48654759
0.92579171 -0.02929524 0.37689720 0.95057172 0.17774765 0.91364424 -0.36559537 0.90897512 -0.33363975 0.40545776 0.85105142 -0.48123440
0.92595626 -0.02859450 0.37654662 0.93908644 0.17729614 0.91331805 -0.36662818 0.90330720 -0.33342327 0.40624192 0.85076226 -0.47650421
0.92610370 -0.02813455 0.37621854 0.92839330 0.17712851 0.91289837 -0.36775271 0.89853132 -0.33310273 0.40721618 0.85042199 -0.47093168
0.92614630 -0.02752341 0.37615887 0.91527683 0.17675563 0.91270548 -0.36841032 0.89327168 -0.33318235 0.40769005 0.85016372 -0.46633244
0.92642967 -0.02753143 0.37545983 0.90547746 0.17656973 0.91260059 -0.36875912 0.88779688 -0.33249239 0.40792423 0.85032149 -0.46116278
0.92654253 -0.02753269 0.37518115 0.89366603 0.17647408 0.91258311 -0.36884815 0.88184142 -0.33222860 0.40796325 0.85040587 -0.45624667
0.92669775 -0.02749565 0.37480031 0.88280314 0.17627260 0.91260662 -0.36888633 0.87709510 -0.33190247 0.40791316 0.85055723 -0.45084777
0.92694388 -0.02785551 0.37416455 0.87246639 0.17619089 0.91276342 -0.36853727 0.87145418 -0.33125792 0.40753775 0.85098835 -0.44580981
0.92707729 -0.02800164 0.37382297 0.86116540 0.17604981 0.91291926 -0.36821854 0.86709177 -0.33095947 0.40717851 0.85127639 -0.43988457
0.92710177 -0.02817397 0.37374929 0.84878170 0.17598235 0.91314222 -0.36769756 0.86262184 -0.33092676 0.40666633 0.85153389 -0.43381670
0.92706519 -0.02844410 0.37381956 0.83530039 0.17595303 0.91348774 -0.36685238 0.85783416 -0.33104480 0.40587076 0.85186752 -0.42788172
0.92713437 -0.02890313 0.37361273 0.82265127 0.17590836 0.91390938 -0.36582222 0.85338926 -0.33087477 0.40488795 0.85240110 -0.42229909
0.92720365 -0.02942813 0.37339974 0.81081074 0.17581871 0.91444943 -0.36451341 0.84862113 -0.33072823 0.40362883 0.85305487 -0.41629583
0.92732245 -0.02995542 0.37306266 0.79920995 0.17564653 0.91503215 -0.36313147 0.84419668 -0.33048657 0.40226713 0.85379142 -0.41012120
0.92754689 -0.03074851 0.37243966 0.78769869 0.17545002 0.91577660 -0.36134541 0.83907396 -0.32996069 0.40050935 0.85482056 -0.40543157
0.92771230 -0.03152002 0.37196287 0.77641577 0.17535493 0.91644496 -0.35969333 0.83509308 -0.32954596 0.39891744 0.85572445 -0.39947703
0.92801761 -0.03264004 0.37110368 0.76627922 0.17534479 0.91718218 -0.35781427 0.83088136 -0.32869061 0.39712904 0.85688448 -0.39498919
0.92803866 -0.03357214 0.37096787 0.75287509 0.17536041 0.91803509 -0.35561257 0.82634771 -0.32862285 0.39507529 0.85785928 -0.39013916
0.92792218 -0.03425179 0.37119704 0.73771620 0.17541183 0.91875650 -0.35371907 0.82322031 -0.32892418 0.39333613 0.85854270 -0.38412735
0.92800439 -0.03497076 0.37092439 0.72423208 0.17521354 0.91958322 -0.35166307 0.82014871 -0.32879792 0.39133585 0.85950462 -0.37821016
0.92822009 -0.03598379 0.37028722 0.71198159 0.17510557 0.92042736 -0.34950180 0.81755990 -0.32824609 0.38925395 0.86066013 -0.37371191
0.92844169 -0.03686248 0.36964467 0.70034438 0.17491190 0.92123721 -0.34745911 0.81520158 -0.32772221 0.38725078 0.86176272 -0.36777955
0.92873839 -0.03748147 0.36883619 0.68884593 0.17445131 0.92203298 -0.34557476 0.81344044 -0.32712648 0.38529251 0.86286612 -0.36219212
0.92885546 -0.03859379 0.36842645 0.67465937 0.17435945 0.92305118 -0.34289256 0.81058025 -0.32684294 0.38273626 0.86411032 -0.35797578
0.92904310 -0.03967823 0.36783767 0.66274363 0.17422232 0.92401433 -0.34035880 0.80792004 -0.32638245 0.38029352 0.86536197 -0.35417920
0.92939146 -0.04040389 0.36687742 0.65124226 0.17375656 0.92485211 -0.33831528 0.80694616 -0.32563810 0.37817469 0.86657009 -0.34948686
0.92954719 -0.04116534 0.36639792 0.63738418 0.17343394 0.92576013 -0.33598936 0.80538893 -0.32536547 0.37586380 0.86767719 -0.34485900
0.92986962 -0.04244172 0.36543287 0.62563843 0.17332088 0.92671794 -0.33339726 0.80357671 -0.32450324 0.37335313 0.86908290 -0.34133360
0.93014742 -0.04351008 0.36459930 0.61252147 0.17305033 0.92771036 -0.33076740 0.80184048 -0.32385083 0.37075647 0.87043683 -0.33838570
0.93013818 -0.04448927 0.36450469 0.59587413 0.17297408 0.92869164 -0.32804238 0.80011004 -0.32391809 0.36817460 0.87150705 -0.33454365
0.93020287 -0.04515518 0.36425765 0.58002466 0.17263624 0.92960595 -0.32562172 0.79947144 -0.32391258 0.36577833 0.87251754 -0.32920241
0.93020089 -0.04600499 0.36415636 0.56427950 0.17248716 0.93053247 -0.32304413 0.79812801 -0.32399767 0.36330823 0.87351739 -0.32479531
0.93058031 -0.04715383 0.36303830 0.55181676 0.17219629 0.93149882 -0.32040348 0.79703236 -0.32306149 0.36067502 0.87495417 -0.32067418
