0.99997635 -0.00415877 0.00547740 0.01394252 0.00413572 0.99998258 0.00421246 0.00369697 -0.00549482 -0.00418970 0.99997613 -0.00882106
0.99997635 -0.00415877 0.00547740 0.01394252 0.00413572 0.99998258 0.00421246 0.00369697 -0.00549482 -0.00418970 0.99997613 -0.00882106
0.99992054 -0.00685146 0.01058136 0.02369312 0.00676783 0.99994574 0.00791866 0.00676866 -0.01063504 -0.00784642 0.99991266 -0.01534046
0.99985078 -0.00874164 0.01489956 0.03335593 0.00859983 0.99991736 0.00955556 0.01213327 -0.01498186 -0.00942600 0.99984333 -0.02111245
0.99978277 -0.00934866 0.01862825 0.04125081 0.00911251 0.99987755 0.01272181 0.01221732 -0.01874490 -0.01254930 0.99974554 -0.02654310
0.99973579 -0.01042451 0.02048619 0.05059215 0.01017572 0.99987366 0.01221126 0.01704429 -0.02061090 -0.01199957 0.99971556 -0.03225562
0.99971330 -0.01105718 0.02123821 0.06027607 0.01081765 0.99987695 0.01136060 0.02144945 -0.02136121 -0.01112760 0.99970990 -0.03794173
0.99970720 -0.01164689 0.02121007 0.06929110 0.01148658 0.99990465 0.00766434 0.02972550 -0.02129731 -0.00741846 0.99974566 -0.04307909
0.99973344 -0.01121685 0.02018017 0.07805514 0.01112948 0.99992822 0.00443659 0.03524991 -0.02022848 -0.00421081 0.99978652 -0.04810010
0.99977221 -0.01032003 0.01868214 0.08581930 0.01032605 0.99994666 -0.00022596 0.04221667 -0.01867882 0.00041882 0.99982545 -0.05229665
0.99981805 -0.00901391 0.01681123 0.09224398 0.00910811 0.99994320 -0.00553520 0.04854197 -0.01676038 0.00568731 0.99984336 -0.05652596
0.99986739 -0.00722584 0.01459448 0.09725994 0.00739595 0.99990495 -0.01163570 0.05515574 -0.01450901 0.01174210 0.99982579 -0.06000042
0.99992694 -0.00545654 0.01078632 0.10456254 0.00565920 0.99980634 -0.01884817 0.06275856 -0.01068138 0.01890783 0.99976417 -0.06395727
0.99997088 -0.00318074 0.00693738 0.11017396 0.00336451 0.99963940 -0.02664095 0.07015344 -0.00685014 0.02666351 0.99962099 -0.06714796
0.99999711 -0.00092708 0.00221880 0.11642548 0.00100479 0.99937693 -0.03528076 0.07848519 -0.00218471 0.03528289 0.99937498 -0.07021205
0.99999465 0.00150540 -0.00290348 0.12225419 -0.00163389 0.99899594 -0.04477094 0.08726603 0.00283317 0.04477544 0.99899306 -0.07291096
0.99995829 0.00413861 -0.00814158 0.12683751 -0.00457302 0.99852593 -0.05408385 0.09458257 0.00790574 0.05411882 0.99850321 -0.07540768
0.99987199 0.00663188 -0.01456106 0.13375685 -0.00756018 0.99787926 -0.06465154 0.10390555 0.01410142 0.06475335 0.99780166 -0.07799980
0.99974052 0.00919059 -0.02084301 0.13915251 -0.01073575 0.99710491 -0.07527642 0.11256680 0.02009083 0.07548066 0.99694485 -0.07974349
0.99957827 0.01154526 -0.02664572 0.14174415 -0.01381396 0.99614797 -0.08659331 0.12079520 0.02554334 0.08692487 0.99588735 -0.08176707
0.99937346 0.01392972 -0.03253685 0.14459386 -0.01704136 0.99509898 -0.09740442 0.12848902 0.03102057 0.09789786 0.99471289 -0.08354122
0.99910238 0.01560555 -0.03938146 0.14922218 -0.01984075 0.99378276 -0.10955445 0.13827169 0.03742696 0.11023747 0.99320034 -0.08552021
0.99881189 0.01776980 -0.04537669 0.15129845 -0.02315600 0.99237258 -0.12108040 0.14687431 0.04287900 0.12198728 0.99160501 -0.08640576
0.99843842 0.01975072 -0.05225548 0.15561675 -0.02655517 0.99077240 -0.13290926 0.15618768 0.04914824 0.13408937 0.98974971 -0.08723038
0.99804014 0.02113333 -0.05890051 0.15967554 -0.02951741 0.98894312 -0.14532803 0.16642204 0.05517798 0.14678180 0.98762872 -0.08820586
0.99757160 0.02279724 -0.06581178 0.16460083 -0.03295673 0.98694019 -0.15767976 0.17731807 0.06135762 0.15946579 0.98529483 -0.08852691
0.99713584 0.02394294 -0.07174156 0.16768946 -0.03583150 0.98490966 -0.16931944 0.18604718 0.06660495 0.17140509 0.98294663 -0.08956043
0.99667069 0.02472019 -0.07769463 0.17118333 -0.03848739 0.98272151 -0.18104462 0.19544014 0.07187673 0.18343213 0.98040114 -0.09009174
0.99620908 0.02549626 -0.08317092 0.17428960 -0.04119289 0.98035915 -0.19287066 0.20595495 0.07661989 0.19556555 0.97769295 -0.08996464
0.99579045 0.02560303 -0.08801064 0.17632109 -0.04319766 0.97796323 -0.20425937 0.21532787 0.08084151 0.20720138 0.97495243 -0.08982271
0.99533122 0.02578790 -0.09300943 0.18048039 -0.04540874 0.97545138 -0.21548238 0.22584698 0.08516934 0.21869978 0.97206820 -0.08987474
0.99498931 0.02591810 -0.09656359 0.18139936 -0.04727142 0.97299658 -0.22592713 0.23508327 0.08810044 0.22935978 0.96934638 -0.08932106
0.99464507 0.02587779 -0.10005760 0.18418086 -0.04902313 0.97043207 -0.23634368 0.24560668 0.09098305 0.23998322 0.96650408 -0.08870880
0.99437980 0.02533704 -0.10279513 0.18656473 -0.05008462 0.96800158 -0.24589526 0.25475714 0.09327559 0.24966174 0.96383021 -0.08839510
0.99416549 0.02507883 -0.10490960 0.18882443 -0.05123952 0.96565515 -0.25472465 0.26395133 0.09491830 0.25861397 0.96130605 -0.08767574
0.99402050 0.02439246 -0.10643427 0.19145398 -0.05187419 0.96320270 -0.26372262 0.27438739 0.09608493 0.26766688 0.95870857 -0.08658965
0.99397150 0.02356705 -0.10707595 0.19390322 -0.05205482 0.96096987 -0.27171164 0.28427842 0.09649332 0.27564744 0.95640343 -0.08542363
0.99399766 0.02272534 -0.10701503 0.19672027 -0.05198166 0.95882080 -0.27921422 0.29428136 0.09626300 0.28310110 0.95424693 -0.08420803
0.99408358 0.02153208 -0.10646223 0.20097513 -0.05139058 0.95674487 -0.28635339 0.30545071 0.09569141 0.29013036 0.95219091 -0.08302673
0.99425629 0.02039122 -0.10506488 0.20514031 -0.05054255 0.95477807 -0.29299195 0.31671587 0.09433918 0.29661934 0.95032473 -0.08174054
0.99452683 0.01916705 -0.10270838 0.20863041 -0.04917123 0.95322394 -0.29823869 0.32581910 0.09218773 0.30165668 0.94894925 -0.08137354
0.99487964 0.01797437 -0.09945567 0.21180208 -0.04747793 0.95183558 -0.30291067 0.33449051 0.08922082 0.30608161 0.94781522 -0.08044513
0.99529076 0.01690305 -0.09544937 0.21471603 -0.04560542 0.95054658 -0.30721546 0.34249678 0.08553620 0.31012172 0.94684110 -0.07902434
0.99571102 0.01587193 -0.09114625 0.21874012 -0.04363445 0.94928610 -0.31137106 0.35191473 0.08158181 0.31401272 0.94590720 -0.07758890
0.99613289 0.01468756 -0.08662301 0.22348966 -0.04139794 0.94808663 -0.31530612 0.36176962 0.07749504 0.31767281 0.94502831 -0.07644933
0.99660534 0.01344142 -0.08122271 0.22723080 -0.03871529 0.94720364 -0.31828664 0.36935848 0.07265622 0.32035072 0.94450860 -0.07505858
0.99706341 0.01235081 -0.07557789 0.23199160 -0.03608508 0.94624930 -0.32141894 0.37816870 0.06754574 0.32320229 0.94391623 -0.07357163
0.99751357 0.01119440 -0.06957989 0.23658261 -0.03324253 0.94530601 -0.32448650 0.38730234 0.06214185 0.32599270 0.94332770 -0.07184361
0.99789225 0.00988300 -0.06413565 0.24503548 -0.03040762 0.94432761 -0.32759844 0.39739370 0.05732741 0.32885815 0.94263773 -0.07170017
0.99829738 0.00866232 -0.05768282 0.25041592 -0.02724862 0.94363086 -0.32987620 0.40517938 0.05157379 0.33088632 0.94226025 -0.07032974
0.99868393 0.00737343 -0.05075465 0.25530908 -0.02387456 0.94268715 -0.33282269 0.41480997 0.04539171 0.33359642 0.94162255 -0.06763659
0.99901420 0.00607696 -0.04397387 0.26146150 -0.02050605 0.94173843 -0.33572046 0.42436215 0.03937173 0.33629124 0.94093468 -0.06599163
0.99930524 0.00514367 -0.03691327 0.26728433 -0.01729825 0.94129994 -0.33712786 0.42968646 0.03301238 0.33753217 0.94073493 -0.06539129
0.99952974 0.00399242 -0.03040322 0.27535108 -0.01406046 0.94078615 -0.33870890 0.43513852 0.02725066 0.33897710 0.94039988 -0.06529273
0.99972812 0.00298167 -0.02312572 0.28131130 -0.01068970 0.94003301 -0.34091592 0.44118217 0.02072244 0.34107044 0.93980931 -0.06337394
0.99985649 0.00191089 -0.01683314 0.29038915 -0.00758681 0.93891825 -0.34405663 0.45033434 0.01514749 0.34413496 0.93879800 -0.06126252
0.99995174 0.00096766 -0.00977675 0.29663184 -0.00429345 0.93812282 -0.34627610 0.45604622 0.00883672 0.34630136 0.93808170 -0.06024350
0.99999392 -0.00044772 -0.00345759 0.30583844 -0.00078862 0.93696915 -0.34941121 0.46300897 0.00339609 0.34941181 0.93696310 -0.06009788
0.99999473 -0.00148958 0.00288538 0.31399587 0.00241022 0.93594541 -0.35213688 0.46773309 -0.00217602 0.35214198 0.93594406 -0.05909795
0.99996272 -0.00214092 0.00836464 0.32415178 0.00497449 0.93468152 -0.35545143 0.47365779 -0.00705728 0.35547979 0.93465732 -0.05771416
0.99990012 -0.00280673 0.01385195 0.33351678 0.00759843 0.93314732 -0.35941390 0.47950456 -0.01191713 0.35948325 0.93307544 -0.05654265
0.99980314 -0.00341055 0.01954583 0.34154746 0.01028258 0.93156766 -0.36342256 0.48425841 -0.01696879 0.36355200 0.93141935 -0.05544950
0.99966953 -0.00346653 0.02547168 0.34883904 0.01259660 0.92980795 -0.36782945 0.48822203 -0.02240868 0.36802875 0.92954435 -0.05282450
0.99953736 -0.00379465 0.03017710 0.35888264 0.01477012 0.92789770 -0.37254222 0.49311981 -0.02658759 0.37281558 0.92752447 -0.05205775
0.99939528 -0.00464010 0.03446078 0.37024158 0.01731465 0.92585759 -0.37747574 0.49766016 -0.03015425 0.37784415 0.92537804 -0.05227679
0.99926429 -0.00513714 0.03800633 0.38313317 0.01931137 0.92358859 -0.38289840 0.50227630 -0.03313521 0.38335065 0.92300831 -0.05330338
0.99912299 -0.00524411 0.04154214 0.39540410 0.02098561 0.92124021 -0.38842769 0.50692189 -0.03623333 0.38895882 0.92054233 -0.05295043
0.99892509 -0.00526067 0.04605412 0.40374100 0.02297678 0.91908600 -0.39338656 0.50827754 -0.04025823 0.39402188 0.91821895 -0.05341750
0.99875339 -0.00505205 0.04966036 0.41476610 0.02448462 0.91654336 -0.39918514 0.51208538 -0.04349917 0.39990343 0.91552448 -0.05294563
0.99855163 -0.00457594 0.05360684 0.42395762 0.02593782 0.91388595 -0.40514157 0.51535988 -0.04713663 0.40594523 0.91268100 -0.05105844
0.99840246 -0.00466387 0.05630972 0.43614501 0.02745195 0.91109728 -0.41127622 0.51884300 -0.04938549 0.41216500 0.90976980 -0.05164870
0.99822922 -0.00462455 0.05930465 0.44754934 0.02896600 0.90857704 -0.41671180 0.51994741 -0.05195574 0.41769172 0.90710211 -0.05398573
0.99806866 -0.00466508 0.06194497 0.45929262 0.03045946 0.90582741 -0.42255049 0.52183574 -0.05414022 0.42362121 0.90422005 -0.05605044
0.99791716 -0.00473128 0.06433478 0.47160494 0.03195785 0.90258154 -0.42933117 0.52627909 -0.05603610 0.43049294 0.90085281 -0.05678098
0.99770509 -0.00417425 0.06758061 0.47964954 0.03320035 0.90003531 -0.43455054 0.52500850 -0.05901101 0.43579698 0.89810840 -0.05841970
0.99754776 -0.00398887 0.06987530 0.49126294 0.03444115 0.89710444 -0.44047409 0.52672094 -0.06092845 0.44180053 0.89504191 -0.05919762
0.99745206 -0.00379412 0.07123897 0.50552469 0.03533229 0.89378453 -0.44710272 0.53131384 -0.06197593 0.44848057 0.89164128 -0.06085984
0.99726766 -0.00342351 0.07379359 0.51485187 0.03653649 0.89105323 -0.45242594 0.53189045 -0.06420514 0.45388591 0.88874365 -0.06332929
0.99706424 -0.00266452 0.07652325 0.52328211 0.03753181 0.88810834 -0.45809926 0.53317219 -0.06674032 0.45962644 0.88560107 -0.06520663
0.99690858 -0.00206494 0.07854314 0.53356344 0.03834860 0.88528507 -0.46346492 0.53442758 -0.06857605 0.46504417 0.88262747 -0.06714398
0.99674992 -0.00155450 0.08054303 0.54329377 0.03919883 0.88282619 -0.46806128 0.53306478 -0.07037789 0.46969724 0.88001787 -0.07244018
0.99659798 -0.00157350 0.08240142 0.55308777 0.04034677 0.88113234 -0.47114534 0.52804947 -0.07186521 0.47286712 0.87819820 -0.08098969
0.99642385 -0.00103891 0.08448919 0.56162745 0.04128860 0.87840170 -0.47613622 0.53002328 -0.07372079 0.47792192 0.87530331 -0.08338186
0.99628804 -0.00065572 0.08607968 0.57187963 0.04211647 0.87582636 -0.48078518 0.53127652 -0.07507559 0.48262590 0.87260294 -0.08882149
0.99611338 -0.00024351 0.08807992 0.58053362 0.04303871 0.87383310 -0.48431745 0.52954644 -0.07684922 0.48622594 0.87044732 -0.09411240
0.99593025 0.00055929 0.09012558 0.58786875 0.04367986 0.87169819 -0.48809254 0.52989161 -0.07883529 0.49004280 0.86812617 -0.09663372
0.99577978 0.00086718 0.09177078 0.59662342 0.04456030 0.86960739 -0.49172896 0.53196722 -0.08023097 0.49374309 0.86589881 -0.10136288
0.99552550 0.00123460 0.09448523 0.60113794 0.04583080 0.86812181 -0.49423078 0.53071576 -0.08263486 0.49634968 0.86418081 -0.10730562
0.99535332 0.00132262 0.09628093 0.60876203 0.04687691 0.86675820 -0.49652067 0.53054273 -0.08410900 0.49872685 0.86266866 -0.11190736
0.99512511 0.00163571 0.09860702 0.61347193 0.04792875 0.86582215 -0.49805103 0.52933568 -0.08619081 0.50034920 0.86152297 -0.11771262
0.99487887 0.00193511 0.10105584 0.61790246 0.04903530 0.86503512 -0.49930931 0.52859539 -0.08838307 0.50170759 0.86051027 -0.12457261
0.99467700 0.00214025 0.10301982 0.62415916 0.04991458 0.86464454 -0.49989834 0.52727753 -0.09014543 0.50237957 0.85993521 -0.13306908
0.99446857 0.00215440 0.10501246 0.62982452 0.05098667 0.86419124 -0.50057353 0.52803820 -0.09182928 0.50315888 0.85930119 -0.13913591
0.99428696 0.00212999 0.10671882 0.63618165 0.05186832 0.86418182 -0.50049921 0.52814400 -0.09329052 0.50317517 0.85913423 -0.14678596
0.99407818 0.00188875 0.10865088 0.64119756 0.05296470 0.86462417 -0.49961964 0.52750731 -0.09488583 0.50241565 0.85940398 -0.15551126
0.99381528 0.00152165 0.11103550 0.64382255 0.05431340 0.86548088 -0.49798885 0.52598631 -0.09685687 0.50093964 0.86004548 -0.16513120
0.99368486 0.00121120 0.11220037 0.65067834 0.05493558 0.86664950 -0.49588378 0.52463359 -0.09783901 0.49891600 0.86110996 -0.17317830
0.99352575 0.00083922 0.11360403 0.65588307 0.05565696 0.86815521 -0.49316207 0.52327108 -0.09903981 0.49629207 0.86248785 -0.18344593
0.99332911 0.00053888 0.11531257 0.65953064 0.05633058 0.87028789 -0.48931162 0.51992375 -0.10061882 0.49254310 0.86445194 -0.19455114
0.99306044 0.00025808 0.11760486 0.66058093 0.05724720 0.87246469 -0.48531239 0.51744753 -0.10273134 0.48867709 0.86639539 -0.20368898
0.99280695 -0.00014888 0.11972606 0.66209501 0.05814580 0.87474857 -0.48107589 0.51592231 -0.10465858 0.48457706 0.86846512 -0.21384695
0.99251272 -0.00031093 0.12214094 0.66183019 0.05893129 0.87712078 -0.47664058 0.51454997 -0.10698415 0.48026976 0.87057185 -0.22219822
0.99230687 -0.00075115 0.12380026 0.66346931 0.05945229 0.88002389 -0.47119357 0.51149178 -0.10859325 0.47492883 0.87329841 -0.23229884
0.99215985 -0.00150426 0.12496630 0.66680747 0.06000003 0.88288637 -0.46573776 0.51019239 -0.10963045 0.46958428 0.87605466 -0.24367213
0.99194700 -0.00253043 0.12662837 0.66788453 0.06095215 0.88594564 -0.45976641 0.50845021 -0.11102245 0.46378219 0.87896536 -0.25452438
0.99188466 -0.00307377 0.12710375 0.67290133 0.06094475 0.88886307 -0.45410150 0.50854343 -0.11158203 0.45816262 0.88183698 -0.26474532
0.99178782 -0.00424034 0.12782389 0.67666101 0.06158439 0.89178387 -0.44825093 0.50901461 -0.11209055 0.45244177 0.88472151 -0.27564240
0.99166585 -0.00555729 0.12871657 0.67943329 0.06243892 0.89463162 -0.44242021 0.51006120 -0.11269526 0.44676994 0.88752262 -0.28579587
0.99155048 -0.00626976 0.12956978 0.68133533 0.06247629 0.89843761 -0.43463384 0.50501454 -0.11368531 0.43905644 0.89123796 -0.29934418
0.99149006 -0.00716043 0.12998532 0.68462986 0.06259796 0.90169960 -0.42780758 0.50388706 -0.11414442 0.43230378 0.89447442 -0.31085667
0.99146758 -0.00835523 0.13008546 0.68936884 0.06290825 0.90471032 -0.42135709 0.50477076 -0.11416912 0.42594534 0.89751656 -0.32164583
0.99139111 -0.00917781 0.13061179 0.69180381 0.06304451 0.90775102 -0.41474508 0.50505626 -0.11475653 0.41940894 0.90051490 -0.33212379
0.99126223 -0.00978631 0.13154244 0.69259882 0.06312099 0.91084384 -0.40789611 0.50446403 -0.11582282 0.41263510 0.90350282 -0.34205207
0.99118664 -0.01045744 0.13205938 0.69499087 0.06305748 0.91394375 -0.40091219 0.50425005 -0.11650233 0.40570614 0.90654825 -0.35104668
0.99122245 -0.01192426 0.13166574 0.70054084 0.06334341 0.91700162 -0.39382184 0.50365669 -0.11604166 0.39870521 0.90970791 -0.36199147
0.99123030 -0.01330855 0.13147385 0.70533311 0.06359450 0.92017090 -0.38631755 0.50229591 -0.11583709 0.39129068 0.91294763 -0.37428156
0.99137000 -0.01422546 0.13031942 0.71408314 0.06306161 0.92326947 -0.37894157 0.50112301 -0.11492932 0.38388946 0.91619874 -0.38680151
0.99141827 -0.01531992 0.12982723 0.72031701 0.06287757 0.92657248 -0.37082321 0.49714279 -0.11461335 0.37580413 0.91958417 -0.39931005
0.99146919 -0.01638402 0.12930744 0.72620779 0.06273900 0.92956850 -0.36327155 0.49504474 -0.11424827 0.36828517 0.92266644 -0.40889174
0.99136075 -0.01729497 0.13001825 0.72729027 0.06298929 0.93225703 -0.35627121 0.49395573 -0.11504872 0.36138306 0.92529243 -0.41479579
0.99126459 -0.01810889 0.13063914 0.72899085 0.06305325 0.93506657 -0.34881913 0.49077916 -0.11583957 0.35400928 0.92804021 -0.42154172
0.99111172 -0.01899073 0.13166971 0.72958755 0.06324625 0.93801288 -0.34078107 0.48542273 -0.11703621 0.34607973 0.93087665 -0.43029523
0.99108610 -0.02016435 0.13168805 0.73405528 0.06345867 0.94058851 -0.33356595 0.48272872 -0.11713813 0.33894933 0.93348380 -0.43656716
0.99108379 -0.02145532 0.13150132 0.73930025 0.06367779 0.94321312 -0.32602783 0.47898850 -0.11703874 0.33149461 0.93616946 -0.44206294
0.99112020 -0.02255460 0.13104210 0.74625522 0.06361330 0.94584134 -0.31833554 0.47388610 -0.11676510 0.32384480 0.93887723 -0.44819239
0.99093529 -0.02325950 0.13231117 0.74670309 0.06364043 0.94864866 -0.30986387 0.46491274 -0.11830953 0.31547538 0.94152968 -0.45150357
0.99089288 -0.02466931 0.13237346 0.75205189 0.06402157 0.95116242 -0.30197896 0.45776755 -0.11845905 0.30770356 0.94407943 -0.45507696
0.99075872 -0.02586377 0.13314740 0.75498551 0.06437903 0.95369840 -0.29379363 0.44920260 -0.11938385 0.29965050 0.94655009 -0.45755267
0.99076362 -0.02721834 0.13284055 0.76227880 0.06463126 0.95599978 -0.28615943 0.44225153 -0.11920675 0.29210200 0.94892896 -0.46000907
0.99053220 -0.02848092 0.13429372 0.76355124 0.06529684 0.95824397 -0.27839685 0.43363416 -0.12075715 0.28453000 0.95103122 -0.45867151
0.99026594 -0.02970302 0.13598195 0.76407349 0.06592877 0.96051426 -0.27030678 0.42328069 -0.12258368 0.27664072 0.95312284 -0.45839933
0.99001436 -0.03093891 0.13752943 0.76529294 0.06652320 0.96268996 -0.26230271 0.41256335 -0.12428284 0.26883235 0.95513504 -0.45669717
0.98986647 -0.03242143 0.13825056 0.77007318 0.06717886 0.96466500 -0.25477135 0.40352431 -0.12510543 0.26147714 0.95706757 -0.45346931
0.98962967 -0.03375389 0.13962015 0.77307510 0.06781187 0.96665035 -0.24695882 0.39284748 -0.12662804 0.25386568 0.95891478 -0.44980872
0.98941877 -0.03500566 0.14080161 0.77627391 0.06833705 0.96850825 -0.23941977 0.38305056 -0.12798647 0.24650838 0.96065242 -0.44543523
0.98921144 -0.03667885 0.14182874 0.78025353 0.06924640 0.97023442 -0.23205624 0.37290111 -0.12909557 0.23937381 0.96230687 -0.44099233
0.98899921 -0.03807981 0.14293526 0.78436852 0.06995839 0.97180825 -0.22515450 0.36353835 -0.13033182 0.23267714 0.96378160 -0.43560895
0.98874296 -0.03939195 0.14434551 0.78811151 0.07062818 0.97335328 -0.21816288 0.35395867 -0.13190531 0.22590188 0.96517839 -0.43037134
0.98843722 -0.04089345 0.14601228 0.79095542 0.07159036 0.97472095 -0.21164569 0.34520456 -0.13366631 0.21965154 0.96637804 -0.42343307
0.98815656 -0.04231770 0.14749858 0.79522562 0.07245781 0.97598956 -0.20541238 0.33722445 -0.13526449 0.21366702 0.96749673 -0.41691980
0.98794619 -0.04383456 0.14846163 0.80166799 0.07334705 0.97713141 -0.19958563 0.32984909 -0.13631777 0.20806909 0.96856839 -0.41082126
0.98768908 -0.04532973 0.14971805 0.80692977 0.07425027 0.97825809 -0.19364401 0.32149953 -0.13768506 0.20237668 0.96958058 -0.40463233
0.98729562 -0.04678251 0.15185109 0.80949175 0.07533442 0.97925362 -0.18811452 0.31412277 -0.13990026 0.19716426 0.97033714 -0.39895222
0.98679660 -0.04798550 0.15469281 0.81007165 0.07629648 0.98021514 -0.18263933 0.30649546 -0.14286819 0.19203038 0.97093409 -0.39245117
0.98642697 -0.04939949 0.15659348 0.81409132 0.07737561 0.98099395 -0.17794350 0.30055678 -0.14482694 0.18764479 0.97150121 -0.38667244
0.98617330 -0.05071520 0.15776626 0.82160133 0.07833806 0.98160058 -0.17413629 0.29761130 -0.14603210 0.18408766 0.97200121 -0.38166618
0.98581338 -0.05209476 0.15955600 0.82805920 0.07944647 0.98220701 -0.17016946 0.29405537 -0.14785208 0.18043149 0.97241156 -0.37771073
0.98540559 -0.05324688 0.16168052 0.83230180 0.08055036 0.98260471 -0.16733087 0.29252619 -0.14995819 0.17791220 0.97255323 -0.37074035
0.98485214 -0.05439709 0.16464268 0.83429575 0.08175058 0.98302965 -0.16422406 0.28999791 -0.15291533 0.17519605 0.97258586 -0.36517891
0.98452070 -0.05552656 0.16624015 0.84227020 0.08281934 0.98330219 -0.16204249 0.29021895 -0.15446664 0.17330209 0.97268003 -0.36097443
0.98401890 -0.05659557 0.16883052 0.84679145 0.08399952 0.98355646 -0.15987735 0.28990433 -0.15700600 0.17150402 0.97259215 -0.35713673
0.98372842 -0.05743366 0.17023445 0.85603225 0.08494318 0.98361665 -0.15900610 0.29373008 -0.15831314 0.17087907 0.97249025 -0.35166851
0.98343354 -0.05839761 0.17160475 0.86539060 0.08600355 0.98366655 -0.15812499 0.29707712 -0.15956773 0.17026404 0.97239308 -0.34743288
0.98287253 -0.05911237 0.17454887 0.86952150 0.08700282 0.98380118 -0.15673466 0.29821232 -0.16245643 0.16923644 0.97209410 -0.34485283
0.98236267 -0.05982935 0.17715538 0.87534124 0.08804019 0.98383558 -0.15593739 0.30155447 -0.16496214 0.16878386 0.97175074 -0.34184444
0.98182742 -0.06062063 0.17983343 0.88019884 0.08927414 0.98374761 -0.15579079 0.30637777 -0.16746657 0.16901415 0.97128223 -0.33774614
0.98151443 -0.06151564 0.18123256 0.89112908 0.09042130 0.98363726 -0.15582595 0.31198764 -0.16868136 0.16933271 0.97101649 -0.33501118
0.98098172 -0.06215173 0.18388048 0.89680034 0.09155315 0.98350490 -0.15600045 0.31787467 -0.17115165 0.16986843 0.97049051 -0.33171776
0.98074124 -0.06278667 0.18494447 0.90853602 0.09245158 0.98335373 -0.15642299 0.32432741 -0.17204456 0.17050888 0.97022028 -0.33058470
0.98028117 -0.06351471 0.18712219 0.91598016 0.09365770 0.98315812 -0.15693419 0.33140334 -0.17400308 0.17136507 0.96972003 -0.32879335
0.97972636 -0.06392466 0.18986809 0.92097616 0.09470814 0.98292414 -0.15776722 0.33923772 -0.17654071 0.17255076 0.96905088 -0.32589102
0.97927101 -0.06440375 0.19204281 0.92810392 0.09579163 0.98263228 -0.15892690 0.34822568 -0.17847197 0.17402860 0.96843265 -0.32266143
0.97862925 -0.06461007 0.19521867 0.93148679 0.09671007 0.98242324 -0.15966131 0.35579163 -0.18147163 0.17512884 0.96767657 -0.31931204
0.97833392 -0.06493598 0.19658603 0.94126433 0.09748381 0.98217590 -0.16070908 0.36504534 -0.18264626 0.17639110 0.96722620 -0.31814975
0.97771242 -0.06545544 0.19948438 0.94491535 0.09866742 0.98194614 -0.16138934 0.37312922 -0.18531910 0.17747497 0.96651925 -0.31722084
0.97726382 -0.06586002 0.20153879 0.95164883 0.09962793 0.98170049 -0.16229117 0.38243487 -0.18716223 0.17868018 0.96594187 -0.31636882
0.97717010 -0.06611488 0.20190942 0.96416742 0.10015048 0.98147842 -0.16330948 0.39260301 -0.18737255 0.17980246 0.96569281 -0.31670016
0.97701499 -0.06668215 0.20247269 0.97562319 0.10098079 0.98126029 -0.16410707 0.40265229 -0.18773540 0.18078092 0.96543963 -0.31751379
0.97683932 -0.06680011 0.20327984 0.98591012 0.10138535 0.98110337 -0.16479439 0.41290012 -0.18843025 0.18158724 0.96515290 -0.31755856
0.97669051 -0.06701781 0.20392220 0.99515963 0.10189261 0.98090705 -0.16564799 0.42392021 -0.18892735 0.18256498 0.96487123 -0.31653571
0.97620707 -0.06727074 0.20614170 0.99779350 0.10257590 0.98082993 -0.16568292 0.43244863 -0.19104434 0.18288601 0.96439347 -0.31479076
0.97595364 -0.06740043 0.20729608 1.00417995 0.10303438 0.98069011 -0.16622525 0.44416681 -0.19208956 0.18358676 0.96405264 -0.31269136
0.97569099 -0.06747079 0.20850610 1.00947726 0.10330426 0.98068920 -0.16606302 0.45421380 -0.19327528 0.18356576 0.96381963 -0.31224611
0.97553627 -0.06767526 0.20916270 1.01674974 0.10354776 0.98073729 -0.16562680 0.46561173 -0.19392482 0.18323329 0.96375242 -0.31203598
0.97561328 -0.06780017 0.20876271 1.02625430 0.10342889 0.98089075 -0.16479018 0.47581896 -0.19360061 0.18236358 0.96398254 -0.31319973
0.97576954 -0.06807175 0.20794241 1.03622448 0.10343864 0.98097973 -0.16425349 0.48832867 -0.19280627 0.18178284 0.96425139 -0.31317970
0.97571437 -0.06833190 0.20811588 1.04128289 0.10337039 0.98128860 -0.16244153 0.49809408 -0.19312180 0.18000956 0.96452088 -0.31415513
0.97576224 -0.06864776 0.20778722 1.04762185 0.10315318 0.98170034 -0.16007456 0.50712883 -0.19299602 0.17762862 0.96498736 -0.31459555
0.97615073 -0.06909693 0.20580419 1.05848873 0.10282424 0.98207350 -0.15798362 0.51876742 -0.19119865 0.17537749 0.96575660 -0.31403732
0.97631556 -0.06930401 0.20495093 1.06376779 0.10229482 0.98259901 -0.15503213 0.52775019 -0.19064024 0.17232570 0.96641614 -0.31342286
0.97658836 -0.06985042 0.20346032 1.07134664 0.10188790 0.98319052 -0.15150993 0.53671050 -0.18945722 0.16869298 0.96728933 -0.31452328
0.97706761 -0.07008892 0.20106322 1.08167708 0.10120852 0.98365483 -0.14892956 0.54910028 -0.18733850 0.16586356 0.96819087 -0.31309903
0.97745066 -0.07040767 0.19908032 1.08986568 0.10052578 0.98424193 -0.14547298 0.55944246 -0.18570079 0.16220536 0.96912571 -0.31342986
0.97766755 -0.07061756 0.19793769 1.09504616 0.09979704 0.98488799 -0.14154930 0.56838298 -0.18495059 0.15814175 0.96994044 -0.31349409
0.97785323 -0.07089012 0.19692040 1.10004520 0.09908624 0.98556994 -0.13723631 0.57640147 -0.18435013 0.15370908 0.97076699 -0.31408060
0.97817166 -0.07101591 0.19528684 1.10746396 0.09826614 0.98615269 -0.13359132 0.58610499 -0.18309553 0.14986533 0.97160507 -0.31343579
0.97851016 -0.07171777 0.19332468 1.11698687 0.09798578 0.98666989 -0.12992815 0.59666449 -0.18142949 0.14607909 0.97249383 -0.31358188
0.97878469 -0.07232702 0.19170114 1.12594032 0.09772580 0.98713727 -0.12652935 0.60762334 -0.18008385 0.14257913 0.97326307 -0.31334415
0.97876393 -0.07343393 0.19138608 1.13064647 0.09797489 0.98767192 -0.12208646 0.61466724 -0.18006137 0.13824485 0.97389233 -0.31498635
0.97875518 -0.07418355 0.19114156 1.13624954 0.09790267 0.98820071 -0.11778971 0.62205189 -0.18014817 0.13400055 0.97446934 -0.31675571
0.97866322 -0.07497676 0.19130288 1.14071405 0.09809127 0.98858477 -0.11436018 0.63078409 -0.18054476 0.13068524 0.97484612 -0.31697559
0.97840860 -0.07560819 0.19235385 1.14362001 0.09840984 0.98883668 -0.11188175 0.64145947 -0.18174737 0.12839558 0.97492691 -0.31445453
0.97818086 -0.07619838 0.19327703 1.14925909 0.09857028 0.98915364 -0.10889894 0.64929813 -0.18288276 0.12557423 0.97508205 -0.31463599
0.97779803 -0.07694642 0.19491091 1.15483057 0.09901957 0.98940756 -0.10614987 0.65780824 -0.18467847 0.12309313 0.97505997 -0.31700471
0.97709426 -0.07808209 0.19796464 1.15632164 0.10006583 0.98957438 -0.10358269 0.66470325 -0.18781278 0.12101954 0.97472079 -0.31813496
0.97646978 -0.07946494 0.20047965 1.16144633 0.10156422 0.98953881 -0.10245801 0.67530477 -0.19024058 0.12040872 0.97432554 -0.31705844
0.97555383 -0.08106969 0.20426071 1.16364110 0.10329185 0.98955292 -0.10057740 0.68242562 -0.19397300 0.11921713 0.97373598 -0.31905109
0.97456356 -0.08311980 0.20812731 1.16686988 0.10549094 0.98950118 -0.09878804 0.68895090 -0.19773097 0.11823077 0.97310017 -0.32308218
0.97359232 -0.08503149 0.21186701 1.17206049 0.10778129 0.98930948 -0.09823414 0.69813704 -0.20124905 0.11847530 0.97234892 -0.32434884
0.97250245 -0.08696298 0.21604726 1.17708552 0.11012130 0.98911895 -0.09755507 0.70583308 -0.20521276 0.11866395 0.97149709 -0.32772717
0.97118985 -0.08865295 0.22120337 1.17972612 0.11234912 0.98893007 -0.09692781 0.71242255 -0.21016173 0.11898731 0.97039892 -0.33140135
0.96964583 -0.09032786 0.22721762 1.17954755 0.11482764 0.98863806 -0.09700207 0.71969366 -0.21587400 0.12014852 0.96900090 -0.33329362
0.96823670 -0.09208643 0.23246029 1.18328750 0.11736809 0.98830522 -0.09735253 0.72719204 -0.22077688 0.12154372 0.96772139 -0.33790272
0.96690305 -0.09357093 0.23736675 1.18972027 0.11993976 0.98781582 -0.09916836 0.73807973 -0.22519535 0.12435590 0.96634500 -0.34025449
0.96509197 -0.09572898 0.24378976 1.19042873 0.12328526 0.98728205 -0.10037382 0.74625325 -0.23108057 0.12692566 0.96461995 -0.34433737
0.96366879 -0.09744406 0.24869079 1.19774044 0.12632721 0.98663488 -0.10292250 0.75771797 -0.23533782 0.13059962 0.96309909 -0.34772387
0.96183026 -0.09866129 0.25524205 1.19852483 0.12938037 0.98586255 -0.10646950 0.77046001 -0.24112916 0.13542890 0.96099726 -0.34599403
0.95948002 -0.10015990 0.26337443 1.19334376 0.13236720 0.98535497 -0.10749192 0.77376074 -0.24875092 0.13799849 0.95868629 -0.35102880
0.95774774 -0.10200904 0.26891155 1.19766045 0.13568442 0.98465688 -0.10972955 0.78003275 -0.25359220 0.14158034 0.95689393 -0.35981137
0.95573892 -0.10293439 0.27562224 1.19870341 0.13815441 0.98411075 -0.11153201 0.78673089 -0.25976233 0.14467391 0.95477379 -0.36476174
0.95374606 -0.10372781 0.28215065 1.19991422 0.14102455 0.98327889 -0.11521589 0.79641980 -0.26548169 0.14967688 0.95242654 -0.37075213
0.95168945 -0.10472464 0.28865195 1.20080841 0.14412394 0.98240801 -0.11875514 0.80467826 -0.27113740 0.15461967 0.95004067 -0.37678134
0.94969739 -0.10526616 0.29494728 1.20192826 0.14695591 0.98147906 -0.12289353 0.81397223 -0.27654805 0.16005591 0.94757759 -0.38311535
0.94769827 -0.10597989 0.30105854 1.20313144 0.15008435 0.98044228 -0.12730916 0.82350612 -0.28167831 0.16583485 0.94506938 -0.39010587
0.94569382 -0.10619885 0.30722143 1.20324159 0.15278325 0.97944072 -0.13173137 0.83214688 -0.28691546 0.17151583 0.94247644 -0.39709014
0.94369729 -0.10624388 0.31328528 1.20327461 0.15538925 0.97840970 -0.13626678 0.84064251 -0.29204385 0.17727576 0.93983174 -0.40423468
0.94180312 -0.10620681 0.31894670 1.20378923 0.15810664 0.97723757 -0.14145324 0.84995711 -0.29666340 0.18364870 0.93715739 -0.41197219
0.93980714 -0.10618710 0.32478738 1.20346749 0.16086725 0.97606234 -0.14636949 0.85801125 -0.30147018 0.18980675 0.93439238 -0.41892117
0.93805091 -0.10553661 0.33003411 1.20340776 0.16320375 0.97478832 -0.15215871 0.86754429 -0.30565508 0.19659542 0.93162504 -0.42663878
0.93632890 -0.10452505 0.33520547 1.20275414 0.16524747 0.97351035 -0.15802175 0.87695211 -0.30980877 0.20335219 0.92879837 -0.43433917
0.93469139 -0.10360878 0.34002533 1.20189011 0.16737285 0.97218174 -0.16385662 0.88564724 -0.31358943 0.21006638 0.92603120 -0.44180214
0.93310547 -0.10241219 0.34471135 1.20026302 0.16923084 0.97086470 -0.16965451 0.89348519 -0.31729339 0.21664135 0.92325047 -0.44941050
0.93168838 -0.10099396 0.34893694 1.19891429 0.17084646 0.96953116 -0.17555857 0.90038592 -0.32057488 0.22318053 0.92055537 -0.45628941
0.93039561 -0.09946176 0.35280499 1.19746375 0.17237609 0.96813822 -0.18164490 0.90753305 -0.32349728 0.22981677 0.91789638 -0.46322155
0.92913614 -0.09777809 0.35657463 1.19526875 0.17382097 0.96669514 -0.18784773 0.91458952 -0.32633157 0.23651626 0.91518728 -0.47038791
0.92804114 -0.09558103 0.36000544 1.19289041 0.17485358 0.96519445 -0.19448884 0.92231452 -0.32888581 0.24344188 0.91245284 -0.47734153
0.92714180 -0.09381258 0.36277717 1.19104910 0.17624291 0.96355444 -0.20124928 0.93031090 -0.33067584 0.25052352 0.90988541 -0.48452851
0.92620992 -0.09192388 0.36562985 1.18783486 0.17741880 0.96199475 -0.20757813 0.93641883 -0.33265260 0.25713053 0.90731810 -0.49135324
0.92551235 -0.08984626 0.36790562 1.18545508 0.17844050 0.96031461 -0.21437077 0.94340605 -0.33404473 0.26405206 0.90481524 -0.49786463
0.92479473 -0.08738561 0.37029510 1.18183351 0.17908138 0.95868958 -0.22100710 0.94890821 -0.33568522 0.27069916 0.90224021 -0.50307339
0.92418253 -0.08507031 0.37235696 1.17814529 0.17972511 0.95706839 -0.22741807 0.95346224 -0.33702455 0.27709770 0.89979515 -0.50823641
0.92367677 -0.08285583 0.37410713 1.17460358 0.18033834 0.95545086 -0.23364874 0.95719862 -0.33808182 0.28328177 0.89746985 -0.51280195
0.92328928 -0.08041575 0.37559314 1.17104375 0.18082703 0.95370189 -0.24032121 0.96213871 -0.33887828 0.28980339 0.89508408 -0.51718014
0.92293287 -0.07787544 0.37700176 1.16673851 0.18110780 0.95201468 -0.24671445 0.96564752 -0.33969821 0.29597884 0.89274949 -0.52182758
0.92266128 -0.07570235 0.37810753 1.16285789 0.18160130 0.95030091 -0.25288170 0.96802181 -0.34017219 0.30198897 0.89055350 -0.52488971
0.92244187 -0.07303815 0.37916542 1.15816760 0.18166195 0.94857782 -0.25922781 0.97133058 -0.34073439 0.30800251 0.88827615 -0.52831668
0.92230077 -0.07053162 0.37998233 1.15362406 0.18176951 0.94683631 -0.26544461 0.97391129 -0.34105883 0.31388897 0.88608836 -0.53114682
0.92221006 -0.06827102 0.38061485 1.14864051 0.18207357 0.94501707 -0.27164676 0.97640938 -0.34114193 0.31981528 0.88393460 -0.53387976
0.92209203 -0.06626201 0.38125533 1.14389718 0.18234068 0.94339814 -0.27704121 0.97580934 -0.34131826 0.32497585 0.88198217 -0.53484356
0.92200000 -0.06390490 0.38187976 1.13793433 0.18240811 0.94166897 -0.28281942 0.97630721 -0.34153078 0.33041747 0.87987557 -0.53630024
0.92196938 -0.06134071 0.38237387 1.13155484 0.18226151 0.93991679 -0.28868178 0.97766662 -0.34169168 0.33584780 0.87775455 -0.53732622
0.92188576 -0.05921901 0.38290959 1.12457752 0.18240136 0.93822579 -0.29404440 0.97735566 -0.34184263 0.34091857 0.87573863 -0.53864521
0.92194758 -0.05710280 0.38308213 1.11848915 0.18245941 0.93647945 -0.29952430 0.97725284 -0.34164487 0.34604264 0.87380391 -0.53870118
0.92201038 -0.05492550 0.38324932 1.11175096 0.18239472 0.93477782 -0.30483208 0.97674334 -0.34150991 0.35096100 0.87189297 -0.53859925
0.92214509 -0.05267907 0.38324058 1.10463357 0.18214232 0.93312525 -0.31000234 0.97601014 -0.34128083 0.35567147 0.87007195 -0.53819823
0.92227497 -0.05046547 0.38322593 1.09708893 0.18178244 0.93158717 -0.31480231 0.97377038 -0.34112172 0.35999803 0.86835326 -0.53720981
0.92244920 -0.04857613 0.38305069 1.08978307 0.18157921 0.93008635 -0.31932486 0.97113872 -0.34075865 0.36411501 0.86677783 -0.53531837
0.92270280 -0.04683618 0.38265638 1.08313072 0.18144525 0.92853975 -0.32386965 0.96843815 -0.34014284 0.36826662 0.86526443 -0.53312331
0.92300349 -0.04521643 0.38212567 1.07651448 0.18129338 0.92704483 -0.32820817 0.96529865 -0.33940722 0.37221414 0.86386305 -0.53048241
0.92317239 -0.04352324 0.38191421 1.06807280 0.18114281 0.92558590 -0.33238235 0.96219438 -0.33902805 0.37602722 0.86235927 -0.52835369
0.92335188 -0.04188189 0.38166375 1.05963480 0.18105666 0.92406851 -0.33662424 0.96007907 -0.33858500 0.37992539 0.86082338 -0.52594960
0.92357793 -0.04017523 0.38130008 1.05051374 0.18054805 0.92290208 -0.34007964 0.95526671 -0.33823986 0.38293304 0.85962555 -0.52337641
0.92384271 -0.03883619 0.38079706 1.04225206 0.18026230 0.92175626 -0.34332332 0.95036942 -0.33766870 0.38582010 0.85855850 -0.52032620
0.92416450 -0.03753437 0.38014623 1.03355145 0.17989563 0.92066229 -0.34643689 0.94576663 -0.33698301 0.38855131 0.85759567 -0.51751244
0.92436764 -0.03611250 0.37978989 1.02330661 0.17957090 0.91952049 -0.34962318 0.94238573 -0.33659882 0.39137956 0.85645973 -0.51485461
0.92472411 -0.03477375 0.37904630 1.01493585 0.17914702 0.91839097 -0.35279508 0.93880218 -0.33584470 0.39414313 0.85548789 -0.51005828
0.92497644 -0.03366286 0.37853057 1.00516331 0.17885398 0.91741972 -0.35546071 0.93390775 -0.33530558 0.39649448 0.85461237 -0.50643414
0.92518599 -0.03253736 0.37811665 0.99457133 0.17848386 0.91656340 -0.35784780 0.92903072 -0.33492446 0.39856349 0.85379901 -0.50287300
0.92551215 -0.03165380 0.37739277 0.98532164 0.17818595 0.91570927 -0.36017538 0.92428607 -0.33418113 0.40059277 0.85314032 -0.49831375
0.92570881 -0.03076378 0.37698380 0.97565532 0.17799972 0.91485414 -0.36243344 0.92033064 -0.33373536 0.40261084 0.85236449 -0.49257982
0.92593933 -0.03038830 0.37644774 0.96636987 0.17798197 0.91424475 -0.36397658 0.91488701 -0.33310475 0.40402115 0.85194374 -0.48750991
0.92603646 -0.02954616 0.37627584 0.95476067 0.17776763 0.91357442 -0.36576010 0.91111028 -0.33294918 0.40559685 0.85125557 -0.48255360
0.92624992 -0.02898134 0.37579404 0.94391161 0.17735988 0.91326811 -0.36672174 0.90503854 -0.33257262 0.40632677 0.85105464 -0.47792292
0.92637241 -0.02843111 0.37553406 0.93301696 0.17716466 0.91282244 -0.36792375 0.90065259 -0.33233544 0.40736577 0.85065051 -0.47210875
0.92639205 -0.02788292 0.37552671 0.91973394 0.17686988 0.91262276 -0.36856037 0.89524734 -0.33243769 0.40785076 0.85037812 -0.46756738
0.92671410 -0.02787933 0.37473153 0.91039163 0.17660434 0.91255659 -0.36885143 0.88946933 -0.33168040 0.40799903 0.85060267 -0.46239668
0.92681081 -0.02795689 0.37448650 0.89869010 0.17655709 0.91257394 -0.36883114 0.88368100 -0.33143525 0.40795493 0.85071937 -0.45736566
0.92702453 -0.02792523 0.37395950 0.88813448 0.17632627 0.91256754 -0.36895737 0.87871116 -0.33096007 0.40797141 0.85089644 -0.45204923
0.92722487 -0.02816841 0.37344422 0.87766129 0.17622251 0.91269165 -0.36869984 0.87358570 -0.33045373 0.40767694 0.85123430 -0.44663280
0.92733880 -0.02832988 0.37314899 0.86585057 0.17611023 0.91285082 -0.36835929 0.86906105 -0.33019378 0.40730922 0.85151117 -0.44082084
0.92738939 -0.02852576 0.37300831 0.85353774 0.17604848 0.91305869 -0.36787330 0.86453199 -0.33008461 0.40682934 0.85178286 -0.43486968
0.92737766 -0.02876169 0.37301935 0.84046811 0.17594320 0.91343490 -0.36698865 0.85964632 -0.33017368 0.40596730 0.85215955 -0.42892852
0.92746228 -0.02924760 0.37277110 0.82807314 0.17589113 0.91387423 -0.36591831 0.85515547 -0.32996367 0.40494256 0.85272827 -0.42342621
0.92745610 -0.02973065 0.37274827 0.81530219 0.17587846 0.91437057 -0.36468236 0.85041016 -0.32998780 0.40378527 0.85326755 -0.41716078
0.92760427 -0.03025244 0.37233736 0.80403787 0.17567509 0.91495202 -0.36331951 0.84599435 -0.32967952 0.40242713 0.85402800 -0.41094044
0.92788742 -0.03108173 0.37156273 0.79321325 0.17543336 0.91571839 -0.36150098 0.84087956 -0.32901075 0.40061671 0.85513635 -0.40631798
0.92803622 -0.03187839 0.37112335 0.78151286 0.17537446 0.91638803 -0.35982883 0.83677977 -0.32862223 0.39901974 0.85603193 -0.40059423
0.92828813 -0.03297248 0.37039704 0.77082342 0.17539635 0.91712478 -0.35793610 0.83255887 -0.32789826 0.39723412 0.85713930 -0.39577740
0.92833930 -0.03387202 0.37018755 0.75780004 0.17537802 0.91795428 -0.35581244 0.82828021 -0.32776316 0.39523743 0.85811345 -0.39108106
0.92828924 -0.03464507 0.37024155 0.74351943 0.17543979 0.91867867 -0.35390730 0.82512236 -0.32787188 0.39348344 0.85887765 -0.38483822
0.92832011 -0.03532516 0.37009987 0.72946960 0.17526430 0.91950184 -0.35185051 0.82198066 -0.32787834 0.39149520 0.85978329 -0.37894222
0.92853810 -0.03634357 0.36945384 0.71708864 0.17515963 0.92034620 -0.34968840 0.81929368 -0.32731651 0.38941240 0.86094244 -0.37473220
0.92873906 -0.03715130 0.36886792 0.70583349 0.17495462 0.92112721 -0.34772911 0.81687319 -0.32685569 0.38748476 0.86198661 -0.36856472
0.92897600 -0.03782920 0.36820176 0.69321615 0.17456898 0.92195752 -0.34571665 0.81493551 -0.32638820 0.38543908 0.86308022 -0.36305934
0.92910722 -0.03891386 0.36775738 0.67931837 0.17446324 0.92295261 -0.34310502 0.81211483 -0.32607109 0.38294149 0.86431097 -0.35914919
0.92940428 -0.03999609 0.36688961 0.66822529 0.17421317 0.92392885 -0.34059543 0.80986404 -0.32535742 0.38046785 0.86567128 -0.35493264
0.92965751 -0.04066257 0.36617410 0.65546316 0.17377348 0.92478561 -0.33848833 0.80877018 -0.32486874 0.37830956 0.86679996 -0.35038167
0.92978828 -0.04145826 0.36575260 0.64152038 0.17349930 0.92569744 -0.33612832 0.80701524 -0.32464095 0.37598599 0.86789561 -0.34571755
0.93015678 -0.04283521 0.36465533 0.63016886 0.17339944 0.92668464 -0.33344896 0.80508971 -0.32363714 0.37339084 0.86938960 -0.34276333
0.93050443 -0.04392615 0.36363719 0.61776382 0.17309867 0.92766096 -0.33088065 0.80339062 -0.32279771 0.37083102 0.87079618 -0.33979344
0.93044225 -0.04473901 0.36369719 0.60055208 0.17296526 0.92861479 -0.32826451 0.80199385 -0.32304836 0.36833815 0.87176073 -0.33550224
0.93050455 -0.04544852 0.36344973 0.58514804 0.17266945 0.92952552 -0.32583365 0.80115259 -0.32302715 0.36594636 0.87277530 -0.33037636
0.93055551 -0.04630933 0.36321054 0.56927669 0.17248081 0.93045606 -0.32326752 0.80007184 -0.32298115 0.36346522 0.87382848 -0.32587749
0.93090041 -0.04738148 0.36218699 0.55692154 0.17219847 0.93138112 -0.32074430 0.79903609 -0.32213679 0.36094905 0.87518208 -0.32164225
