0.99997599 -0.00417532 0.00553116 0.01452091 0.00415474 0.99998442 0.00372710 0.00463249 -0.00554664 -0.00370403 0.99997776 -0.00940990
0.99997599 -0.00417532 0.00553116 0.01452091 0.00415474 0.99998442 0.00372710 0.00463249 -0.00554664 -0.00370403 0.99997776 -0.00940990
0.99992171 -0.00707562 0.01032016 0.02524573 0.00699882 0.99994769 0.00745893 0.00803898 -0.01037240 -0.00738611 0.99991893 -0.01605475
0.99985030 -0.00868915 0.01496242 0.03432166 0.00854897 0.99991921 0.00940704 0.01281927 -0.01504295 -0.00927772 0.99984380 -0.02194440
0.99979279 -0.01001404 0.01772268 0.04542354 0.00979630 0.99987599 0.01233048 0.01287274 -0.01784396 -0.01215430 0.99976691 -0.02888427
0.99974378 -0.01039886 0.02010564 0.05372990 0.01015780 0.99987574 0.01205526 0.01826282 -0.02022850 -0.01184794 0.99972518 -0.03390885
0.99972184 -0.01106139 0.02083016 0.06402722 0.01083016 0.99987884 0.01118116 0.02279419 -0.02095132 -0.01095246 0.99972050 -0.04011046
0.99971626 -0.01173181 0.02073072 0.07363437 0.01158019 0.99990543 0.00741860 0.03162372 -0.02081579 -0.00717643 0.99975757 -0.04534631
0.99973938 -0.01128337 0.01984595 0.08210995 0.01120267 0.99992854 0.00417305 0.03744891 -0.01989162 -0.00394963 0.99979434 -0.04991132
0.99977704 -0.01042889 0.01836034 0.09049925 0.01043694 0.99994547 -0.00034283 0.04431225 -0.01835576 0.00053437 0.99983138 -0.05477642
0.99982482 -0.00901027 0.01640590 0.09723041 0.00910864 0.99994092 -0.00593151 0.05178425 -0.01635149 0.00607991 0.99984782 -0.05858538
0.99987383 -0.00721120 0.01415382 0.10284922 0.00737749 0.99990396 -0.01173221 0.05755940 -0.01406786 0.01183515 0.99983100 -0.06340385
0.99993259 -0.00530167 0.01032998 0.11037989 0.00549705 0.99980478 -0.01897829 0.06596161 -0.01022735 0.01903380 0.99976653 -0.06694672
0.99997518 -0.00307782 0.00633814 0.11672592 0.00324533 0.99964117 -0.02658930 0.07311209 -0.00625403 0.02660921 0.99962635 -0.07051887
0.99999836 -0.00106699 0.00146095 0.12415236 0.00111825 0.99936737 -0.03554720 0.08278543 -0.00142210 0.03554877 0.99936693 -0.07389693
0.99999338 0.00155984 -0.00328832 0.12836695 -0.00170636 0.99898384 -0.04503739 0.09187020 0.00321473 0.04504270 0.99897989 -0.07552460
0.99995432 0.00426305 -0.00855466 0.13367665 -0.00472060 0.99851909 -0.05419728 0.09912577 0.00831094 0.05423518 0.99849360 -0.07884017
0.99986213 0.00631646 -0.01535627 0.14180908 -0.00730326 0.99785349 -0.06507745 0.10952758 0.01491224 0.06518063 0.99776205 -0.08179463
0.99973469 0.00903581 -0.02118736 0.14636937 -0.01060898 0.99710040 -0.07535412 0.11796478 0.02044504 0.07555890 0.99693172 -0.08364152
0.99955826 0.01169290 -0.02732324 0.15053728 -0.01401134 0.99617386 -0.08626311 0.12572294 0.02621003 0.08660784 0.99589764 -0.08620048
0.99935666 0.01391251 -0.03305613 0.15263949 -0.01707868 0.99508733 -0.09751679 0.13496922 0.03153704 0.09801861 0.99468476 -0.08794969
0.99907626 0.01568070 -0.04000932 0.15779354 -0.01999007 0.99376466 -0.10969142 0.14544575 0.03803981 0.11038988 0.99316013 -0.08953984
0.99879863 0.01764844 -0.04571467 0.15875116 -0.02307042 0.99239223 -0.12093559 0.15266998 0.04323256 0.12184495 0.99160716 -0.09016726
0.99842426 0.01963849 -0.05256732 0.16273645 -0.02650312 0.99072704 -0.13325732 0.16378337 0.04946289 0.13444054 0.98968640 -0.09022403
0.99806387 0.02114290 -0.05849350 0.16520277 -0.02944661 0.98899907 -0.14496114 0.17255975 0.05478511 0.14640292 0.98770683 -0.09124658
0.99761090 0.02265315 -0.06526351 0.16972968 -0.03270679 0.98699920 -0.15736218 0.18388200 0.06085028 0.15912078 0.98538207 -0.09178684
0.99718616 0.02343698 -0.07120721 0.17319362 -0.03522740 0.98496294 -0.16913614 0.19339322 0.06617242 0.17116867 0.98301704 -0.09288292
0.99667166 0.02475787 -0.07767014 0.17856885 -0.03852496 0.98270764 -0.18111192 0.20443577 0.07184310 0.18350136 0.98039065 -0.09337210
0.99622092 0.02540115 -0.08305812 0.18139517 -0.04106193 0.98040269 -0.19267717 0.21424474 0.07653619 0.19535955 0.97774069 -0.09345396
0.99582720 0.02550368 -0.08762282 0.18302575 -0.04296155 0.97811909 -0.20356165 0.22270286 0.08051398 0.20647664 0.97513327 -0.09421396
0.99532865 0.02578470 -0.09303774 0.18788771 -0.04543718 0.97538614 -0.21577149 0.23649584 0.08518412 0.21899092 0.97200136 -0.09249503
0.99498454 0.02572575 -0.09666414 0.18928635 -0.04708782 0.97305331 -0.22572105 0.24415168 0.08825252 0.22914066 0.96938437 -0.09292331
0.99466621 0.02576254 -0.09987706 0.19125222 -0.04884015 0.97051070 -0.23605850 0.25519153 0.09085028 0.23967742 0.96659245 -0.09193252
0.99441888 0.02517934 -0.10245530 0.19342098 -0.04980424 0.96812437 -0.24546841 0.26436403 0.09300874 0.24920113 0.96397519 -0.09187132
0.99420983 0.02507194 -0.10449024 0.19577269 -0.05104555 0.96587352 -0.25393444 0.27296308 0.09455772 0.25779788 0.96156076 -0.09139489
0.99408923 0.02416291 -0.10584312 0.19812195 -0.05143548 0.96338086 -0.26315720 0.28429866 0.09560859 0.26704583 0.95892936 -0.09014485
0.99397964 0.02330228 -0.10705831 0.20243263 -0.05177973 0.96102448 -0.27157100 0.29578742 0.09655743 0.27547950 0.95644535 -0.08879797
0.99403818 0.02216997 -0.10675484 0.20484574 -0.05134407 0.95893435 -0.27894211 0.30589125 0.09618674 0.28276033 0.95435565 -0.08796215
0.99414953 0.02095576 -0.10596019 0.20877247 -0.05061812 0.95699666 -0.28564872 0.31604767 0.09541757 0.28934104 0.95245853 -0.08753725
0.99433323 0.01998577 -0.10441263 0.21204765 -0.04984006 0.95517990 -0.29180015 0.32693407 0.09390100 0.29535052 0.95076321 -0.08569282
0.99465345 0.01883924 -0.10153621 0.21396354 -0.04837896 0.95365770 -0.29697890 0.33535174 0.09123593 0.30030330 0.94947034 -0.08510568
0.99496374 0.01768717 -0.09866264 0.21888651 -0.04688752 0.95210526 -0.30215417 0.34552902 0.08859296 0.30525849 0.94813952 -0.08438487
0.99541524 0.01653586 -0.09420758 0.22003187 -0.04476840 0.95094075 -0.30611677 0.35394308 0.08452392 0.30893082 0.94732120 -0.08248135
0.99584924 0.01549644 -0.08968915 0.22329859 -0.04273317 0.94964442 -0.31040191 0.36308303 0.08036268 0.31294621 0.94636489 -0.08043397
0.99625524 0.01434095 -0.08526336 0.22827812 -0.04055586 0.94844079 -0.31434900 0.37364486 0.07635918 0.31662977 0.94547071 -0.07878261
0.99668093 0.01301439 -0.08036012 0.23383465 -0.03801094 0.94732246 -0.31801782 0.38420737 0.07198814 0.32001686 0.94467292 -0.07708441
0.99716620 0.01174602 -0.07430745 0.23760626 -0.03502765 0.94662924 -0.32041559 0.39058149 0.06657799 0.32211042 0.94435812 -0.07706424
0.99757607 0.01069857 -0.06875699 0.24437173 -0.03247068 0.94550378 -0.32398805 0.40202624 0.06154379 0.32543531 0.94355934 -0.07516860
0.99797702 0.00970898 -0.06282988 0.25050482 -0.02972515 0.94485342 -0.32614175 0.40937939 0.05619853 0.32734960 0.94323060 -0.07481390
0.99832396 0.00869936 -0.05721536 0.25914326 -0.02712535 0.94365452 -0.32981868 0.42217767 0.05112232 0.33081788 0.94230889 -0.07176396
0.99872753 0.00724729 -0.04990784 0.26310953 -0.02341942 0.94309181 -0.33170675 0.42900494 0.04466370 0.33245348 0.94206148 -0.07098947
0.99906508 0.00613635 -0.04279378 0.26837906 -0.02012047 0.94213212 -0.33463748 0.43884072 0.03826394 0.33518565 0.94137477 -0.06823739
0.99935059 0.00449381 -0.03575187 0.27518773 -0.01627156 0.94154947 -0.33648154 0.44523364 0.03215007 0.33684477 0.94101114 -0.06819625
0.99957645 0.00362889 -0.02887484 0.28198537 -0.01317495 0.94112293 -0.33780772 0.44980255 0.02594891 0.33804506 0.94077212 -0.06750486
0.99973852 0.00265884 -0.02271154 0.29228559 -0.01023088 0.94027020 -0.34027531 0.45800743 0.02045025 0.34041870 0.94005154 -0.06665240
0.99985870 0.00173859 -0.01671976 0.30274081 -0.00737910 0.93907679 -0.34362818 0.46813452 0.01510371 0.34370300 0.93895693 -0.06445953
0.99995949 0.00049593 -0.00898680 0.30645832 -0.00357060 0.93840663 -0.34551446 0.47246537 0.00826192 0.34553256 0.93837039 -0.06232886
0.99999819 -0.00055096 -0.00182348 0.31270063 -0.00011841 0.93743027 -0.34817305 0.47819403 0.00190122 0.34817263 0.93742851 -0.06081155
0.99998911 -0.00175699 0.00432374 0.32236239 0.00316095 0.93656561 -0.35047805 0.48176330 -0.00343369 0.35048790 0.93656097 -0.06221204
0.99995328 -0.00210255 0.00943541 0.33419305 0.00531449 0.93489061 -0.35489618 0.49143562 -0.00807488 0.35492974 0.93485810 -0.05870659
0.99988896 -0.00290402 0.01461647 0.34530836 0.00795440 0.93342138 -0.35869382 0.49687508 -0.01260167 0.35877026 0.93334083 -0.05838824
0.99978922 -0.00321157 0.02027794 0.35326472 0.01034511 0.93194214 -0.36245942 0.50134563 -0.01773381 0.36259280 0.93177893 -0.05687536
0.99967299 -0.00290833 0.02540589 0.36361316 0.01206161 0.92967752 -0.36817689 0.51083273 -0.02254851 0.36836293 0.92940858 -0.05296772
0.99954296 -0.00382030 0.02998795 0.37501416 0.01473214 0.92777448 -0.37285047 0.51538080 -0.02639766 0.37312185 0.92740673 -0.05358740
0.99935673 -0.00484487 0.03553373 0.38177320 0.01789458 0.92603664 -0.37700919 0.51637661 -0.03107897 0.37740254 0.92552765 -0.05267994
0.99921614 -0.00522329 0.03924046 0.39474809 0.01982564 0.92401444 -0.38184324 0.52008194 -0.03426427 0.38232189 0.92339370 -0.05446418
0.99900493 -0.00561872 0.04424454 0.40214288 0.02228421 0.92221062 -0.38604532 0.51989537 -0.03863370 0.38664713 0.92141816 -0.05611256
0.99886374 -0.00541032 0.04734936 0.41633758 0.02359866 0.91932876 -0.39278203 0.52779853 -0.04140455 0.39345311 0.91841184 -0.05410479
0.99862904 -0.00482555 0.05212245 0.42304504 0.02518545 0.91720462 -0.39761965 0.52816302 -0.04588822 0.39838726 0.91606870 -0.05358249
0.99841114 -0.00495597 0.05613047 0.43200144 0.02722490 0.91457134 -0.40350721 0.53072596 -0.04933555 0.40439424 0.91325314 -0.05312531
0.99834648 -0.00472051 0.05728892 0.45067954 0.02787844 0.91132976 -0.41073210 0.53879261 -0.05027023 0.41165007 0.90995446 -0.05302465
0.99810150 -0.00439168 0.06143372 0.45772225 0.02961454 0.90880240 -0.41617446 0.53983289 -0.05400341 0.41720369 0.90720710 -0.05360231
0.99794335 -0.00463333 0.06393435 0.47117442 0.03119127 0.90644501 -0.42117045 0.53934997 -0.05600155 0.42229844 0.90472529 -0.05926338
0.99775626 -0.00464231 0.06678989 0.48197114 0.03284665 0.90322547 -0.42790753 0.54335153 -0.05833985 0.42914124 0.90135135 -0.05977830
0.99762890 -0.00463071 0.06866677 0.49596480 0.03402544 0.90045506 -0.43361614 0.54465055 -0.05982339 0.43492441 0.89847756 -0.06390549
0.99743173 -0.00447743 0.07148356 0.50593543 0.03553598 0.89747559 -0.43963026 0.54597467 -0.06218634 0.44104141 0.89532973 -0.06131481
0.99722657 -0.00371349 0.07433282 0.51511842 0.03650838 0.89474327 -0.44508609 0.54674286 -0.06485597 0.44656545 0.89239734 -0.06493397
0.99703757 -0.00334403 0.07684335 0.52538472 0.03773410 0.89183356 -0.45078713 0.54846823 -0.06702403 0.45235132 0.88931775 -0.06672350
0.99688731 -0.00271210 0.07879300 0.53674304 0.03850502 0.88885397 -0.45656981 0.55055702 -0.06879721 0.45818257 0.88619167 -0.07085804
0.99677189 -0.00243217 0.08024893 0.55004823 0.03940717 0.88567329 -0.46263365 0.55447429 -0.06994913 0.46430260 0.88291008 -0.07225984
0.99659866 -0.00128774 0.08239815 0.55878645 0.03976814 0.88326301 -0.46718835 0.55326915 -0.07217761 0.46887610 0.88030994 -0.07560476
0.99635860 -0.00126616 0.08525214 0.56560284 0.04131148 0.88184925 -0.46971828 0.54483664 -0.07458480 0.47152974 0.87869040 -0.08508556
0.99628234 -0.00135659 0.08613744 0.57889700 0.04225881 0.87900837 -0.47492998 0.54881942 -0.07507125 0.47680442 0.87579784 -0.09187089
0.99609155 -0.00070648 0.08832395 0.58719945 0.04323258 0.87589652 -0.48055825 0.55379385 -0.07702313 0.48249849 0.87250366 -0.09271657
0.99595698 -0.00049020 0.08983018 0.59797889 0.04401656 0.87437800 -0.48324493 0.55015498 -0.07830864 0.48524518 0.87086444 -0.10287945
0.99566029 0.00065948 0.09305993 0.60117012 0.04497830 0.87201496 -0.48740832 0.55103874 -0.08147109 0.48947879 0.86820100 -0.10190740
0.99550405 0.00118798 0.09471148 0.61037159 0.04561632 0.87031097 -0.49038553 0.54997426 -0.08301101 0.49250117 0.86634391 -0.10672159
0.99521952 0.00168011 0.09764876 0.61409163 0.04690764 0.86875139 -0.49302201 0.54946202 -0.08566083 0.49524560 0.86451953 -0.11243842
0.99515636 0.00173913 0.09828931 0.62690574 0.04743216 0.86726341 -0.49558487 0.55067056 -0.08610461 0.49784651 0.86298021 -0.11835869
0.99479747 0.00168071 0.10185860 0.62692016 0.04942769 0.86632559 -0.49702804 0.54833251 -0.08907807 0.49947687 0.86173543 -0.12443474
0.99466517 0.00191752 0.10313838 0.63534623 0.04998094 0.86567229 -0.49810982 0.54814440 -0.09023918 0.50060744 0.86095823 -0.13432491
0.99458746 0.00196318 0.10388426 0.64729410 0.05043717 0.86499928 -0.49923175 0.54934901 -0.09083989 0.50176926 0.86021842 -0.14479117
0.99430153 0.00175319 0.10658984 0.65049148 0.05199893 0.86487498 -0.49928687 0.54769719 -0.09306223 0.50198426 0.85985535 -0.15234046
0.99424155 0.00161577 0.10715006 0.66214645 0.05254350 0.86409463 -0.50057932 0.55319560 -0.09339661 0.50332680 0.85903388 -0.15699545
0.99389111 0.00192732 0.11034828 0.66107619 0.05377214 0.86468941 -0.49942045 0.55001807 -0.09637953 0.50230321 0.85930348 -0.16316704
0.99366556 0.00163864 0.11236580 0.66541296 0.05486914 0.86553309 -0.49783716 0.54911298 -0.09807210 0.50084906 0.85996051 -0.17347553
0.99342931 0.00114404 0.11444164 0.66909385 0.05603906 0.86701345 -0.49512351 0.54559243 -0.09978888 0.49828341 0.86125247 -0.18553440
0.99322006 0.00127619 0.11624235 0.67316824 0.05641646 0.86900037 -0.49158473 0.54087770 -0.10164201 0.49480979 0.86303660 -0.19594541
0.99301897 0.00072884 0.11795249 0.67676580 0.05735037 0.87084393 -0.48820260 0.53970540 -0.10307403 0.49155906 0.86472275 -0.20795909
0.99266351 0.00068805 0.12090775 0.67545396 0.05831996 0.87324351 -0.48378152 0.53474510 -0.10591477 0.48728359 0.86679684 -0.21706532
0.99270360 -0.00009814 0.12058010 0.68694240 0.05837659 0.87538636 -0.47988633 0.53552109 -0.10550708 0.48342394 0.86900492 -0.23057766
0.99231260 -0.00043069 0.12375589 0.68310165 0.05966159 0.87778233 -0.47533008 0.53368354 -0.10842602 0.47905950 0.87106016 -0.23942949
0.99210141 -0.00076405 0.12543606 0.68437564 0.06017159 0.88032026 -0.47054821 0.53226423 -0.11006438 0.47437923 0.87341295 -0.24469569
0.99191683 -0.00151650 0.12688064 0.68651021 0.06075208 0.88354874 -0.46438217 0.52808774 -0.11140100 0.46833676 0.87649900 -0.25901645
0.99145948 -0.00219280 0.13039666 0.68035370 0.06214147 0.88699894 -0.45757110 0.52226156 -0.11465834 0.46176624 0.87955978 -0.27013600
0.99173551 -0.00299330 0.12826425 0.69668287 0.06125640 0.88946705 -0.45287529 0.52700734 -0.11273124 0.45698951 0.88229941 -0.27998576
0.99145951 -0.00392949 0.13035566 0.69409740 0.06230866 0.89235735 -0.44700781 0.52584183 -0.11456732 0.45131243 0.88498103 -0.28778610
0.99132940 -0.00509122 0.13130155 0.69690233 0.06298567 0.89538056 -0.44082474 0.52593631 -0.11532052 0.44527264 0.88793775 -0.30114868
0.99120788 -0.00587546 0.13218327 0.69874161 0.06313785 0.89894046 -0.43349701 0.52206504 -0.11627790 0.43803142 0.89140784 -0.31264076
0.99117216 -0.00678358 0.13240742 0.70335233 0.06319359 0.90211882 -0.42683509 0.52225775 -0.11655175 0.43143436 0.89458375 -0.32602301
0.99115060 -0.00792916 0.13250513 0.70825237 0.06333223 0.90552293 -0.41954410 0.52067661 -0.11665980 0.42422323 0.89801177 -0.34185070
0.99111612 -0.00894588 0.13269816 0.71210027 0.06352338 0.90841658 -0.41321192 0.52190048 -0.11684866 0.41797043 0.90091460 -0.34928584
0.99074727 -0.00927838 0.13540218 0.70429629 0.06405097 0.91153534 -0.40620291 0.51870799 -0.11965496 0.41111707 0.90369544 -0.35596412
0.99075972 -0.00978292 0.13527552 0.70988613 0.06350113 0.91478108 -0.39892753 0.51791400 -0.11984482 0.40383148 0.90694948 -0.36577070
0.99109132 -0.01143059 0.13269263 0.72520679 0.06316020 0.91748983 -0.39271262 0.52166480 -0.11725520 0.39759496 0.91003817 -0.37709135
0.99089506 -0.01264436 0.13404140 0.72360063 0.06386549 0.92058609 -0.38528231 0.51901060 -0.11852500 0.39033495 0.91301175 -0.38734728
0.99113043 -0.01369132 0.13218558 0.73531502 0.06311248 0.92384399 -0.37753026 0.51709163 -0.11694997 0.38252428 0.91651398 -0.40213323
0.99102118 -0.01475014 0.13288887 0.73647732 0.06336757 0.92699917 -0.36967160 0.51362884 -0.11773516 0.37477323 0.91961049 -0.41345903
0.99100009 -0.01547330 0.13296392 0.74038583 0.06310491 0.92999902 -0.36210440 0.51015902 -0.11805336 0.36723617 0.92260555 -0.42206621
0.99087371 -0.01647760 0.13378257 0.74173498 0.06343245 0.93273604 -0.35493635 0.50868094 -0.11893532 0.36018326 0.92526883 -0.42960399
0.99092661 -0.01754694 0.13325377 0.74806589 0.06328634 0.93556962 -0.34742527 0.50632995 -0.11857193 0.35270609 0.92819131 -0.44182917
0.99075849 -0.01824996 0.13440446 0.74817485 0.06340506 0.93829148 -0.33998368 0.50143439 -0.11990587 0.34536363 0.93077739 -0.44566423
0.99084713 -0.01968754 0.13354539 0.75679004 0.06357135 0.94078925 -0.33297787 0.50066990 -0.11908256 0.33841983 0.93342989 -0.45254415
0.99091531 -0.02071592 0.13288227 0.76434237 0.06336410 0.94343974 -0.32543272 0.49667493 -0.11862477 0.33089623 0.93618152 -0.45977905
0.99079214 -0.02201731 0.13358954 0.76590008 0.06382871 0.94611943 -0.31746484 0.48989177 -0.11940194 0.32306851 0.93881303 -0.46326262
0.99060119 -0.02262804 0.13489723 0.76643127 0.06366306 0.94916078 -0.30828693 0.47784683 -0.12106323 0.31397736 0.94168036 -0.46969089
0.99057510 -0.02406506 0.13484010 0.77212983 0.06400807 0.95167061 -0.30037647 0.47044438 -0.12109479 0.30617630 0.94424156 -0.47299185
0.99037149 -0.02509941 0.13614087 0.77300966 0.06441094 0.95404040 -0.29267412 0.46278387 -0.12253795 0.29862506 0.94647109 -0.47343346
0.99024630 -0.02668491 0.13674862 0.77612442 0.06517458 0.95620150 -0.28536113 0.45612898 -0.12314440 0.29149034 0.94861417 -0.47323564
0.99011299 -0.02815487 0.13741753 0.78064716 0.06575612 0.95850190 -0.27739908 0.44717062 -0.12390482 0.28369247 0.95087653 -0.47424918
0.99002704 -0.02931970 0.13779267 0.78764963 0.06594841 0.96076774 -0.26939961 0.43751270 -0.12448804 0.27580010 0.95311963 -0.47529346
0.98995874 -0.03108927 0.13789542 0.79488337 0.06663536 0.96296195 -0.26127384 0.42684382 -0.12466523 0.26783904 0.95536424 -0.47677279
0.98972226 -0.03208221 0.13935773 0.79696584 0.06709882 0.96475913 -0.25443577 0.41945481 -0.12628378 0.26117149 0.95699627 -0.47063884
0.98953031 -0.03377569 0.14031738 0.80131179 0.06795010 0.96676251 -0.24648132 0.40800199 -0.12732851 0.25343532 0.95893586 -0.46729156
0.98934296 -0.03484146 0.14137390 0.80478859 0.06830387 0.96854051 -0.23929868 0.39888945 -0.12858883 0.24640485 0.96059854 -0.46181935
0.98899614 -0.03648772 0.14337113 0.80509889 0.06935147 0.97037449 -0.23143838 0.38625041 -0.13067902 0.23883466 0.96222710 -0.45760921
0.98879762 -0.03795965 0.14435488 0.80950367 0.07011885 0.97189548 -0.22472767 0.37696818 -0.13176727 0.23233218 0.96366962 -0.45071793
0.98868179 -0.03904858 0.14485692 0.81739771 0.07035341 0.97346220 -0.21776534 0.36719424 -0.13250931 0.22549181 0.96519155 -0.44666934
0.98830406 -0.04075838 0.14694841 0.81918561 0.07162247 0.97478796 -0.21132592 0.35844997 -0.13463024 0.21937908 0.96630612 -0.43964311
0.98810786 -0.04244779 0.14778714 0.82541174 0.07254279 0.97614288 -0.20465243 0.34846941 -0.13557432 0.21293957 0.96761374 -0.43395919
0.98785559 -0.04394769 0.14902997 0.83105808 0.07346667 0.97728548 -0.19878567 0.34072706 -0.13690865 0.20732027 0.96864561 -0.42751163
0.98742732 -0.04532118 0.15143738 0.83192605 0.07442360 0.97848344 -0.19243515 0.33047345 -0.13945758 0.20128624 0.96955425 -0.42116442
0.98714304 -0.04690835 0.15280129 0.83762830 0.07557640 0.97933332 -0.18760184 0.32562736 -0.14084330 0.19673802 0.97028723 -0.41384697
0.98663282 -0.04796740 0.15573954 0.83765185 0.07641687 0.98029029 -0.18218508 0.31753132 -0.14393102 0.19165091 0.97085210 -0.40654641
0.98633979 -0.04966910 0.15705670 0.84488440 0.07769452 0.98101509 -0.17768781 0.31300172 -0.14524940 0.18746300 0.97147323 -0.40116572
0.98579926 -0.05100863 0.15999355 0.84584314 0.07894228 0.98167774 -0.17342700 0.30807176 -0.14821583 0.18359447 0.97176393 -0.39637721
0.98545129 -0.05234129 0.16169772 0.85200566 0.08005169 0.98219914 -0.16993107 0.30541778 -0.14992495 0.18040296 0.97209942 -0.38962987
0.98521321 -0.05340552 0.16279673 0.86108720 0.08085702 0.98264004 -0.16697515 0.30373585 -0.15105319 0.17766939 0.97242816 -0.38375643
0.98461888 -0.05459124 0.16596826 0.86290848 0.08208335 0.98310657 -0.16359644 0.30025074 -0.15423355 0.17470338 0.97246632 -0.37858039
0.98422887 -0.05581523 0.16786359 0.87033451 0.08324181 0.98342521 -0.16107653 0.29982615 -0.15609077 0.17250944 0.97256165 -0.37518901
0.98406799 -0.05680243 0.16847454 0.88216168 0.08421793 0.98346257 -0.16033939 0.30379882 -0.15658073 0.17197344 0.97257782 -0.36912173
0.98373088 -0.05751613 0.17019238 0.89010662 0.08515337 0.98346386 -0.15983658 0.30871502 -0.15818487 0.17172864 0.97236147 -0.36186883
0.98325759 -0.05826768 0.17265395 0.89570999 0.08614529 0.98356848 -0.15865696 0.31123638 -0.16057241 0.17087399 0.97212066 -0.35771731
0.98272161 -0.05910095 0.17540043 0.90080404 0.08725110 0.98367344 -0.15739699 0.31322491 -0.16323443 0.16998131 0.97183377 -0.35413322
0.98202135 -0.06003196 0.17896990 0.90317398 0.08852589 0.98382261 -0.15574417 0.31357551 -0.16672500 0.16878757 0.97144919 -0.35365686
0.98148108 -0.06077999 0.18166091 0.90836364 0.08977569 0.98368111 -0.15592243 0.31964803 -0.16921944 0.16934364 0.97092096 -0.34807220
0.98146747 -0.06156078 0.18147143 0.92596012 0.09057282 0.98356448 -0.15619695 0.32651404 -0.16887324 0.16973860 0.97091227 -0.34680635
0.98091126 -0.06224329 0.18422508 0.93133998 0.09174528 0.98345120 -0.15622594 0.33189228 -0.17145236 0.17014557 0.97038888 -0.34428445
0.98075538 -0.06299761 0.18479772 0.94527084 0.09269121 0.98328262 -0.15672786 0.33908242 -0.17183490 0.17084082 0.97019904 -0.34251520
0.98029339 -0.06346960 0.18707346 0.95244598 0.09365787 0.98310995 -0.15723556 0.34570229 -0.17393410 0.17165788 0.96968062 -0.33950615
0.97969424 -0.06382199 0.19006829 0.95704031 0.09463365 0.98293769 -0.15772753 0.35320768 -0.17675880 0.17251160 0.96901810 -0.33845142
0.97902543 -0.06434216 0.19331139 0.96065557 0.09594123 0.98263291 -0.15883276 0.36284435 -0.17973449 0.17404784 0.96819567 -0.33470851
0.97836294 -0.06477139 0.19649587 0.96314687 0.09704368 0.98244241 -0.15934065 0.36945257 -0.18272516 0.17496167 0.96747089 -0.33148941
0.97792629 -0.06532131 0.19847747 0.97107756 0.09818133 0.98213734 -0.16052002 0.37944967 -0.18444676 0.17646353 0.96687125 -0.32870868
0.97711327 -0.06565338 0.20233462 0.97073853 0.09937385 0.98189081 -0.16129254 0.38790333 -0.18808110 0.17770785 0.96594276 -0.32550064
0.97679104 -0.06596017 0.20378549 0.98076296 0.10009259 0.98169865 -0.16201615 0.39687413 -0.18936933 0.17865334 0.96551657 -0.32575810
0.97707685 -0.06594900 0.20241431 1.00083435 0.10021480 0.98135486 -0.16401106 0.41137409 -0.18782390 0.18053632 0.96546819 -0.32624671
0.97693425 -0.06637619 0.20296226 1.01249993 0.10093320 0.98112103 -0.16496672 0.42216679 -0.18818067 0.18164727 0.96519029 -0.32605439
0.97663424 -0.06665012 0.20431182 1.02186096 0.10148973 0.98104124 -0.16509971 0.43108502 -0.18943441 0.18197759 0.96488277 -0.32769504
0.97651423 -0.06674450 0.20485391 1.03156316 0.10176146 0.98094959 -0.16547661 0.44065306 -0.18990671 0.18243650 0.96470325 -0.32741985
0.97589987 -0.06715233 0.20762950 1.03302193 0.10264750 0.98090106 -0.16521683 0.44940090 -0.19256930 0.18254773 0.96415424 -0.32727122
0.97569387 -0.06731957 0.20854149 1.04065859 0.10313436 0.98072789 -0.16594005 0.46219078 -0.19335145 0.18341449 0.96383315 -0.32461122
0.97543799 -0.06744073 0.20969617 1.04633665 0.10334657 0.98081482 -0.16529299 0.47080082 -0.19452563 0.18290444 0.96369380 -0.32501262
0.97516556 -0.06765286 0.21089148 1.05015528 0.10386943 0.98069207 -0.16569313 0.48476708 -0.19560999 0.18348341 0.96336419 -0.32162783
0.97534320 -0.06781781 0.21001522 1.06203020 0.10370780 0.98084236 -0.16490285 0.49598750 -0.19480848 0.18261709 0.96369116 -0.32298779
0.97531681 -0.06799173 0.21008152 1.06972373 0.10355620 0.98113881 -0.16322608 0.50504959 -0.19502111 0.18095239 0.96396214 -0.32452157
0.97509693 -0.06824243 0.21101884 1.07161856 0.10369153 0.98136399 -0.16178003 0.51591796 -0.19604603 0.17963207 0.96400118 -0.32322729
0.97535719 -0.06849956 0.20972879 1.08148026 0.10335834 0.98168328 -0.16004682 0.52761191 -0.19492412 0.17778003 0.96457185 -0.32332236
0.97568636 -0.06876901 0.20810324 1.09069169 0.10294967 0.98203229 -0.15815801 0.53974611 -0.19348773 0.17573677 0.96523525 -0.32130814
0.97553824 -0.06936289 0.20859992 1.09200144 0.10269110 0.98280666 -0.15344580 0.54318035 -0.19436994 0.17111360 0.96588843 -0.32314593
0.97578131 -0.06965058 0.20736353 1.09712553 0.10218768 0.98330191 -0.15058231 0.55383962 -0.19341281 0.16812540 0.96660506 -0.32261389
0.97658185 -0.06971628 0.20353755 1.11390114 0.10126042 0.98364953 -0.14892927 0.57023805 -0.18982682 0.16605192 0.96767378 -0.32087427
0.97721863 -0.06993086 0.20038320 1.12799692 0.10031580 0.98422464 -0.14573471 0.58267713 -0.18703073 0.16251627 0.96881782 -0.32272843
0.97722765 -0.07037301 0.20018433 1.12982762 0.09982852 0.98495279 -0.14107543 0.58900201 -0.18724421 0.15784692 0.96954833 -0.32330495
0.97726850 -0.07094578 0.19978230 1.13189423 0.09937694 0.98570082 -0.13608132 0.59557623 -0.18727118 0.15284174 0.97034474 -0.32547063
0.97795839 -0.07111382 0.19631660 1.14625454 0.09849885 0.98614822 -0.13345288 0.60931838 -0.18410693 0.14984832 0.97141655 -0.32270932
0.97846381 -0.07171086 0.19356167 1.15998292 0.09818262 0.98653152 -0.13082713 0.62397939 -0.18157296 0.14701401 0.97232615 -0.32273984
0.97843554 -0.07242227 0.19343969 1.16338849 0.09794812 0.98720476 -0.12582895 0.62908810 -0.18185177 0.14206257 0.97300985 -0.32360601
0.97835258 -0.07350468 0.19345098 1.16737902 0.09814590 0.98778423 -0.12103597 0.63580590 -0.18219112 0.13740228 0.97361543 -0.32712221
0.97852050 -0.07416280 0.19234736 1.17599094 0.09794490 0.98826318 -0.11722921 0.64464873 -0.18139577 0.13355063 0.97429965 -0.32749644
0.97834658 -0.07510397 0.19286618 1.17980576 0.09828110 0.98865882 -0.11355427 0.65290260 -0.18215047 0.13005053 0.97463227 -0.32823995
0.97827550 -0.07563327 0.19301981 1.18648851 0.09844067 0.98888381 -0.11143716 0.66555220 -0.18244581 0.12801724 0.97484620 -0.32624254
0.97802560 -0.07597435 0.19414897 1.19131732 0.09848850 0.98914356 -0.10906438 0.67540950 -0.18375511 0.12578919 0.97489032 -0.32400218
0.97758951 -0.07702471 0.19592330 1.19663930 0.09910975 0.98946505 -0.10552802 0.68192339 -0.18573099 0.12258099 0.97492456 -0.32912406
0.97674131 -0.07801512 0.19972492 1.19556546 0.10016960 0.98959073 -0.10332584 0.69036394 -0.18958496 0.12092898 0.97438890 -0.32774949
0.97612931 -0.07966829 0.20205082 1.20157397 0.10193595 0.98951708 -0.10229866 0.70184314 -0.19178277 0.12045296 0.97401769 -0.32730544
0.97510478 -0.08117122 0.20635384 1.20178509 0.10357512 0.98956363 -0.10017988 0.70781702 -0.19606853 0.11905901 0.97333555 -0.32842025
0.97424803 -0.08344559 0.20946982 1.20738912 0.10590971 0.98949437 -0.09840746 0.71552098 -0.19905754 0.11805817 0.97285064 -0.33512107
0.97334962 -0.08485343 0.21305027 1.21342909 0.10784537 0.98925544 -0.09870693 0.72721994 -0.20238551 0.11905284 0.97204245 -0.33373281
0.97240923 -0.08669281 0.21657479 1.22103453 0.11010863 0.98902837 -0.09848334 0.73671836 -0.20566082 0.11961286 0.97128595 -0.33698842
0.97067186 -0.08879325 0.22340973 1.21665013 0.11263815 0.98895513 -0.09633485 0.73821777 -0.21238832 0.11867398 0.96995242 -0.34310743
0.96967733 -0.09065034 0.22695460 1.22553074 0.11529257 0.98850892 -0.09776367 0.75060678 -0.21548434 0.12096539 0.96898600 -0.34309569
0.96793405 -0.09250058 0.23355368 1.22428823 0.11799653 0.98820229 -0.09763738 0.75714314 -0.22176677 0.12206507 0.96742939 -0.34847212
0.96639496 -0.09375374 0.23935542 1.22750521 0.12028347 0.98781874 -0.09872195 0.76553386 -0.22718421 0.12419489 0.96590008 -0.35191613
0.96452743 -0.09556655 0.24607695 1.22777939 0.12341689 0.98727002 -0.10033034 0.77491832 -0.23335617 0.12714142 0.96404355 -0.35426825
0.96330916 -0.09733161 0.25012400 1.23796535 0.12640868 0.98662553 -0.10291213 0.78669459 -0.23676212 0.13075404 0.96272898 -0.35834199
0.96104886 -0.09925359 0.25794148 1.23422372 0.13004896 0.98591398 -0.10517077 0.79656422 -0.24386954 0.13461927 0.96041934 -0.35909784
0.95882389 -0.10117429 0.26536865 1.23130214 0.13351958 0.98527646 -0.10678399 0.80154598 -0.25065769 0.13781895 0.95821535 -0.36152697
0.95732256 -0.10235795 0.27028940 1.23953319 0.13619428 0.98461105 -0.10950889 0.81136119 -0.25492083 0.14164720 0.95653094 -0.36956373
0.95589200 -0.10320670 0.27498884 1.24806249 0.13890537 0.98376479 -0.11363156 0.82453310 -0.25879680 0.14681693 0.95470886 -0.37398696
0.95374417 -0.10509781 0.28164963 1.24727368 0.14176062 0.98342140 -0.11307638 0.82092565 -0.26509619 0.14777277 0.95283116 -0.39231783
0.95173867 -0.10593576 0.28804709 1.24862754 0.14459118 0.98262567 -0.11636231 0.82968855 -0.27071554 0.15239558 0.95052022 -0.39868897
0.94971915 -0.10649187 0.29443677 1.24962580 0.14736316 0.98174554 -0.12024889 0.83930230 -0.27625646 0.15759181 0.94807552 -0.40526742
0.94762369 -0.10687012 0.30097860 1.24974990 0.15011789 0.98081307 -0.12437980 0.84837317 -0.28191126 0.16304752 0.94548482 -0.41209126
0.94566868 -0.10751928 0.30683931 1.25045407 0.15322001 0.97974833 -0.12890632 0.85753447 -0.28676539 0.16891659 0.94299141 -0.41979894
0.94369884 -0.10748991 0.31285528 1.25046253 0.15583463 0.97867801 -0.13380930 0.86708182 -0.29180143 0.17502936 0.94032795 -0.42721322
0.94188299 -0.10716829 0.31838875 1.25136483 0.15807818 0.97765593 -0.13856467 0.87573886 -0.29642491 0.18084202 0.93777846 -0.43421587
0.94000144 -0.10687343 0.32399902 1.25139189 0.16059697 0.97648410 -0.14383121 0.88522416 -0.30100816 0.18723481 0.93506001 -0.44183809
0.93812448 -0.10676190 0.32943035 1.25082076 0.16338523 0.97521084 -0.14922828 0.89409006 -0.30533215 0.19381876 0.93231248 -0.44980326
0.93635044 -0.10574857 0.33476124 1.24976468 0.16535417 0.97400560 -0.15482602 0.90311807 -0.30968669 0.20032558 0.92949654 -0.45815548
0.93471931 -0.10467311 0.33962236 1.24862170 0.16728527 0.97273922 -0.16060525 0.91177678 -0.31355294 0.20693464 0.92674841 -0.46616778
0.93316055 -0.10361428 0.34420266 1.24713159 0.16915438 0.97148426 -0.16614790 0.91873306 -0.31717217 0.21326606 0.92407760 -0.47309685
0.93173950 -0.10203997 0.34849584 1.24566269 0.17067386 0.97015449 -0.17225183 0.92691982 -0.32051824 0.21997296 0.92134682 -0.48023152
0.93046665 -0.10054882 0.35230915 1.24462986 0.17230570 0.96871767 -0.17859680 0.93489468 -0.32333041 0.22688324 0.91868463 -0.48703578
0.92921317 -0.09890347 0.35606317 1.24242425 0.17376190 0.96729712 -0.18477845 0.94250566 -0.32614365 0.23356878 0.91601089 -0.49563545
0.92805066 -0.09682341 0.35964871 1.23982799 0.17493131 0.96579966 -0.19138979 0.94991606 -0.32881759 0.24053324 0.91324846 -0.50249052
0.92715588 -0.09505812 0.36241678 1.23799312 0.17629824 0.96419285 -0.19811884 0.95798606 -0.33060687 0.24758049 0.91071565 -0.51000911
0.92626393 -0.09290161 0.36524571 1.23428178 0.17711185 0.96275809 -0.20427493 0.96407491 -0.33266579 0.25390184 0.90822207 -0.51705831
0.92550631 -0.09059593 0.36773692 1.23140669 0.17795747 0.96113025 -0.21109188 0.97114635 -0.33431901 0.26080840 0.90565434 -0.52370447
0.92480452 -0.08849609 0.37000681 1.22800899 0.17893826 0.95945785 -0.21776531 0.97723174 -0.33573456 0.26759872 0.90314629 -0.52952343
0.92417159 -0.08611743 0.37214334 1.22391689 0.17960036 0.95781126 -0.22436866 0.98209029 -0.33712103 0.27419222 0.90064868 -0.53455615
0.92366659 -0.08367330 0.37395029 1.21992910 0.18008728 0.95617307 -0.23087145 0.98734558 -0.33824342 0.28059193 0.89825362 -0.54047108
0.92330683 -0.08146658 0.37532344 1.21677530 0.18066623 0.95449753 -0.23726392 0.99094874 -0.33891622 0.28687567 0.89601236 -0.54400516
0.92298621 -0.07912060 0.37661171 1.21296597 0.18094238 0.95293751 -0.24324875 0.99346185 -0.33964144 0.29266026 0.89386446 -0.54746193
0.92272846 -0.07655993 0.37777079 1.20847631 0.18140970 0.95100175 -0.25037211 0.99901843 -0.34009221 0.29955676 0.89140509 -0.55209327
0.92247050 -0.07433852 0.37884292 1.20373023 0.18176756 0.94934965 -0.25631192 1.00075161 -0.34060055 0.30530154 0.88925938 -0.55551475
0.92235061 -0.07182324 0.37961924 1.19911444 0.18178228 0.94769037 -0.26237027 1.00326943 -0.34091722 0.31100543 0.88715899 -0.55833691
0.92223770 -0.06967862 0.38029266 1.19427490 0.18206842 0.94600223 -0.26819933 1.00412190 -0.34106995 0.31658282 0.88512520 -0.56034714
0.92213236 -0.06710087 0.38101099 1.18824053 0.18196511 0.94433295 -0.27408752 1.00503683 -0.34140973 0.32207568 0.88301000 -0.56241441
0.92198418 -0.06496420 0.38173922 1.18192196 0.18218448 0.94267566 -0.27959150 1.00528145 -0.34169283 0.32732590 0.88096751 -0.56435287
0.92192402 -0.06275161 0.38225427 1.17562544 0.18224333 0.94102651 -0.28505521 1.00510538 -0.34182373 0.33246254 0.87899101 -0.56522083
0.92187687 -0.06040211 0.38274615 1.16844225 0.18232810 0.93920920 -0.29093392 1.00705445 -0.34190568 0.33799064 0.87684824 -0.56662428
0.92192109 -0.05802544 0.38300725 1.16161907 0.18224215 0.93743736 -0.29664625 1.00747347 -0.34183227 0.34328450 0.87481795 -0.56689888
0.92195840 -0.05587562 0.38323703 1.15436769 0.18230094 0.93566836 -0.30214416 1.00796545 -0.34170027 0.34842882 0.87283348 -0.56674021
0.92212466 -0.05377948 0.38313689 1.14776087 0.18206700 0.93410654 -0.30707748 1.00561142 -0.34137621 0.35292030 0.87115415 -0.56517458
0.92229018 -0.05202870 0.38298021 1.14065409 0.18204256 0.93257878 -0.31170071 1.00284672 -0.34094183 0.35719720 0.86957969 -0.56415313
0.92252108 -0.05003515 0.38268962 1.13380229 0.18175437 0.93104755 -0.31641081 1.00006747 -0.34047057 0.36145115 0.86800510 -0.56179845
0.92269795 -0.04808849 0.38251274 1.12603879 0.18146777 0.92957509 -0.32087318 0.99702483 -0.34014401 0.36548276 0.86644354 -0.55982345
0.92295247 -0.04669830 0.38207068 1.11866081 0.18148645 0.92814816 -0.32496716 0.99322867 -0.33944279 0.36926989 0.86511175 -0.55843163
0.92315942 -0.04471287 0.38180813 1.10997665 0.18098111 0.92680717 -0.32905063 0.98943448 -0.33914971 0.37286625 0.86368295 -0.55588317
0.92339791 -0.04315985 0.38140992 1.10186553 0.18084183 0.92538499 -0.33310485 0.98608392 -0.33857427 0.37656319 0.86230368 -0.55271715
0.92362888 -0.04146071 0.38103897 1.09281409 0.18039645 0.92416325 -0.33671859 0.98182815 -0.33818162 0.37974109 0.86106323 -0.54987758
0.92407223 -0.04036102 0.38008091 1.08588731 0.18010575 0.92306898 -0.33986111 0.97630948 -0.33712376 0.38251097 0.86025167 -0.54621083
0.92416354 -0.03897019 0.38000405 1.07435048 0.17996842 0.92188220 -0.34313930 0.97255111 -0.33694676 0.38550556 0.85898332 -0.54488224
0.92435893 -0.03722897 0.37970327 1.06332469 0.17955762 0.92056898 -0.34685993 0.97105193 -0.33662982 0.38880169 0.85762090 -0.54125947
0.92494288 -0.03634944 0.37836410 1.05753934 0.17904905 0.91972905 -0.34934210 0.96344888 -0.33529407 0.39086722 0.85720517 -0.53598225
0.92494536 -0.03465082 0.37851738 1.04429162 0.17866551 0.91859986 -0.35249530 0.96125937 -0.33549175 0.39366689 0.85584558 -0.53256238
0.92532168 -0.03405222 0.37765094 1.03635836 0.17864122 0.91765350 -0.35496390 0.95619094 -0.33446540 0.39591982 0.85520781 -0.52743524
0.92545474 -0.03287894 0.37742879 1.02424955 0.17827850 0.91682837 -0.35727092 0.95177442 -0.33429074 0.39792551 0.85434478 -0.52384132
0.92581582 -0.03212057 0.37660768 1.01637900 0.17807989 0.91593440 -0.35965502 0.94734448 -0.33339560 0.40004056 0.85370658 -0.51732266
0.92582341 -0.03134864 0.37665405 1.00375795 0.17799374 0.91529036 -0.36133335 0.94260174 -0.33342051 0.40157294 0.85297710 -0.51235330
0.92607249 -0.03063062 0.37610040 0.99330181 0.17764784 0.91472780 -0.36292463 0.93740946 -0.33291288 0.40290794 0.85254572 -0.50663918
0.92650071 -0.03018717 0.37508021 0.98479772 0.17709556 0.91446609 -0.36385289 0.93079942 -0.33201445 0.40353500 0.85259950 -0.50191844
0.92655710 -0.02990002 0.37496391 0.97205353 0.17723271 0.91395331 -0.36507248 0.92669350 -0.33178383 0.40471637 0.85212919 -0.49649620
0.92685724 -0.02976988 0.37423176 0.96215022 0.17694035 0.91382600 -0.36553271 0.92015892 -0.33110085 0.40501333 0.85225373 -0.49134308
0.92741039 -0.02997439 0.37284245 0.95568621 0.17649558 0.91390783 -0.36554314 0.91279787 -0.32978671 0.40481355 0.85285797 -0.48652139
0.92717421 -0.02969746 0.37345153 0.93960798 0.17663575 0.91374845 -0.36587373 0.90854925 -0.33037523 0.40519358 0.85244963 -0.48111123
0.92739443 -0.02960379 0.37291178 0.92863190 0.17630744 0.91379453 -0.36591698 0.90320534 -0.32993222 0.40509649 0.85266732 -0.47604769
0.92771162 -0.03002639 0.37208811 0.91902816 0.17619196 0.91396867 -0.36553749 0.89736688 -0.32910110 0.40467231 0.85318977 -0.46988669
0.92753035 -0.03002576 0.37253980 0.90398401 0.17627545 0.91408402 -0.36520866 0.89334840 -0.32956701 0.40441174 0.85313348 -0.46370646
0.92786442 -0.03029299 0.37168529 0.89413500 0.17596257 0.91432798 -0.36474856 0.88830405 -0.32879293 0.40383991 0.85370284 -0.45742467
0.92778837 -0.03033662 0.37187151 0.87949836 0.17584244 0.91460956 -0.36409996 0.88418096 -0.32907168 0.40319850 0.85389859 -0.45058903
0.92794514 -0.03102094 0.37142364 0.86777395 0.17586735 0.91506066 -0.36295271 0.87931645 -0.32861603 0.40212149 0.85458166 -0.44492266
0.92788562 -0.03131586 0.37154757 0.85377085 0.17576824 0.91554035 -0.36178917 0.87496549 -0.32883705 0.40100523 0.85502105 -0.43834919
0.92805482 -0.03160704 0.37110004 0.84254807 0.17544225 0.91602023 -0.36073115 0.87111634 -0.32853350 0.39988491 0.85566220 -0.43151128
0.92802438 -0.03245492 0.37110299 0.82816821 0.17551042 0.91679519 -0.35872368 0.86531949 -0.32858309 0.39803676 0.85650446 -0.42778426
0.92806292 -0.03280843 0.37097550 0.81456447 0.17531770 0.91732445 -0.35746266 0.86247861 -0.32857711 0.39678642 0.85708671 -0.41986677
0.92844162 -0.03384423 0.36993341 0.80462646 0.17507682 0.91817211 -0.35539849 0.85770196 -0.32763435 0.39473352 0.85839454 -0.41606182
0.92806578 -0.03452057 0.37081295 0.78619361 0.17537920 0.91888800 -0.35339353 0.85375959 -0.32853623 0.39300532 0.85884269 -0.40944323
0.92852585 -0.03527192 0.36958847 0.77682924 0.17487722 0.91967980 -0.35157792 0.85056794 -0.32750222 0.39108179 0.86011472 -0.40360060
0.92840760 -0.03633621 0.36978239 0.76057959 0.17507926 0.92058130 -0.34910934 0.84662908 -0.32772944 0.38885699 0.86103638 -0.39921230
0.92869950 -0.03710598 0.36897206 0.74936736 0.17474462 0.92137733 -0.34717163 0.84380478 -0.32708034 0.38689400 0.86216673 -0.39377123
0.92912884 -0.03786450 0.36781229 0.74043095 0.17437633 0.92204868 -0.34557072 0.84232515 -0.32605598 0.38521748 0.86330469 -0.38730544
0.92886987 -0.03872161 0.36837671 0.72165996 0.17455114 0.92292987 -0.34312149 0.83923095 -0.32669966 0.38301579 0.86404065 -0.38189390
0.92922744 -0.03976492 0.36736237 0.70934075 0.17421735 0.92390123 -0.34066822 0.83651346 -0.32585990 0.38055916 0.86544212 -0.37843674
0.92948135 -0.04055739 0.36663267 0.69740725 0.17376777 0.92488435 -0.33822137 0.83454961 -0.32537545 0.37807940 0.86671032 -0.37398884
0.93014267 -0.04147548 0.36484847 0.68912083 0.17314946 0.92574079 -0.33618932 0.83382899 -0.32381150 0.37587735 0.86825246 -0.36884639
0.93019432 -0.04258009 0.36458944 0.67331553 0.17325749 0.92657540 -0.33382610 0.83185607 -0.32360526 0.37369099 0.86927250 -0.36341059
0.93017371 -0.04339450 0.36454601 0.65679938 0.17311576 0.92750308 -0.33131400 0.83014148 -0.32374034 0.37128823 0.87025125 -0.35829195
0.93012067 -0.04442838 0.36455680 0.63994741 0.17305679 0.92856070 -0.32836926 0.82751215 -0.32392420 0.36851207 0.87136213 -0.35509935
0.93047684 -0.04520767 0.36355072 0.62830961 0.17259475 0.92942233 -0.32616741 0.82712770 -0.32314689 0.36623817 0.87260856 -0.34965289
0.93064929 -0.04613173 0.36299279 0.61271244 0.17239256 0.93030311 -0.32375443 0.82621282 -0.32275797 0.36387908 0.87373869 -0.34506771
0.93075331 -0.04682358 0.36263733 0.59736192 0.17202213 0.93123047 -0.32127588 0.82570440 -0.32265565 0.36141024 0.87480053 -0.33888161
0.93075956 -0.04775020 0.36250042 0.58026850 0.17196667 0.93210411 -0.31876228 0.82438725 -0.32266717 0.35902903 0.87577626 -0.33424327
