0.99997640 -0.00418598 0.00544758 0.01406282 0.00416318 0.99998255 0.00419042 0.00374494 -0.00546503 -0.00416764 0.99997638 -0.00885856
0.99997640 -0.00418598 0.00544758 0.01406282 0.00416318 0.99998255 0.00419042 0.00374494 -0.00546503 -0.00416764 0.99997638 -0.00885856
0.99992133 -0.00690072 0.01047399 0.02400896 0.00681870 0.99994597 0.00784567 0.00693426 -0.01052756 -0.00777363 0.99991437 -0.01537737
0.99985074 -0.00872674 0.01491138 0.03335408 0.00858470 0.99991742 0.00956334 0.01211193 -0.01499361 -0.00943390 0.99984308 -0.02113686
0.99978178 -0.00927172 0.01871945 0.04099767 0.00903527 0.99987883 0.01267651 0.01245771 -0.01883471 -0.01250460 0.99974441 -0.02629801
0.99973777 -0.01051521 0.02034274 0.05118868 0.01026888 0.99987314 0.01217608 0.01736056 -0.02046819 -0.01196399 0.99971892 -0.03238380
0.99971426 -0.01106048 0.02119108 0.06049647 0.01082223 0.99987731 0.01132455 0.02157731 -0.02131374 -0.01109198 0.99971130 -0.03796957
0.99970852 -0.01164829 0.02114671 0.06959986 0.01148907 0.99990485 0.00763521 0.02982018 -0.02123364 -0.00739003 0.99974723 -0.04314319
0.99973222 -0.01123375 0.02023110 0.07804845 0.01114689 0.99992819 0.00440088 0.03537660 -0.02027908 -0.00417419 0.99978564 -0.04804014
0.99977260 -0.01029394 0.01867579 0.08602008 0.01030050 0.99994692 -0.00025475 0.04236459 -0.01867218 0.00044707 0.99982556 -0.05231694
0.99981941 -0.00899764 0.01673901 0.09259425 0.00909238 0.99994303 -0.00559228 0.04879889 -0.01668774 0.00574347 0.99984425 -0.05654215
0.99986725 -0.00727510 0.01457911 0.09745627 0.00744579 0.99990397 -0.01168806 0.05532433 -0.01449268 0.01179506 0.99982540 -0.06008805
0.99992668 -0.00548097 0.01079749 0.10466009 0.00568451 0.99980501 -0.01891088 0.06297800 -0.01069174 0.01897087 0.99976287 -0.06397837
0.99997307 -0.00314682 0.00662986 0.11098146 0.00332338 0.99963555 -0.02679033 0.07050851 -0.00654314 0.02681164 0.99961909 -0.06726965
0.99999741 -0.00091856 0.00208039 0.11702798 0.00099162 0.99937285 -0.03539677 0.07895061 -0.00204658 0.03539874 0.99937117 -0.07034045
0.99999437 0.00149034 -0.00300508 0.12275211 -0.00162349 0.99899459 -0.04480146 0.08749991 0.00293528 0.04480608 0.99899139 -0.07312490
0.99995751 0.00414442 -0.00823376 0.12727383 -0.00458420 0.99852327 -0.05413188 0.09488973 0.00799725 0.05416733 0.99849985 -0.07548096
0.99987215 0.00663425 -0.01454904 0.13392934 -0.00756252 0.99787579 -0.06470478 0.10420053 0.01408887 0.06480653 0.99779838 -0.07805640
0.99973965 0.00917312 -0.02089242 0.13946985 -0.01072299 0.99710157 -0.07532252 0.11285490 0.02014092 0.07552694 0.99694033 -0.07983682
0.99957800 0.01152404 -0.02666508 0.14199458 -0.01379556 0.99614461 -0.08663484 0.12110649 0.02556390 0.08696614 0.99588321 -0.08186568
0.99937480 0.01386606 -0.03252306 0.14471434 -0.01697737 0.99509771 -0.09742851 0.12868986 0.03101267 0.09791975 0.99471098 -0.08367595
0.99910314 0.01558021 -0.03937234 0.14938115 -0.01981634 0.99377798 -0.10960216 0.13857138 0.03741974 0.11028408 0.99319544 -0.08555514
0.99880887 0.01774382 -0.04545333 0.15180041 -0.02313927 0.99237375 -0.12107398 0.14703164 0.04295837 0.12198152 0.99160228 -0.08661393
0.99843542 0.01974887 -0.05231341 0.15604621 -0.02656389 0.99076473 -0.13296468 0.15652035 0.04920438 0.13414629 0.98973921 -0.08741603
0.99803374 0.02113274 -0.05900899 0.16026883 -0.02953695 0.98893162 -0.14540226 0.16690324 0.05528311 0.14685930 0.98761132 -0.08837375
0.99756656 0.02281827 -0.06588078 0.16503350 -0.03299432 0.98692425 -0.15777170 0.17783073 0.06141926 0.15956146 0.98527550 -0.08863597
0.99713535 0.02388762 -0.07176676 0.16800185 -0.03578138 0.98491102 -0.16932212 0.18627535 0.06663917 0.17140499 0.98294433 -0.08971930
0.99667130 0.02478964 -0.07766463 0.17127612 -0.03855608 0.98270439 -0.18112290 0.19596513 0.07183140 0.18351444 0.98038906 -0.09000731
0.99620511 0.02548462 -0.08322204 0.17469791 -0.04120127 0.98033425 -0.19299540 0.20665477 0.07666700 0.19569185 0.97766399 -0.09001996
0.99578571 0.02556082 -0.08807651 0.17685297 -0.04317474 0.97795220 -0.20431699 0.21581830 0.08091210 0.20725862 0.97493441 -0.09011788
0.99533033 0.02581895 -0.09301025 0.18069023 -0.04544607 0.97543269 -0.21555908 0.22642185 0.08515973 0.21877944 0.97205112 -0.08988812
0.99498653 0.02585506 -0.09660914 0.18182698 -0.04723085 0.97297163 -0.22604304 0.23570000 0.08815359 0.22947271 0.96931482 -0.08941098
0.99462912 0.02588514 -0.10021414 0.18495792 -0.04907681 0.97040717 -0.23643476 0.24626189 0.09112837 0.24008308 0.96646559 -0.08893967
0.99436008 0.02527546 -0.10300087 0.18751706 -0.05008612 0.96797643 -0.24599394 0.25540948 0.09348480 0.24976547 0.96378307 -0.08869364
0.99416096 0.02504525 -0.10496059 0.18927747 -0.05122580 0.96564099 -0.25478106 0.26443988 0.09497319 0.25867007 0.96128554 -0.08784384
0.99401296 0.02437250 -0.10650928 0.19196719 -0.05188764 0.96316786 -0.26384721 0.27516469 0.09615570 0.26779406 0.95866596 -0.08667473
0.99397378 0.02349693 -0.10707013 0.19421917 -0.05198631 0.96097105 -0.27172055 0.28464803 0.09650669 0.27564929 0.95640155 -0.08565716
0.99397679 0.02269157 -0.10721582 0.19772126 -0.05202306 0.95877095 -0.27937765 0.29519045 0.09645589 0.28327259 0.95417656 -0.08440139
0.99407056 0.02142857 -0.10660454 0.20182265 -0.05134765 0.95670268 -0.28650201 0.30627438 0.09584952 0.29027710 0.95213028 -0.08325505
0.99424455 0.02038377 -0.10517736 0.20584512 -0.05057959 0.95474377 -0.29309731 0.31748351 0.09444300 0.29673023 0.95027980 -0.08190959
0.99450387 0.01917495 -0.10292902 0.20964871 -0.04926414 0.95316090 -0.29842475 0.32692394 0.09238564 0.30185528 0.94886684 -0.08147096
0.99488150 0.01799448 -0.09943338 0.21202101 -0.04749425 0.95182134 -0.30295284 0.33507419 0.08919133 0.30612469 0.94780408 -0.08043811
0.99528481 0.01685296 -0.09552029 0.21528213 -0.04559375 0.95049718 -0.30737000 0.34346196 0.08561167 0.31027582 0.94678380 -0.07915194
0.99571061 0.01591556 -0.09114321 0.21901089 -0.04368035 0.94926395 -0.31143214 0.35260838 0.08156235 0.31407745 0.94588738 -0.07759706
0.99612920 0.01465291 -0.08667129 0.22399393 -0.04138686 0.94806094 -0.31538481 0.36247531 0.07754836 0.31775107 0.94499763 -0.07660938
0.99658676 0.01348944 -0.08144239 0.22825427 -0.03884815 0.94712671 -0.31849931 0.37061271 0.07283989 0.32057608 0.94441798 -0.07510574
0.99704648 0.01238271 -0.07579564 0.23299678 -0.03620198 0.94616973 -0.32163994 0.37944621 0.06773277 0.32343392 0.94382348 -0.07358210
0.99750345 0.01118143 -0.06972690 0.23745324 -0.03329207 0.94523304 -0.32469393 0.38844362 0.06227763 0.32620467 0.94324547 -0.07191424
0.99789290 0.00989294 -0.06412397 0.24534351 -0.03041573 0.94431274 -0.32764056 0.39803824 0.05731175 0.32890057 0.94262388 -0.07180829
0.99828579 0.00867865 -0.05788063 0.25144884 -0.02733883 0.94357024 -0.33004209 0.40635055 0.05175012 0.33105872 0.94219003 -0.07040789
0.99868350 0.00741075 -0.05075769 0.25566581 -0.02391437 0.94265999 -0.33289675 0.41559932 0.04538023 0.33367233 0.94159620 -0.06762689
0.99901022 0.00613219 -0.04405651 0.26215062 -0.02059068 0.94169638 -0.33583323 0.42538559 0.03942846 0.33640798 0.94089057 -0.06605666
0.99930053 0.00519666 -0.03703303 0.26803261 -0.01739696 0.94121341 -0.33736429 0.43111590 0.03310281 0.33777258 0.94064546 -0.06527669
0.99952826 0.00400944 -0.03044956 0.27595213 -0.01409841 0.94070868 -0.33892243 0.43637004 0.02728528 0.33919183 0.94032144 -0.06512274
0.99972555 0.00300118 -0.02323405 0.28202817 -0.01075151 0.93992597 -0.34120898 0.44271252 0.02081426 0.34136514 0.93970028 -0.06294603
0.99985559 0.00195427 -0.01688117 0.29094982 -0.00764825 0.93882327 -0.34431436 0.45180893 0.01517556 0.34439375 0.93870264 -0.06103352
0.99995054 0.00098079 -0.00989735 0.29756138 -0.00434943 0.93804905 -0.34647520 0.45741311 0.00894438 0.34650112 0.93800692 -0.06022592
0.99999367 -0.00044291 -0.00353107 0.30655617 -0.00081956 0.93689306 -0.34961512 0.46435139 0.00346308 0.34961580 0.93688676 -0.06012964
0.99999494 -0.00140908 0.00285162 0.31457111 0.00232335 0.93588819 -0.35228950 0.46888977 -0.00217239 0.35229435 0.93588673 -0.05886192
0.99996307 -0.00208600 0.00833726 0.32474199 0.00491512 0.93459621 -0.35567650 0.47517428 -0.00705003 0.35570434 0.93457194 -0.05741715
0.99990083 -0.00272670 0.01381655 0.33405623 0.00751287 0.93309219 -0.35955878 0.48068038 -0.01191171 0.35962692 0.93302014 -0.05620109
0.99980601 -0.00345616 0.01939062 0.34264541 0.01027222 0.93149013 -0.36362153 0.48555672 -0.01680543 0.36375017 0.93134493 -0.05538680
0.99967467 -0.00346332 0.02526990 0.35010612 0.01252412 0.92972945 -0.36803028 0.48962778 -0.02221956 0.36822703 0.92947036 -0.05288748
0.99953933 -0.00385125 0.03010488 0.35970318 0.01480189 0.92781040 -0.37275832 0.49454013 -0.02649604 0.37303221 0.92743999 -0.05199147
0.99940226 -0.00463386 0.03425851 0.37154946 0.01724096 0.92575071 -0.37774115 0.49929926 -0.02996444 0.37810601 0.92527724 -0.05222966
0.99927083 -0.00516095 0.03783072 0.38435024 0.01927686 0.92346272 -0.38320360 0.50391179 -0.03295756 0.38365344 0.92288885 -0.05301781
0.99913262 -0.00540427 0.04128918 0.39706188 0.02104180 0.92116257 -0.38860874 0.50831759 -0.03593390 0.38914047 0.92047729 -0.05330403
0.99894099 -0.00533407 0.04569960 0.40572026 0.02291512 0.91898133 -0.39363462 0.50990355 -0.03989740 0.39426496 0.91813035 -0.05360309
0.99874872 -0.00507282 0.04975205 0.41508934 0.02453632 0.91657969 -0.39909854 0.51247537 -0.04357717 0.39981989 0.91555725 -0.05321050
0.99856517 -0.00468081 0.05334504 0.42553100 0.02593174 0.91384715 -0.40522947 0.51641989 -0.04685241 0.40603137 0.91265732 -0.05141708
0.99840386 -0.00468457 0.05628305 0.43689355 0.02746495 0.91105410 -0.41137101 0.51983917 -0.04934981 0.41226022 0.90972859 -0.05166096
0.99822441 -0.00466691 0.05938220 0.44798061 0.02903880 0.90856084 -0.41674206 0.52062428 -0.05200744 0.41772648 0.90708313 -0.05407334
0.99808679 -0.00472749 0.06164739 0.46119738 0.03040152 0.90573580 -0.42275101 0.52330631 -0.05383770 0.42381637 0.90414666 -0.05645058
0.99791077 -0.00478308 0.06442998 0.47203308 0.03205562 0.90250343 -0.42948806 0.52733290 -0.05609400 0.43065611 0.90077121 -0.05647815
0.99771045 -0.00418826 0.06750055 0.48065954 0.03317910 0.90002760 -0.43456814 0.52571541 -0.05893228 0.43581278 0.89810590 -0.05852695
0.99754379 -0.00394165 0.06993462 0.49186027 0.03443226 0.89705257 -0.44058042 0.52760041 -0.06099842 0.44190627 0.89498494 -0.05887793
0.99745196 -0.00374571 0.07124289 0.50633353 0.03529801 0.89373311 -0.44720820 0.53224593 -0.06199702 0.44858343 0.89158807 -0.06046373
0.99725456 -0.00331960 0.07397515 0.51510692 0.03653266 0.89101023 -0.45251092 0.53255624 -0.06441046 0.45397109 0.88868529 -0.06293810
0.99705884 -0.00258371 0.07659629 0.52401483 0.03749519 0.88809904 -0.45812029 0.53375870 -0.06684144 0.45964488 0.88558388 -0.06586486
0.99689819 -0.00203014 0.07867581 0.53395343 0.03838110 0.88527473 -0.46348197 0.53473634 -0.06870877 0.46506400 0.88260670 -0.06735582
0.99674165 -0.00154058 0.08064553 0.54376084 0.03923632 0.88281547 -0.46807836 0.53363407 -0.07047401 0.46971743 0.87999940 -0.07250860
0.99660682 -0.00146870 0.08229640 0.55437917 0.04021416 0.88107275 -0.47126810 0.52907014 -0.07181696 0.47297848 0.87814217 -0.08065571
0.99643739 -0.00108797 0.08432878 0.56311703 0.04126193 0.87835593 -0.47622296 0.53088081 -0.07355257 0.47800593 0.87527159 -0.08374052
0.99628636 -0.00071402 0.08609861 0.57254398 0.04215876 0.87594016 -0.48057412 0.53150153 -0.07507409 0.48241925 0.87271734 -0.08950820
0.99610088 -0.00028491 0.08822101 0.58096451 0.04314812 0.87380287 -0.48436224 0.53028947 -0.07694977 0.48628022 0.87040811 -0.09471601
0.99590941 0.00055822 0.09035556 0.58801544 0.04379722 0.87167512 -0.48812323 0.53045243 -0.07903318 0.49008384 0.86808501 -0.09673027
0.99578679 0.00089933 0.09169438 0.59801912 0.04450659 0.86953430 -0.49186305 0.53291631 -0.08017376 0.49387173 0.86583074 -0.10120112
0.99554064 0.00125198 0.09432533 0.60270733 0.04574057 0.86809667 -0.49428329 0.53139907 -0.08250233 0.49639360 0.86416825 -0.10724474
0.99535546 0.00130798 0.09625896 0.60957831 0.04687177 0.86679860 -0.49645063 0.53110415 -0.08408648 0.49865668 0.86271141 -0.11249417
0.99512173 0.00169322 0.09864012 0.61439836 0.04788861 0.86586359 -0.49798286 0.52951819 -0.08625208 0.50027730 0.86155859 -0.11835983
0.99488816 0.00198369 0.10096345 0.61924225 0.04896333 0.86494299 -0.49947594 0.52970791 -0.08831844 0.50186621 0.86042441 -0.12410647
0.99470831 0.00222905 0.10271518 0.62624329 0.04971144 0.86449721 -0.50017332 0.52880836 -0.08991190 0.50263268 0.85981175 -0.13269807
0.99446989 0.00221641 0.10499872 0.63079143 0.05094409 0.86409459 -0.50074469 0.52919012 -0.09183868 0.50332457 0.85920314 -0.13864492
0.99429048 0.00224991 0.10668355 0.63776255 0.05177261 0.86404634 -0.50074296 0.52950668 -0.09330616 0.50340725 0.85899657 -0.14685172
0.99409378 0.00198463 0.10850632 0.64281327 0.05284129 0.86445626 -0.49992317 0.52902228 -0.09479114 0.50270412 0.85924572 -0.15484986
0.99381743 0.00164302 0.11101446 0.64498270 0.05423295 0.86530239 -0.49830769 0.52761114 -0.09687981 0.50124751 0.85986350 -0.16451758
0.99368798 0.00128443 0.11217195 0.65202206 0.05488044 0.86653673 -0.49608692 0.52575576 -0.09783831 0.49911166 0.86099664 -0.17341271
0.99352039 0.00099575 0.11364961 0.65679312 0.05556306 0.86806261 -0.49333563 0.52418244 -0.09914621 0.49645373 0.86238258 -0.18326448
0.99336514 0.00058269 0.11500154 0.66201103 0.05617943 0.87009175 -0.48967767 0.52162194 -0.10034722 0.49288945 0.86428608 -0.19447264
0.99306324 0.00040234 0.11758075 0.66186690 0.05713494 0.87234813 -0.48553511 0.51848084 -0.10276670 0.48888504 0.86627387 -0.20350173
0.99278734 0.00000539 0.11988872 0.66256714 0.05812023 0.87461180 -0.48132757 0.51720899 -0.10485869 0.48482388 0.86830321 -0.21340488
0.99252075 -0.00021942 0.12207585 0.66314971 0.05884378 0.87701561 -0.47684486 0.51564652 -0.10695780 0.48046182 0.87046911 -0.22200693
0.99235059 -0.00073464 0.12344944 0.66598034 0.05928980 0.87994269 -0.47136566 0.51267886 -0.10828214 0.47507929 0.87325520 -0.23299664
0.99218448 -0.00144743 0.12477122 0.66831660 0.05988223 0.88278534 -0.46594437 0.51097596 -0.10947178 0.46977435 0.87597259 -0.24312922
0.99194734 -0.00247154 0.12662685 0.66898471 0.06092330 0.88584712 -0.45996003 0.50935167 -0.11103522 0.46397066 0.87886427 -0.25409633
0.99183415 -0.00306875 0.12749746 0.67247099 0.06113384 0.88880876 -0.45418238 0.50910693 -0.11192709 0.45826800 0.88173849 -0.26486123
0.99176559 -0.00418763 0.12799795 0.67703789 0.06163400 0.89171324 -0.44838460 0.50993842 -0.11225980 0.45258144 0.88462861 -0.27559158
0.99167320 -0.00549864 0.12866249 0.68027121 0.06239013 0.89452327 -0.44264613 0.51092678 -0.11265764 0.44698757 0.88741781 -0.28504163
0.99154001 -0.00620731 0.12965288 0.68198490 0.06246160 0.89842044 -0.43467144 0.50541437 -0.11378466 0.43909245 0.89120754 -0.29930356
0.99148212 -0.00704974 0.13005194 0.68534893 0.06253632 0.90166771 -0.42788381 0.50427049 -0.11424716 0.43237212 0.89442827 -0.31071806
0.99150268 -0.00841735 0.12981368 0.69159985 0.06286759 0.90463848 -0.42151735 0.50592190 -0.11388639 0.42609666 0.89748066 -0.32234544
0.99139153 -0.00920336 0.13060676 0.69306624 0.06309119 0.90765656 -0.41494466 0.50622576 -0.11472720 0.41961276 0.90042368 -0.33237594
0.99125016 -0.00973580 0.13163715 0.69326860 0.06311780 0.91083192 -0.40792323 0.50505686 -0.11592786 0.41266262 0.90347678 -0.34212029
0.99117645 -0.01044139 0.13213715 0.69574660 0.06308644 0.91390195 -0.40100291 0.50496197 -0.11657337 0.40580070 0.90649679 -0.35107112
0.99121921 -0.01192361 0.13169018 0.70145380 0.06336279 0.91696638 -0.39390078 0.50444859 -0.11605875 0.39878628 0.90967020 -0.36220035
0.99125108 -0.01333848 0.13131409 0.70710701 0.06358581 0.92008169 -0.38653140 0.50364131 -0.11566395 0.39149938 0.91288011 -0.37456942
0.99137121 -0.01417863 0.13031537 0.71524841 0.06301333 0.92328283 -0.37891705 0.50150716 -0.11494542 0.38385906 0.91620946 -0.38740519
0.99142430 -0.01529120 0.12978456 0.72156525 0.06284158 0.92655194 -0.37088062 0.49786335 -0.11458093 0.37585592 0.91956704 -0.39954171
0.99147731 -0.01631969 0.12925331 0.72757548 0.06267859 0.92950891 -0.36343442 0.49620661 -0.11421096 0.36843839 0.92260989 -0.40915442
0.99137851 -0.01735766 0.12987437 0.72928184 0.06302198 0.93217301 -0.35648523 0.49533337 -0.11487763 0.36159674 0.92523020 -0.41550362
0.99125792 -0.01818949 0.13067854 0.72988337 0.06316082 0.93500739 -0.34895828 0.49138960 -0.11583803 0.35416143 0.92798235 -0.42231816
0.99108870 -0.01897459 0.13184518 0.72995830 0.06329187 0.93801224 -0.34077439 0.48596218 -0.11720634 0.34608238 0.93085427 -0.43075427
0.99107605 -0.02014031 0.13176730 0.73500502 0.06346694 0.94057731 -0.33359596 0.48347035 -0.11721861 0.33898183 0.93346190 -0.43722284
0.99109998 -0.02145343 0.13137956 0.74100924 0.06363295 0.94322173 -0.32601169 0.47945452 -0.11692599 0.33147025 0.93619217 -0.44322413
0.99113557 -0.02251284 0.13093305 0.74784189 0.06354185 0.94583450 -0.31837013 0.47458419 -0.11667358 0.32386769 0.93888072 -0.44893622
0.99093120 -0.02320477 0.13235143 0.74767172 0.06361290 0.94861944 -0.30995897 0.46578008 -0.11835861 0.31556728 0.94149272 -0.45188612
0.99087452 -0.02461397 0.13252109 0.75272644 0.06402938 0.95112463 -0.30209629 0.45870075 -0.11860828 0.30782476 0.94402118 -0.45516178
0.99077967 -0.02586215 0.13299168 0.75669003 0.06434148 0.95367294 -0.29388451 0.45008335 -0.11923008 0.29973168 0.94654377 -0.45824361
0.99077842 -0.02728648 0.13271610 0.76398063 0.06468575 0.95593477 -0.28636423 0.44347954 -0.11905407 0.29230834 0.94888459 -0.46025544
0.99053817 -0.02856772 0.13423125 0.76463550 0.06540460 0.95814067 -0.27872693 0.43486410 -0.12064983 0.28486900 0.95094336 -0.45911491
0.99026913 -0.02973604 0.13595155 0.76535296 0.06596523 0.96048331 -0.27040783 0.42415443 -0.12253834 0.27674460 0.95309852 -0.45881343
0.99001127 -0.03107235 0.13752160 0.76632273 0.06667639 0.96262576 -0.26249936 0.41330671 -0.12422537 0.26904676 0.95508214 -0.45767096
0.98985416 -0.03245631 0.13833051 0.77097046 0.06723619 0.96465687 -0.25478701 0.40410358 -0.12517203 0.26150280 0.95705185 -0.45413941
0.98958880 -0.03376159 0.13990772 0.77305490 0.06790143 0.96662926 -0.24701672 0.39349988 -0.12689922 0.25394492 0.95885795 -0.45013118
0.98938774 -0.03499934 0.14102112 0.77668601 0.06836953 0.96853645 -0.23929637 0.38308135 -0.12820888 0.24639845 0.96065097 -0.44633275
0.98919751 -0.03669242 0.14192232 0.78113651 0.06929425 0.97021014 -0.23214348 0.37364081 -0.12917657 0.23947016 0.96227203 -0.44128829
0.98898632 -0.03809314 0.14302091 0.78518039 0.06999037 0.97180840 -0.22514392 0.36396718 -0.13041248 0.23267434 0.96377136 -0.43605831
0.98872855 -0.03941533 0.14443781 0.78884721 0.07067772 0.97334108 -0.21820130 0.35452154 -0.13198678 0.22595039 0.96515590 -0.43070304
0.98843558 -0.04088893 0.14602468 0.79225981 0.07159141 0.97471657 -0.21166547 0.34572637 -0.13367790 0.21967180 0.96637183 -0.42399901
0.98814468 -0.04239816 0.14755505 0.79625756 0.07254919 0.97598339 -0.20540945 0.33759472 -0.13530229 0.21367925 0.96748874 -0.41756156
0.98793190 -0.04386402 0.14854802 0.80244827 0.07339247 0.97713099 -0.19957096 0.33016738 -0.13639689 0.20806483 0.96855816 -0.41131338
0.98770496 -0.04534946 0.14960727 0.80851871 0.07426477 0.97823205 -0.19376995 0.32234207 -0.13756326 0.20249809 0.96957252 -0.40513954
0.98734699 -0.04678920 0.15151464 0.81144637 0.07531165 0.97920405 -0.18838150 0.31506625 -0.13954953 0.19740872 0.97033794 -0.39965418
0.98683977 -0.04802250 0.15440563 0.81174672 0.07633322 0.98014063 -0.18302345 0.30777860 -0.14254999 0.19240110 0.97090747 -0.39265871
0.98642843 -0.04943738 0.15657231 0.81529486 0.07745034 0.98093798 -0.17821930 0.30188623 -0.14477703 0.18792716 0.97145406 -0.38660780
0.98615950 -0.05073627 0.15784573 0.82256925 0.07839011 0.98157742 -0.17424339 0.29834846 -0.14609734 0.18420532 0.97196912 -0.38213947
0.98574879 -0.05212600 0.15994439 0.82795292 0.07954900 0.98219918 -0.17016674 0.29444808 -0.14822714 0.18046508 0.97234823 -0.37821314
0.98536373 -0.05326399 0.16192980 0.83275610 0.08060200 0.98261250 -0.16726024 0.29265341 -0.15020530 0.17786404 0.97252391 -0.37136644
0.98483745 -0.05443213 0.16471895 0.83538258 0.08179220 0.98303370 -0.16417909 0.29023471 -0.15298767 0.17516244 0.97258053 -0.36607400
0.98449548 -0.05555468 0.16638007 0.84295630 0.08288157 0.98328736 -0.16210065 0.29075086 -0.15459397 0.17337720 0.97264642 -0.36132029
0.98400064 -0.05663520 0.16892361 0.84777248 0.08406459 0.98354180 -0.15993336 0.29046604 -0.15708557 0.17157502 0.97256678 -0.35766000
0.98373374 -0.05753327 0.17017009 0.85751688 0.08503702 0.98360302 -0.15904023 0.29426473 -0.15822971 0.17092400 0.97249594 -0.35226485
0.98344005 -0.05841699 0.17156083 0.86695486 0.08599943 0.98368239 -0.15802863 0.29712495 -0.15952981 0.17016582 0.97241649 -0.34856313
0.98288276 -0.05912895 0.17448567 0.87103993 0.08702283 0.98378564 -0.15682105 0.29890293 -0.16238383 0.16932094 0.97209151 -0.34543493
0.98236214 -0.05981265 0.17716399 0.87609559 0.08805204 0.98380922 -0.15609692 0.30209151 -0.16495900 0.16894336 0.97172356 -0.34241274
0.98182709 -0.06065148 0.17982483 0.88159704 0.08929733 0.98375122 -0.15575469 0.30657542 -0.16745614 0.16898205 0.97128961 -0.33854115
0.98145912 -0.06150110 0.18153682 0.89127624 0.09046316 0.98363045 -0.15584463 0.31239256 -0.16898053 0.16937752 0.97095666 -0.33522508
0.98101048 -0.06212657 0.18373548 0.89874506 0.09149127 0.98352074 -0.15593683 0.31800416 -0.17101984 0.16978586 0.97052819 -0.33280352
0.98075877 -0.06281276 0.18484261 0.91023117 0.09246900 0.98334381 -0.15647501 0.32495308 -0.17193521 0.17055645 0.97023130 -0.33121461
0.98027987 -0.06351049 0.18713042 0.91739148 0.09362260 0.98319019 -0.15675412 0.33119717 -0.17402927 0.17118254 0.96974757 -0.33005860
0.97974218 -0.06390433 0.18979328 0.92198533 0.09466506 0.98293649 -0.15771612 0.33922338 -0.17647600 0.17248793 0.96907386 -0.32675630
0.97933340 -0.06441751 0.19171980 0.93074310 0.09576072 0.98262341 -0.15900038 0.34896249 -0.17814595 0.17407360 0.96848459 -0.32358477
0.97870644 -0.06461142 0.19483087 0.93440485 0.09665143 0.98241994 -0.15971715 0.35644153 -0.18108618 0.17514688 0.96774551 -0.32032427
0.97832239 -0.06494036 0.19664195 0.94251496 0.09750132 0.98217167 -0.16072431 0.36553469 -0.18269866 0.17641304 0.96721230 -0.31865022
0.97765794 -0.06546301 0.19974871 0.94534469 0.09868217 0.98198025 -0.16117263 0.37288526 -0.18559844 0.17728334 0.96650082 -0.31815562
0.97728467 -0.06588049 0.20143095 0.95353401 0.09961072 0.98171738 -0.16219955 0.38263017 -0.18706247 0.17857981 0.96597975 -0.31753558
0.97721452 -0.06619142 0.20166923 0.96658683 0.10017297 0.98148426 -0.16326061 0.39297011 -0.18712873 0.17974245 0.96575126 -0.31778893
0.97697938 -0.06671089 0.20263502 0.97658521 0.10101960 0.98127398 -0.16400129 0.40289685 -0.18789980 0.18069598 0.96542355 -0.31841365
0.97686654 -0.06687662 0.20312381 0.98810834 0.10143981 0.98109162 -0.16483081 0.41362381 -0.18825974 0.18162254 0.96517953 -0.31818667
0.97670393 -0.06708969 0.20383427 0.99703664 0.10195969 0.98089007 -0.16570726 0.42474103 -0.18882176 0.18262982 0.96487963 -0.31706244
0.97622023 -0.06730875 0.20606695 0.99951726 0.10261260 0.98081521 -0.16574736 0.43322396 -0.19095735 0.18295099 0.96439838 -0.31516322
0.97587003 -0.06740697 0.20768721 1.00430179 0.10306790 0.98072722 -0.16598532 0.44398457 -0.19249594 0.18338599 0.96400980 -0.31367803
0.97560021 -0.06756620 0.20889959 1.01018655 0.10340402 0.98073886 -0.16570727 0.45419857 -0.19367974 0.18326510 0.96379565 -0.31350622
0.97559230 -0.06765552 0.20890764 1.01925528 0.10351642 0.98070927 -0.16581219 0.46686214 -0.19365955 0.18339047 0.96377586 -0.31251761
0.97562440 -0.06783841 0.20869832 1.02797854 0.10349918 0.98084642 -0.16500978 0.47717083 -0.19350699 0.18258768 0.96395891 -0.31316507
0.97576967 -0.06808805 0.20793643 1.03784978 0.10347436 0.98095882 -0.16435587 0.48936158 -0.19278640 0.18188956 0.96423524 -0.31342486
0.97572094 -0.06832048 0.20808884 1.04287219 0.10336734 0.98127774 -0.16250905 0.49896914 -0.19309025 0.18007308 0.96451534 -0.31442037
0.97580612 -0.06864358 0.20758247 1.04986978 0.10313491 0.98168278 -0.16019395 0.50823659 -0.19278385 0.17772723 0.96501162 -0.31499022
0.97622338 -0.06912944 0.20544836 1.06126034 0.10281488 0.98205580 -0.15809969 0.51991451 -0.19083241 0.17546376 0.96581337 -0.31471476
0.97635837 -0.06928256 0.20475417 1.06623530 0.10225000 0.98259400 -0.15509340 0.52873516 -0.19044495 0.17236285 0.96644802 -0.31410390
0.97659603 -0.06982524 0.20343210 1.07286561 0.10187538 0.98317781 -0.15160077 0.53765839 -0.18942437 0.16877743 0.96728103 -0.31493658
0.97708194 -0.07008705 0.20099422 1.08340228 0.10121102 0.98364182 -0.14901373 0.55007076 -0.18726239 0.16594146 0.96819225 -0.31338507
0.97744294 -0.07040314 0.19911980 1.09137297 0.10050440 0.98426221 -0.14535051 0.55983311 -0.18575296 0.16208424 0.96913597 -0.31428152
0.97766951 -0.07063983 0.19792003 1.09672451 0.09982062 0.98488255 -0.14157053 0.56924444 -0.18492746 0.15816569 0.96994095 -0.31398433
0.97787462 -0.07087197 0.19682070 1.10206473 0.09907213 0.98555661 -0.13734220 0.57755041 -0.18424423 0.15380290 0.97077223 -0.31432268
0.97822963 -0.07094741 0.19502116 1.11007345 0.09822384 0.98610784 -0.13395298 0.58800530 -0.18280828 0.15019250 0.97160864 -0.31324291
0.97848531 -0.07172218 0.19344878 1.11810267 0.09800190 0.98667331 -0.12988999 0.59734744 -0.18155476 0.14605379 0.97247425 -0.31412557
0.97883642 -0.07230039 0.19144691 1.12880659 0.09766247 0.98714278 -0.12653525 0.60860568 -0.17983688 0.14255449 0.97331234 -0.31432509
0.97885469 -0.07342233 0.19092580 1.13432395 0.09793911 0.98764739 -0.12231341 0.61634433 -0.17958683 0.13842616 0.97395419 -0.31550181
0.97879486 -0.07424038 0.19091618 1.13886893 0.09791976 0.98820483 -0.11774093 0.62288326 -0.17992316 0.13393869 0.97451941 -0.31791398
0.97866060 -0.07507140 0.19127914 1.14240944 0.09818073 0.98857771 -0.11434445 0.63157660 -0.18051030 0.13068434 0.97485262 -0.31800410
0.97846539 -0.07562686 0.19205743 1.14641297 0.09842225 0.98881538 -0.11205896 0.64291322 -0.18143467 0.12854854 0.97496499 -0.31475434
0.97824938 -0.07624434 0.19291175 1.15216017 0.09861652 0.98912116 -0.10915178 0.65107208 -0.18249089 0.12580194 0.97512612 -0.31472382
0.97790017 -0.07694366 0.19439891 1.15820014 0.09900453 0.98937884 -0.10643123 0.65946943 -0.18414496 0.12332549 0.97513151 -0.31711382
0.97710904 -0.07815334 0.19786356 1.15839159 0.10015816 0.98954715 -0.10375348 0.66624677 -0.18768664 0.12119612 0.97472315 -0.31823781
0.97652966 -0.07946604 0.20018735 1.16418731 0.10157522 0.98951296 -0.10269651 0.67698079 -0.18992709 0.12062026 0.97436054 -0.31712446
0.97566226 -0.08110358 0.20372868 1.16743159 0.10329214 0.98953652 -0.10073836 0.68402851 -0.19342672 0.11933019 0.97383079 -0.31976801
0.97458528 -0.08313012 0.20802144 1.16883063 0.10553783 0.98947183 -0.09903163 0.69066870 -0.19759884 0.11846890 0.97309805 -0.32306200
0.97365225 -0.08511539 0.21155772 1.17479944 0.10787147 0.98927886 -0.09844328 0.69988006 -0.20091055 0.11867056 0.97239511 -0.32465729
0.97256738 -0.08700663 0.21573722 1.18001759 0.11013585 0.98911328 -0.09759617 0.70716321 -0.20489703 0.11867926 0.97156186 -0.32873198
0.97125259 -0.08866763 0.22092185 1.18255746 0.11233804 0.98892719 -0.09696994 0.71363807 -0.20987753 0.11900023 0.97045884 -0.33219853
0.96967049 -0.09040552 0.22708144 1.18189275 0.11486956 0.98864202 -0.09691202 0.72052497 -0.21574087 0.12005747 0.96904184 -0.33418870
0.96834448 -0.09214842 0.23198627 1.18734825 0.11742718 0.98827369 -0.09760103 0.72944677 -0.22027215 0.12175292 0.96781011 -0.33872256
0.96701778 -0.09369539 0.23684971 1.19359970 0.12003127 0.98779073 -0.09930746 0.73981088 -0.22465329 0.12446145 0.96645758 -0.34090808
0.96518063 -0.09570322 0.24344867 1.19354069 0.12329327 0.98724687 -0.10070943 0.74842024 -0.23070572 0.12721837 0.96467111 -0.34423551
0.96376032 -0.09755323 0.24829300 1.20067525 0.12638450 0.98662723 -0.10292554 0.75884527 -0.23493192 0.13057594 0.96320139 -0.34847462
0.96188211 -0.09880338 0.25499157 1.20096314 0.12945348 0.98586861 -0.10632445 0.77114147 -0.24088297 0.13528113 0.96107981 -0.34734917
0.95953891 -0.10034942 0.26308758 1.19633710 0.13248185 0.98535536 -0.10734694 0.77474111 -0.24846256 0.13785789 0.95878129 -0.35250619
0.95782944 -0.10203142 0.26861191 1.20068371 0.13567521 0.98465252 -0.10978001 0.78140432 -0.25328838 0.14159450 0.95697231 -0.36082715
0.95581335 -0.10298327 0.27534574 1.20165741 0.13816338 0.98410875 -0.11153856 0.78804141 -0.25948354 0.14465274 0.95485280 -0.36586785
0.95382928 -0.10377194 0.28185295 1.20293677 0.14103164 0.98327374 -0.11525117 0.79779685 -0.26517876 0.14968012 0.95251041 -0.37187919
0.95175882 -0.10475301 0.28841281 1.20369220 0.14411083 0.98241088 -0.11874737 0.80596292 -0.27090074 0.15458226 0.95011426 -0.37788817
0.94977740 -0.10531498 0.29467210 1.20489609 0.14696782 0.98147320 -0.12292607 0.81532598 -0.27626681 0.16005972 0.94765898 -0.38419235
0.94777353 -0.10604911 0.30079715 1.20610845 0.15011459 0.98043500 -0.12732960 0.82488519 -0.28140886 0.16583367 0.94514985 -0.39117312
0.94576571 -0.10624926 0.30698259 1.20616138 0.15278719 0.97944155 -0.13172065 0.83349353 -0.28667628 0.17147988 0.94255576 -0.39821920
0.94377332 -0.10630243 0.31303627 1.20624626 0.15540498 0.97840554 -0.13627873 0.84206939 -0.29178966 0.17726362 0.93991297 -0.40544784
0.94186952 -0.10628593 0.31872418 1.20672035 0.15813602 0.97723623 -0.14142963 0.85133570 -0.29643684 0.18361003 0.93723666 -0.41315222
0.93987824 -0.10626963 0.32455455 1.20642483 0.16091530 0.97604909 -0.14640503 0.85957396 -0.30122277 0.18982869 0.93446771 -0.42020440
0.93812177 -0.10558523 0.32981709 1.20629084 0.16321659 0.97478145 -0.15218894 0.86915195 -0.30543068 0.19660337 0.93169695 -0.42800739
0.93640599 -0.10459212 0.33496912 1.20569134 0.16527205 0.97350196 -0.15804772 0.87858206 -0.30956255 0.20335786 0.92887922 -0.43574056
0.93476968 -0.10365607 0.33979563 1.20482588 0.16736854 0.97218214 -0.16385865 0.88716036 -0.31335830 0.21004119 0.92611515 -0.44306403
0.93318324 -0.10248406 0.34447939 1.20323217 0.16926480 0.97085073 -0.16970057 0.89514875 -0.31704646 0.21666997 0.92332858 -0.45081520
0.93176112 -0.10106678 0.34872154 1.20180821 0.17087832 0.96952013 -0.17558851 0.90200460 -0.32034639 0.22319550 0.92063128 -0.45763385
0.93047197 -0.09952285 0.35258632 1.20038688 0.17240463 0.96812145 -0.18170719 0.90920955 -0.32326236 0.22986096 0.91796807 -0.46457618
0.92921485 -0.09789741 0.35633673 1.19824874 0.17391403 0.96666046 -0.18794005 0.91654491 -0.32605778 0.23660864 0.91526099 -0.47191778
0.92812929 -0.09568538 0.35975037 1.19589877 0.17490501 0.96517748 -0.19452680 0.92404073 -0.32860959 0.24346816 0.91254534 -0.47871959
0.92722715 -0.09390851 0.36253414 1.19406080 0.17629252 0.96353418 -0.20130285 0.93208569 -0.33040998 0.25056553 0.90997042 -0.48586392
0.92627587 -0.09202429 0.36543748 1.19069982 0.17746445 0.96198750 -0.20757266 0.93801159 -0.33244456 0.25712171 0.90739685 -0.49275258
0.92559481 -0.08991640 0.36768097 1.18836975 0.17844280 0.96031567 -0.21436411 0.94498992 -0.33381495 0.26402433 0.90490814 -0.49924323
0.92487038 -0.08745750 0.37008914 1.18475759 0.17909553 0.95868466 -0.22101699 0.95057470 -0.33546919 0.27069338 0.90232229 -0.50441670
0.92425907 -0.08516141 0.37214607 1.18106556 0.17975076 0.95706449 -0.22741422 0.95505631 -0.33680088 0.27708319 0.89988337 -0.50967228
0.92376339 -0.08291403 0.37388028 1.17752314 0.18032879 0.95544987 -0.23366017 0.95877820 -0.33785016 0.28326808 0.89756140 -0.51416296
0.92337385 -0.08052168 0.37536249 1.17398667 0.18087342 0.95368370 -0.24035850 0.96392435 -0.33862302 0.28983385 0.89517082 -0.51869142
0.92301942 -0.07796742 0.37677080 1.16966796 0.18116733 0.95197360 -0.24682921 0.96788031 -0.33943122 0.29608672 0.89281527 -0.52351165
0.92274861 -0.07585420 0.37786392 1.16585541 0.18167391 0.95028612 -0.25288511 0.96978372 -0.33989645 0.30199740 0.89065593 -0.52638948
0.92253112 -0.07313920 0.37892874 1.16106987 0.18169739 0.94855969 -0.25926931 0.97326183 -0.34047378 0.30803437 0.88836504 -0.52988476
0.92237921 -0.07067105 0.37976598 1.15646434 0.18183821 0.94682003 -0.26545562 0.97577399 -0.34081001 0.31390671 0.88617781 -0.53279644
0.92227930 -0.06842354 0.38041965 1.15150261 0.18216340 0.94499534 -0.27166211 0.97822636 -0.34090672 0.31984687 0.88401391 -0.53543752
0.92215829 -0.06638128 0.38107430 1.14665413 0.18242242 0.94336110 -0.27711351 0.97780526 -0.34109552 0.32505901 0.88203769 -0.53650445
0.92207230 -0.06400368 0.38168861 1.14075756 0.18247939 0.94162131 -0.28293211 0.97839534 -0.34129743 0.33053417 0.87992228 -0.53785348
0.92204717 -0.06148407 0.38216321 1.13437271 0.18233258 0.93989740 -0.28870002 0.97942710 -0.34144376 0.33587584 0.87784029 -0.53890949
0.92197268 -0.05935796 0.38267874 1.12745178 0.18244268 0.93822471 -0.29402222 0.97894102 -0.34158609 0.34089739 0.87584697 -0.54005355
0.92203638 -0.05724984 0.38284642 1.12132168 0.18251354 0.93646924 -0.29952325 0.97891986 -0.34137623 0.34604598 0.87390757 -0.54017448
0.92209190 -0.05506191 0.38303356 1.11452532 0.18243240 0.93478093 -0.30479997 0.97834319 -0.34126960 0.35093132 0.87199901 -0.54013741
0.92224054 -0.05275405 0.38300052 1.10745871 0.18213059 0.93311762 -0.31003218 0.97767353 -0.34102909 0.35568036 0.87016702 -0.53959638
0.92235778 -0.05061504 0.38300685 1.09983373 0.18185111 0.93156573 -0.31482609 0.97560441 -0.34086112 0.36003252 0.86844129 -0.53879464
0.92253734 -0.04872761 0.38281912 1.09254098 0.18164180 0.93006720 -0.31934505 0.97301942 -0.34048659 0.36414369 0.86687269 -0.53688455
0.92278009 -0.04700235 0.38244959 1.08580649 0.18151447 0.92853460 -0.32384563 0.97004253 -0.33989617 0.36825843 0.86536485 -0.53471696
0.92306630 -0.04533083 0.38196037 1.07907438 0.18135556 0.92701570 -0.32825609 0.96706903 -0.33920313 0.37227277 0.86391795 -0.53216940
0.92325154 -0.04358640 0.38171562 1.07064354 0.18113911 0.92556853 -0.33243272 0.96396017 -0.33881442 0.37606265 0.86242778 -0.52991068
0.92343947 -0.04199202 0.38143965 1.06226933 0.18108749 0.92404430 -0.33667409 0.96189332 -0.33832951 0.37997210 0.86090322 -0.52756840
0.92367382 -0.04029169 0.38105545 1.05324268 0.18056722 0.92288738 -0.34010935 0.95694518 -0.33796769 0.38295623 0.85972226 -0.52478451
0.92392801 -0.03890213 0.38058331 1.04477835 0.18024004 0.92175324 -0.34334311 0.95205832 -0.33744712 0.38582067 0.85864536 -0.52185726
0.92425033 -0.03760342 0.37993066 1.03601861 0.17990734 0.92062145 -0.34653930 0.94766021 -0.33674126 0.38864138 0.85764981 -0.51904118
0.92448720 -0.03626294 0.37948440 1.02630115 0.17959955 0.91949760 -0.34966865 0.94395924 -0.33625498 0.39141942 0.85657657 -0.51605433
0.92483347 -0.03495005 0.37876318 1.01775873 0.17917977 0.91839712 -0.35276244 0.94021714 -0.33552595 0.39411322 0.85562673 -0.51142341
0.92510412 -0.03385033 0.37820169 1.00820696 0.17889107 0.91741004 -0.35546703 0.93540692 -0.33493335 0.39650092 0.85475533 -0.50768608
0.92530560 -0.03274505 0.37780591 0.99753231 0.17852644 0.91657451 -0.35779809 0.93029803 -0.33457115 0.39852092 0.85395739 -0.50415367
0.92564680 -0.03190387 0.37704130 0.98849958 0.17826660 0.91569708 -0.36016646 0.92570901 -0.33376492 0.40060081 0.85329946 -0.49944845
0.92583975 -0.03095408 0.37664651 0.97866529 0.17802195 0.91485833 -0.36241195 0.92163503 -0.33336007 0.40258674 0.85252272 -0.49385503
0.92604751 -0.03052323 0.37617064 0.96910042 0.17799134 0.91423694 -0.36399163 0.91637433 -0.33279889 0.40402866 0.85205971 -0.48881820
0.92614617 -0.02969375 0.37599410 0.95746350 0.17779578 0.91355360 -0.36579843 0.91265911 -0.33262883 0.40563297 0.85136358 -0.48383063
0.92635389 -0.02913612 0.37552572 0.94648963 0.17739471 0.91325258 -0.36674356 0.90659016 -0.33226434 0.40635060 0.85116367 -0.47918245
0.92644758 -0.02854626 0.37533984 0.93512464 0.17719259 0.91281070 -0.36793941 0.90217012 -0.33211093 0.40738401 0.85072945 -0.47356239
0.92655009 -0.02803597 0.37512520 0.92286831 0.17685308 0.91260314 -0.36861700 0.89681119 -0.33200590 0.40788416 0.85053077 -0.46868685
0.92681430 -0.02800714 0.37447409 0.91286319 0.17663888 0.91251849 -0.36892915 0.89118278 -0.33138188 0.40807550 0.85068234 -0.46354130
0.92695698 -0.02810152 0.37411370 0.90157902 0.17654995 0.91254782 -0.36889916 0.88525420 -0.33103002 0.40800340 0.85085389 -0.45850262
0.92714972 -0.02805084 0.37363959 0.89081895 0.17632390 0.91254201 -0.36902163 0.88033527 -0.33061045 0.40801989 0.85100911 -0.45315662
0.92732750 -0.02830244 0.37317914 0.88010448 0.17625474 0.91265912 -0.36876496 0.87516868 -0.33014840 0.40774049 0.85132234 -0.44780609
0.92746015 -0.02845958 0.37283739 0.86845797 0.17612694 0.91281036 -0.36845156 0.87063116 -0.32984386 0.40739085 0.85160773 -0.44191250
0.92749476 -0.02859544 0.37274089 0.85613471 0.17603630 0.91301425 -0.36798940 0.86618537 -0.32979492 0.40692417 0.85184977 -0.43571672
0.92749655 -0.02884375 0.37271731 0.84295779 0.17593371 0.91338337 -0.36712142 0.86135799 -0.32984464 0.40607739 0.85223451 -0.42993316
0.92760107 -0.02936083 0.37241671 0.83077449 0.17587929 0.91383259 -0.36602797 0.85668564 -0.32957964 0.40502832 0.85283605 -0.42442366
0.92758735 -0.02984192 0.37241262 0.81800878 0.17587871 0.91432186 -0.36480434 0.85201001 -0.32961854 0.40388735 0.85336196 -0.41790506
0.92771996 -0.03038099 0.37203855 0.80634910 0.17569454 0.91491581 -0.36340128 0.84749365 -0.32934346 0.40249976 0.85412343 -0.41200215
0.92799538 -0.03119340 0.37128364 0.79548407 0.17544842 0.91568070 -0.36158914 0.84234023 -0.32869807 0.40069418 0.85522030 -0.40739301
0.92813647 -0.03196437 0.37086516 0.78369921 0.17537647 0.91635084 -0.35992253 0.83828020 -0.32833791 0.39909825 0.85610443 -0.40154183
0.92837168 -0.03307486 0.37017843 0.77273756 0.17540697 0.91711299 -0.35796111 0.83394200 -0.32765594 0.39725283 0.85722329 -0.39694810
0.92841461 -0.03394750 0.36999172 0.75968182 0.17539141 0.91792335 -0.35588563 0.82981873 -0.32754261 0.39530279 0.85816755 -0.39187634
0.92836628 -0.03471642 0.37004164 0.74531525 0.17543503 0.91866417 -0.35394730 0.82646793 -0.32765621 0.39351100 0.85894732 -0.38589224
0.92847940 -0.03539778 0.36969311 0.73223847 0.17520728 0.91945798 -0.35199350 0.82362759 -0.32745750 0.39159164 0.85989975 -0.37977883
0.92869408 -0.03636108 0.36905986 0.72012329 0.17510078 0.92025691 -0.34995276 0.82088387 -0.32690523 0.38962172 0.86100400 -0.37534049
0.92887303 -0.03721270 0.36852424 0.70825279 0.17491314 0.92108442 -0.34786331 0.81838506 -0.32649701 0.38758058 0.86207946 -0.36934429
0.92912885 -0.03792286 0.36780625 0.69592583 0.17452215 0.92193115 -0.34581060 0.81642824 -0.32597791 0.38549295 0.86321121 -0.36407194
0.92923966 -0.03898279 0.36741528 0.68165481 0.17444276 0.92289571 -0.34326846 0.81377804 -0.32570442 0.38307160 0.86439156 -0.35988835
0.92952161 -0.04006068 0.36658521 0.67025906 0.17419779 0.92387932 -0.34073763 0.81136161 -0.32503031 0.38058133 0.86574428 -0.35568663
0.92972882 -0.04069089 0.36598986 0.65691572 0.17375356 0.92475818 -0.33857348 0.81017095 -0.32467526 0.37837356 0.86684452 -0.35131744
0.92988052 -0.04154904 0.36550772 0.64314806 0.17350922 0.92567114 -0.33619562 0.80841887 -0.32437134 0.37604072 0.86797270 -0.34674791
0.93026898 -0.04291204 0.36435997 0.63182920 0.17337067 0.92666966 -0.33350555 0.80645633 -0.32332993 0.37341920 0.86949173 -0.34401727
0.93059541 -0.04398753 0.36339688 0.61927015 0.17308142 0.92764148 -0.33094427 0.80480164 -0.32254459 0.37087246 0.87087232 -0.34080756
0.93051467 -0.04478225 0.36350653 0.60183698 0.17295670 0.92858902 -0.32834192 0.80339932 -0.32284428 0.36839786 0.87181109 -0.33655319
0.93065095 -0.04553104 0.36306438 0.58717084 0.17261619 0.92951105 -0.32590314 0.80250013 -0.32263364 0.36597286 0.87290973 -0.33143896
0.93069185 -0.04638988 0.36285073 0.57134962 0.17243752 0.93043981 -0.32333739 0.80144995 -0.32261118 0.36349655 0.87395210 -0.32692078
0.93094397 -0.04739212 0.36207362 0.55789137 0.17220590 0.93133896 -0.32086269 0.80055887 -0.32200691 0.36105640 0.87518560 -0.32232690
