0.99997656 -0.00413700 0.00545648 0.01410866 0.00411531 0.99998361 0.00398027 0.00410559 -0.00547286 -0.00395772 0.99997719 -0.00889296
0.99997656 -0.00413700 0.00545648 0.01410866 0.00411531 0.99998361 0.00398027 0.00410559 -0.00547286 -0.00395772 0.99997719 -0.00889296
0.99992159 -0.00680648 0.01051138 0.02396171 0.00672277 0.99994557 0.00797898 0.00672485 -0.01056512 -0.00790769 0.99991292 -0.01535744
0.99985367 -0.00864096 0.01476373 0.03385701 0.00850134 0.99991880 0.00949343 0.01227669 -0.01484456 -0.00936653 0.99984594 -0.02130323
0.99979695 -0.00956040 0.01773832 0.04398979 0.00933406 0.99987452 0.01279934 0.01152903 -0.01785846 -0.01263117 0.99976074 -0.02802279
0.99973985 -0.01036678 0.02031667 0.05133558 0.01012056 0.99987454 0.01218479 0.01724275 -0.02044044 -0.01197600 0.99971934 -0.03258631
0.99971785 -0.01099176 0.02105702 0.06116951 0.01075339 0.99987719 0.01140014 0.02148974 -0.02117974 -0.01117049 0.99971328 -0.03836707
0.99971603 -0.01162017 0.02080473 0.07095230 0.01146492 0.99990565 0.00756570 0.03006504 -0.02089069 -0.00732502 0.99975493 -0.04364533
0.99973789 -0.01114952 0.01999621 0.07912864 0.01106418 0.99992922 0.00437382 0.03555973 -0.02004356 -0.00415143 0.99979049 -0.04840502
0.99977562 -0.01025283 0.01853626 0.08686383 0.01025832 0.99994736 -0.00020152 0.04232740 -0.01853322 0.00039162 0.99982817 -0.05282114
0.99982330 -0.00895313 0.01652888 0.09364104 0.00904675 0.99994341 -0.00559790 0.04902786 -0.01647783 0.00574644 0.99984772 -0.05690086
0.99987341 -0.00716469 0.01420680 0.09897334 0.00733191 0.99990405 -0.01175333 0.05575391 -0.01412123 0.01185601 0.99983000 -0.06062525
0.99992950 -0.00538572 0.01058253 0.10576837 0.00558522 0.99980552 -0.01891392 0.06319721 -0.01047860 0.01897169 0.99976511 -0.06447156
0.99997497 -0.00304952 0.00638443 0.11210770 0.00321975 0.99963496 -0.02682486 0.07090053 -0.00630029 0.02684475 0.99961976 -0.06768393
0.99999802 -0.00083725 0.00180743 0.11831113 0.00090062 0.99937450 -0.03535234 0.07913569 -0.00177670 0.03535390 0.99937328 -0.07090143
0.99999320 0.00164420 -0.00329987 0.12422468 -0.00179019 0.99899720 -0.04473696 0.08787312 0.00322300 0.04474256 0.99899335 -0.07378962
0.99995282 0.00420696 -0.00875523 0.12938663 -0.00467742 0.99850682 -0.05442653 0.09607258 0.00851319 0.05446491 0.99847939 -0.07621638
0.99986132 0.00672646 -0.01523461 0.13646989 -0.00770281 0.99785791 -0.06496353 0.10540473 0.01476500 0.06507187 0.99777134 -0.07876158
0.99972882 0.00923020 -0.02137958 0.14149359 -0.01082308 0.99707726 -0.07562934 0.11422206 0.02061902 0.07584022 0.99690677 -0.08035994
0.99956132 0.01165778 -0.02722616 0.14431027 -0.01398162 0.99612893 -0.08678515 0.12217490 0.02610905 0.08712774 0.99585495 -0.08261921
0.99935592 0.01399588 -0.03304334 0.14691742 -0.01716444 0.99507347 -0.09764309 0.13000084 0.03151395 0.09814737 0.99467279 -0.08436084
0.99907675 0.01572582 -0.03997922 0.15183553 -0.02003635 0.99375007 -0.10981504 0.14001454 0.03800242 0.11051470 0.99314768 -0.08629286
0.99878075 0.01782969 -0.04603390 0.15413886 -0.02331338 0.99232006 -0.12147995 0.14884168 0.04351441 0.12240505 0.99152584 -0.08737522
0.99840187 0.01966373 -0.05298161 0.15873300 -0.02659378 0.99069856 -0.13345090 0.15852112 0.04986466 0.13464661 0.98963822 -0.08820809
0.99800551 0.02121190 -0.05945627 0.16223998 -0.02969640 0.98888745 -0.14566994 0.16837946 0.05570562 0.14714504 0.98754505 -0.08886990
0.99754053 0.02283351 -0.06626856 0.16691045 -0.03308351 0.98689072 -0.15796263 0.17912987 0.06179298 0.15976652 0.98521890 -0.08937270
0.99710554 0.02389082 -0.07217879 0.17000268 -0.03586958 0.98487234 -0.16952831 0.18769874 0.06703673 0.17162664 0.98287862 -0.09053969
0.99662498 0.02482445 -0.07824570 0.17372769 -0.03871781 0.98264769 -0.18139582 0.19765642 0.07238490 0.18381310 0.98029239 -0.09065814
0.99616219 0.02539186 -0.08376237 0.17711757 -0.04123500 0.98028649 -0.19323060 0.20793714 0.07720464 0.19594296 0.97757138 -0.09116182
0.99573755 0.02574761 -0.08856521 0.17906405 -0.04346788 0.97792007 -0.20440862 0.21701102 0.08134666 0.20738708 0.97487093 -0.09084304
0.99528835 0.02583277 -0.09345464 0.18298398 -0.04555084 0.97544488 -0.21548181 0.22708271 0.08559336 0.21872347 0.97202563 -0.09105544
0.99494853 0.02592027 -0.09698229 0.18373075 -0.04736079 0.97301673 -0.22582160 0.23598105 0.08851203 0.22927403 0.96932917 -0.09032752
0.99460942 0.02588708 -0.10040897 0.18636739 -0.04910848 0.97045053 -0.23625012 0.24668229 0.09132611 0.23990753 0.96649052 -0.08981372
0.99435296 0.02527412 -0.10306990 0.18850690 -0.05009486 0.96799526 -0.24591803 0.25634009 0.09355581 0.24969260 0.96379506 -0.08927318
0.99414176 0.02505345 -0.10514029 0.19066630 -0.05127201 0.96566182 -0.25469283 0.26522613 0.09514903 0.25859153 0.96128928 -0.08849827
0.99399257 0.02433881 -0.10670700 0.19332762 -0.05190770 0.96316899 -0.26383912 0.27619117 0.09635535 0.26779304 0.95864620 -0.08735705
0.99394458 0.02361696 -0.10731450 0.19562820 -0.05218918 0.96090766 -0.27190580 0.28629023 0.09669774 0.27585996 0.95632151 -0.08594660
0.99396363 0.02267226 -0.10734186 0.19857079 -0.05203231 0.95879415 -0.27929631 0.29628131 0.09658647 0.28319561 0.95418620 -0.08494254
0.99407755 0.02151384 -0.10652218 0.20181341 -0.05137978 0.95677764 -0.28624580 0.30676323 0.09575979 0.29002361 0.95221655 -0.08377614
0.99424059 0.02045492 -0.10520096 0.20621867 -0.05063986 0.95478729 -0.29294511 0.31839392 0.09445237 0.29658528 0.95032411 -0.08213949
0.99451856 0.01917171 -0.10278753 0.20982951 -0.04920783 0.95319623 -0.29832121 0.32757500 0.09225736 0.30174393 0.94891474 -0.08171566
0.99486778 0.01784616 -0.09959731 0.21359770 -0.04741066 0.95179967 -0.30303402 0.33590209 0.08938870 0.30620075 0.94776092 -0.08139307
0.99528465 0.01660688 -0.09556508 0.21638353 -0.04536690 0.95052894 -0.30730536 0.34433302 0.08573399 0.31019180 0.94680026 -0.08008900
0.99571418 0.01562530 -0.09115437 0.22009677 -0.04337555 0.94939799 -0.31106593 0.35263354 0.08168128 0.31368663 0.94600680 -0.07903422
0.99615330 0.01452960 -0.08641469 0.22404996 -0.04117446 0.94812275 -0.31522675 0.36315912 0.07735162 0.31757225 0.94507386 -0.07700281
0.99659779 0.01326847 -0.08134368 0.22891539 -0.03860977 0.94712137 -0.31854420 0.37192899 0.07281574 0.32060110 0.94441135 -0.07568134
0.99706313 0.01225902 -0.07559655 0.23337913 -0.03601833 0.94618396 -0.32161870 0.38078070 0.06758551 0.32339700 0.94384669 -0.07406138
0.99752262 0.01091118 -0.06949511 0.23778218 -0.03294777 0.94530896 -0.32450795 0.38919953 0.06215358 0.32599373 0.94332657 -0.07298808
0.99790388 0.00975435 -0.06397420 0.24580041 -0.03023163 0.94433865 -0.32758290 0.39927727 0.05721795 0.32883029 0.94265410 -0.07231782
0.99829639 0.00840330 -0.05773816 0.25209305 -0.02701868 0.94365955 -0.32981303 0.40705165 0.05171364 0.33081117 0.94227898 -0.07145078
0.99869735 0.00699382 -0.05054401 0.25614113 -0.02342731 0.94283386 -0.33243867 0.41541320 0.04532959 0.33318973 0.94176952 -0.06899270
0.99902706 0.00599451 -0.04369202 0.26209566 -0.02033138 0.94175928 -0.33567261 0.42648214 0.03913517 0.33623434 0.94096488 -0.06656966
0.99930327 0.00507328 -0.03697605 0.26895407 -0.01726053 0.94122555 -0.33733742 0.43252414 0.03309140 0.33774061 0.94065734 -0.06592838
0.99953561 0.00366044 -0.03025175 0.27663118 -0.01369666 0.94079079 -0.33871092 0.43703642 0.02722073 0.33896797 0.94040403 -0.06661148
0.99973563 0.00257420 -0.02284840 0.28214583 -0.01020556 0.94014369 -0.34062544 0.44239822 0.02060394 0.34076857 0.93992141 -0.06513288
0.99986144 0.00154186 -0.01657450 0.29129723 -0.00714447 0.93907658 -0.34363371 0.45123306 0.01503489 0.34370452 0.93895748 -0.06324105
0.99995159 0.00050214 -0.00982698 0.29892358 -0.00387238 0.93819050 -0.34609767 0.45752963 0.00904579 0.34611897 0.93814702 -0.06292866
0.99999436 -0.00067517 -0.00328955 0.30687273 -0.00051564 0.93709133 -0.34908390 0.46430165 0.00331829 0.34908363 0.93708570 -0.06183338
0.99999326 -0.00195876 0.00310564 0.31495687 0.00292549 0.93617073 -0.35153350 0.46807986 -0.00221884 0.35154022 0.93617015 -0.06189103
0.99996126 -0.00267646 0.00838576 0.32612628 0.00548176 0.93472053 -0.35534136 0.47532156 -0.00688729 0.35537356 0.93469899 -0.06073486
0.99989896 -0.00299986 0.01389492 0.33519769 0.00779280 0.93318574 -0.35930996 0.48179764 -0.01188866 0.35938194 0.93311483 -0.05841404
0.99980238 -0.00381307 0.01951041 0.34348622 0.01063096 0.93186160 -0.36265817 0.48441625 -0.01679816 0.36279391 0.93171798 -0.05880021
0.99967580 -0.00379196 0.02517782 0.35173583 0.01278262 0.92994652 -0.36747255 0.49030250 -0.02202059 0.36767525 0.92969350 -0.05555866
0.99953742 -0.00413827 0.03013006 0.36110541 0.01506793 0.92794413 -0.37241463 0.49528944 -0.02641786 0.37269635 0.92757723 -0.05472057
0.99939648 -0.00464165 0.03442563 0.37223589 0.01730098 0.92588051 -0.37742014 0.49999046 -0.03012217 0.37778796 0.92540203 -0.05386800
0.99924745 -0.00546957 0.03840062 0.38371253 0.01974663 0.92384693 -0.38225242 0.50248325 -0.03338554 0.38272304 0.92325970 -0.05649388
0.99911773 -0.00544614 0.04164247 0.39707956 0.02119301 0.92142769 -0.38797148 0.50790352 -0.03625757 0.38851172 0.92073016 -0.05594846
0.99892591 -0.00548439 0.04601025 0.40612832 0.02316131 0.91912043 -0.39329530 0.51049775 -0.04013198 0.39393852 0.91826024 -0.05578019
0.99875263 -0.00531643 0.04964787 0.41707504 0.02471597 0.91659474 -0.39905287 0.51431388 -0.04338544 0.39978220 0.91558282 -0.05585545
0.99851000 -0.00467898 0.05436802 0.42360771 0.02632065 0.91405560 -0.40473398 0.51637048 -0.04780165 0.40556193 0.91281681 -0.05312853
0.99834412 -0.00460293 0.05733966 0.43505138 0.02777888 0.91144013 -0.41049389 0.51867604 -0.05037219 0.41140699 0.91005875 -0.05403599
0.99815767 -0.00469537 0.06049149 0.44578829 0.02946775 0.90903259 -0.41568185 0.51861322 -0.05303696 0.41669857 0.90749621 -0.05704341
0.99801928 -0.00421164 0.06276770 0.45866439 0.03037537 0.90600157 -0.42218301 0.52285349 -0.05508955 0.42325337 0.90433496 -0.05630135
0.99784219 -0.00463141 0.06549432 0.47018740 0.03232685 0.90288239 -0.42867047 0.52657002 -0.05714832 0.42986270 0.90108386 -0.05954147
0.99765797 -0.00400329 0.06828289 0.47973898 0.03333778 0.90014476 -0.43431325 0.52650774 -0.05972580 0.43557247 0.89817006 -0.06080915
0.99747862 -0.00393417 0.07085847 0.49029845 0.03481011 0.89722034 -0.44020894 0.52803373 -0.06184380 0.44156560 0.89509506 -0.06198665
0.99737512 -0.00365957 0.07231518 0.50428760 0.03567654 0.89391441 -0.44681564 0.53257549 -0.06300843 0.44822276 0.89169855 -0.06302668
0.99719464 -0.00363413 0.07476391 0.51431590 0.03714619 0.89117602 -0.45213434 0.53304040 -0.06498469 0.45364314 0.88881094 -0.06741559
0.99694633 -0.00256775 0.07804757 0.52051133 0.03809882 0.88842965 -0.45742894 0.53271288 -0.06816522 0.45900562 0.88581451 -0.06799731
0.99675699 -0.00220088 0.08044036 0.52967489 0.03927866 0.88576078 -0.46247706 0.53288484 -0.07023306 0.46413683 0.88297470 -0.07228270
0.99662836 -0.00126384 0.08203853 0.54052287 0.03960460 0.88309275 -0.46752398 0.53334200 -0.07185675 0.46919676 0.88016533 -0.07374616
0.99646752 -0.00128143 0.08396923 0.55046248 0.04079569 0.88136327 -0.47067451 0.52825218 -0.07340426 0.47243745 0.87830215 -0.08365671
0.99632096 -0.00084734 0.08569611 0.56040084 0.04167904 0.87852061 -0.47588275 0.53107798 -0.07488256 0.47770369 0.87532382 -0.08581465
0.99614027 -0.00035714 0.08777492 0.56843984 0.04263526 0.87607042 -0.48029455 0.53166640 -0.07672547 0.48218304 0.87270425 -0.09051622
0.99595326 -0.00007296 0.08987263 0.57683921 0.04376083 0.87383979 -0.48424065 0.53145474 -0.07849895 0.48621396 0.87030678 -0.09547164
0.99576262 0.00058084 0.09195910 0.58423674 0.04452570 0.87190545 -0.48764572 0.53071791 -0.08046289 0.48967392 0.86818499 -0.09993390
0.99564382 0.00120069 0.09323056 0.59392267 0.04495957 0.86980557 -0.49134195 0.53260118 -0.08168241 0.49339319 0.86596256 -0.10324121
0.99539015 0.00150509 0.09589676 0.59851247 0.04626583 0.86831058 -0.49385848 0.53148252 -0.08401147 0.49601861 0.86423817 -0.10912735
0.99517353 0.00153550 0.09811874 0.60481995 0.04756544 0.86701715 -0.49600281 0.53092128 -0.08583224 0.49827593 0.86275948 -0.11624949
0.99498060 0.00191072 0.10004972 0.61115903 0.04839899 0.86590695 -0.49785810 0.53038120 -0.08758501 0.50020145 0.86146815 -0.11972357
0.99473897 0.00206779 0.10242123 0.61608350 0.04956796 0.86524998 -0.49888424 0.52905339 -0.08965156 0.50133641 0.86059538 -0.12900692
0.99455381 0.00212404 0.10420275 0.62302440 0.05051306 0.86469947 -0.49974319 0.52886367 -0.09116553 0.50228509 0.85988286 -0.13645352
0.99428925 0.00239570 0.10669188 0.62652487 0.05157450 0.86446112 -0.50004704 0.52806777 -0.09342894 0.50269398 0.85940084 -0.14199796
0.99408076 0.00247255 0.10861548 0.63168293 0.05247528 0.86446415 -0.49994808 0.52797335 -0.09513033 0.50268840 0.85921743 -0.14897870
0.99384583 0.00223068 0.11074963 0.63625538 0.05368159 0.86485245 -0.49914780 0.52753890 -0.09689553 0.50202118 0.85941026 -0.15851504
0.99364866 0.00198253 0.11250958 0.64108866 0.05461454 0.86568987 -0.49759250 0.52634639 -0.09838490 0.50057678 0.86008331 -0.16697560
0.99346795 0.00147847 0.11410192 0.64652795 0.05560362 0.86690347 -0.49536513 0.52473474 -0.09964774 0.49847386 0.86115860 -0.17693874
0.99327802 0.00115728 0.11574732 0.65133250 0.05636768 0.86854210 -0.49239954 0.52304345 -0.10110127 0.49561404 0.86263854 -0.18852808
0.99310955 0.00086046 0.11718650 0.65581834 0.05692593 0.87052714 -0.48881687 0.52029693 -0.10243464 0.49211965 0.86447984 -0.19785027
0.99284921 0.00065813 0.11937345 0.65676165 0.05771402 0.87270283 -0.48482869 0.51739383 -0.10449663 0.48825130 0.86642433 -0.20677169
0.99259685 0.00023993 0.12145553 0.65839547 0.05862290 0.87485487 -0.48082462 0.51683444 -0.10637132 0.48438508 0.86836412 -0.21536717
0.99239611 -0.00024420 0.12308491 0.66162342 0.05931571 0.87716896 -0.47650421 0.51673102 -0.10784991 0.48018180 0.87051355 -0.22641206
0.99220117 -0.00061584 0.12464535 0.66341841 0.05972338 0.88007626 -0.47106146 0.51365501 -0.10940731 0.47483198 0.87324947 -0.23637733
0.99197772 -0.00125473 0.12640656 0.66466081 0.06043399 0.88298627 -0.46549219 0.51173913 -0.11103120 0.46939714 0.87597854 -0.24751244
0.99169819 -0.00222010 0.12856818 0.66343194 0.06155312 0.88605073 -0.45948376 0.50926894 -0.11289783 0.46358298 0.87883155 -0.25721806
0.99171206 -0.00289297 0.12844776 0.67065525 0.06136139 0.88902283 -0.45373251 0.50918448 -0.11288035 0.45785374 0.88183217 -0.26671228
0.99151243 -0.00390833 0.12995316 0.67195356 0.06218124 0.89206963 -0.44759945 0.50844717 -0.11417790 0.45188106 0.88474115 -0.27969965
0.99147705 -0.00517480 0.13017869 0.67687255 0.06269502 0.89485556 -0.44193083 0.50995815 -0.11420422 0.44632583 0.88755318 -0.28965357
0.99136438 -0.00604610 0.13099664 0.67918640 0.06288546 0.89850360 -0.43443837 0.50586951 -0.11507429 0.43892451 0.89112467 -0.30257910
0.99126741 -0.00682272 0.13169048 0.68178797 0.06301608 0.90175998 -0.42761888 0.50466752 -0.11583568 0.43218328 0.89431522 -0.31413910
0.99129804 -0.00815794 0.13138354 0.68828565 0.06328328 0.90471027 -0.42130103 0.50624174 -0.11542709 0.42594927 0.89735378 -0.32522357
0.99121880 -0.00885774 0.13193492 0.69059062 0.06325690 0.90794482 -0.41428826 0.50561017 -0.11611997 0.41899611 0.90053229 -0.33570704
0.99109244 -0.00939971 0.13284359 0.69101113 0.06324801 0.91105540 -0.40740366 0.50477701 -0.11719839 0.41217678 0.90353463 -0.34481514
0.99107329 -0.01032468 0.13291777 0.69522768 0.06323755 0.91410668 -0.40051215 0.50476551 -0.11736586 0.40534229 0.90659963 -0.35574609
0.99102079 -0.01168165 0.13319657 0.69880390 0.06365952 0.91724634 -0.39320048 0.50379723 -0.11758083 0.39814908 0.90975384 -0.36602682
0.99111548 -0.01309161 0.13235832 0.70621669 0.06368746 0.92035345 -0.38586713 0.50335234 -0.11676481 0.39086845 0.91301031 -0.37890285
0.99128791 -0.01409379 0.13095664 0.71597946 0.06312850 0.92345722 -0.37847265 0.50235575 -0.11559874 0.38344246 0.91630170 -0.39219183
0.99129263 -0.01511623 0.13080683 0.72028923 0.06300777 0.92673422 -0.37039668 0.49789557 -0.11562416 0.37541334 0.91961724 -0.40250033
0.99133211 -0.01601155 0.13040047 0.72594368 0.06273725 0.92976099 -0.36277891 0.49536827 -0.11543262 0.36781534 0.92270645 -0.41294616
0.99132649 -0.01716326 0.13029663 0.73086327 0.06292352 0.93239677 -0.35591698 0.49512216 -0.11537946 0.36102865 0.92538959 -0.42123029
0.99116342 -0.01788791 0.13143474 0.73048007 0.06302729 0.93537594 -0.34799340 0.49016941 -0.11671602 0.35320230 0.92823785 -0.42822507
0.99103188 -0.01881781 0.13229398 0.73162520 0.06320521 0.93829415 -0.34001350 0.48518682 -0.11773236 0.34532589 0.93106881 -0.43702739
0.99105611 -0.02010551 0.13192255 0.73800725 0.06339382 0.94084587 -0.33285174 0.48301539 -0.11742663 0.33823782 0.93370561 -0.44409823
0.99108453 -0.02139841 0.13150498 0.74435055 0.06356296 0.94339184 -0.32553277 0.48003444 -0.11709484 0.33098934 0.93634121 -0.45028606
0.99113639 -0.02258040 0.13091520 0.75139475 0.06357365 0.94590495 -0.31815440 0.47594276 -0.11664928 0.32365716 0.93895633 -0.45490739
0.99094331 -0.02346739 0.13221433 0.75171596 0.06378883 0.94868957 -0.30970806 0.46714121 -0.11816231 0.31533693 0.94159455 -0.45806363
0.99092405 -0.02486369 0.13210343 0.75770849 0.06410771 0.95119712 -0.30185136 0.46017742 -0.11815127 0.30758062 0.94415806 -0.46141645
0.99076813 -0.02593191 0.13306406 0.75970572 0.06441052 0.95371757 -0.29372451 0.45151925 -0.11928870 0.29958361 0.94658326 -0.46254161
0.99072658 -0.02724084 0.13311193 0.76537961 0.06472850 0.95600531 -0.28611897 0.44442827 -0.11946159 0.29208180 0.94890313 -0.46381527
0.99052304 -0.02849662 0.13435793 0.76761478 0.06529382 0.95832825 -0.27810733 0.43507132 -0.12083388 0.28424446 0.95110686 -0.46395034
0.99027426 -0.02965263 0.13593238 0.76859796 0.06584225 0.96057204 -0.27012250 0.42508417 -0.12256300 0.27644545 0.95318216 -0.46280703
0.99005459 -0.03094425 0.13723837 0.77079552 0.06641996 0.96275745 -0.26208106 0.41437477 -0.12401736 0.26858992 0.95523774 -0.46184063
0.98990546 -0.03250547 0.13795134 0.77595675 0.06714059 0.96474964 -0.25446076 0.40509099 -0.12481714 0.26115423 0.95719337 -0.46001732
0.98968790 -0.03383972 0.13918594 0.77926594 0.06775569 0.96670811 -0.24674803 0.39476612 -0.12620230 0.25363418 0.95903216 -0.45577759
0.98945335 -0.03499290 0.14056160 0.78137136 0.06821287 0.96861246 -0.23903327 0.38389418 -0.12778525 0.24610038 0.96078381 -0.45004079
0.98928207 -0.03679621 0.14130471 0.78679442 0.06919341 0.97031022 -0.23175493 0.37411109 -0.12858170 0.23904835 0.96245656 -0.44628727
0.98897477 -0.03803667 0.14311574 0.78788477 0.06990228 0.97190890 -0.22473709 0.36413756 -0.13054721 0.23226343 0.96385223 -0.43956029
0.98871848 -0.03933860 0.14452765 0.79149240 0.07057040 0.97343476 -0.21781776 0.35472912 -0.13211959 0.22555982 0.96522908 -0.43449223
0.98843307 -0.04085054 0.14605236 0.79538018 0.07150162 0.97481431 -0.21124531 0.34578258 -0.13374444 0.21924483 0.96645958 -0.42915824
0.98813621 -0.04230853 0.14763747 0.79905528 0.07244211 0.97604626 -0.20514834 0.33799344 -0.13542148 0.21340967 0.96753157 -0.42135036
0.98791406 -0.04375566 0.14869851 0.80533117 0.07324794 0.97724212 -0.19907930 0.32990775 -0.13660360 0.20756510 0.96863625 -0.41527766
0.98769050 -0.04536263 0.14969876 0.81196702 0.07419488 0.97837918 -0.19305256 0.32143465 -0.13770478 0.20178306 0.96970149 -0.41032165
0.98725691 -0.04676997 0.15210644 0.81309283 0.07529425 0.97936186 -0.18756632 0.31404504 -0.14019477 0.19662888 0.97040327 -0.40336350
0.98680481 -0.04805385 0.15461919 0.81445044 0.07633071 0.98023678 -0.18250882 0.30734655 -0.14279317 0.19190277 0.97097036 -0.39672154
0.98638576 -0.04940161 0.15685222 0.81723624 0.07742427 0.98099394 -0.17792240 0.30204257 -0.14508142 0.18764429 0.97146333 -0.38919127
0.98612836 -0.05075032 0.15803563 0.82589906 0.07835580 0.98167920 -0.17368451 0.29813203 -0.14632575 0.18365823 0.97203829 -0.38582841
0.98581974 -0.05211283 0.15951079 0.83320689 0.07941303 0.98225878 -0.16988600 0.29470566 -0.14782764 0.18014420 0.97246854 -0.38223651
0.98535424 -0.05340233 0.16194199 0.83680171 0.08064705 0.98271344 -0.16664439 0.29241216 -0.15024338 0.17726390 0.97262760 -0.37612122
0.98483515 -0.05457042 0.16468694 0.83940679 0.08181246 0.98315072 -0.16346674 0.28956532 -0.15299163 0.17446123 0.97270594 -0.37074775
0.98440831 -0.05563250 0.16686910 0.84469217 0.08293287 0.98340012 -0.16138879 0.29000089 -0.15512063 0.17271140 0.97268102 -0.36487255
0.98402321 -0.05669202 0.16877301 0.85188460 0.08402371 0.98361686 -0.15949261 0.29064304 -0.15696602 0.17112537 0.97266530 -0.36076966
0.98375401 -0.05762973 0.17002020 0.86206412 0.08500628 0.98370580 -0.15841979 0.29381564 -0.15812017 0.17029889 0.97262341 -0.35630113
0.98344481 -0.05846728 0.17151640 0.87044960 0.08597144 0.98375382 -0.15759867 0.29691544 -0.15951555 0.16973511 0.97249410 -0.35175368
0.98290215 -0.05924567 0.17433679 0.87529302 0.08701020 0.98388541 -0.15620094 0.29842061 -0.16227320 0.16869931 0.97221806 -0.34894958
0.98236759 -0.05990884 0.17710124 0.87952101 0.08807094 0.98386963 -0.15570504 0.30201784 -0.16491642 0.16855706 0.97179787 -0.34495369
0.98181616 -0.06058168 0.17990797 0.88436157 0.08918336 0.98381521 -0.15541546 0.30649543 -0.16758087 0.16863421 0.97132855 -0.34091970
0.98141541 -0.06138020 0.18181381 0.89349318 0.09033847 0.98368907 -0.15554668 0.31247744 -0.16930077 0.16908069 0.97095261 -0.33746761
0.98098551 -0.06212994 0.18386763 0.90167511 0.09144956 0.98358592 -0.15554973 0.31787804 -0.17118532 0.16940665 0.97056529 -0.33569756
0.98078124 -0.06286791 0.18470460 0.91460937 0.09237019 0.98346945 -0.15574208 0.32385576 -0.17186015 0.16981011 0.97037550 -0.33629680
0.98034650 -0.06349787 0.18678535 0.92254734 0.09347768 0.98326727 -0.15635665 0.33126271 -0.17373161 0.17074396 0.96987826 -0.33454522
0.97986195 -0.06399120 0.18914459 0.92898118 0.09457940 0.98299511 -0.15740188 0.33995044 -0.17585588 0.17212130 0.96925176 -0.33102614
0.97923351 -0.06438386 0.19224061 0.93209976 0.09574869 0.98268784 -0.15860897 0.34895772 -0.17870065 0.17372201 0.96844553 -0.32592154
0.97861650 -0.06474838 0.19523675 0.93656570 0.09675905 0.98249902 -0.15916460 0.35608122 -0.18151427 0.17465202 0.96775474 -0.32387593
0.97830867 -0.06508601 0.19666204 0.94629210 0.09755299 0.98225149 -0.16020431 0.36537978 -0.18274453 0.17591424 0.96729448 -0.32290471
0.97770594 -0.06545183 0.19951732 0.94928789 0.09861952 0.98199408 -0.16112672 0.37378949 -0.18537879 0.17721085 0.96655627 -0.32024771
0.97721844 -0.06589110 0.20174858 0.95576686 0.09967475 0.98171568 -0.16217052 0.38391817 -0.18737415 0.17858526 0.96591834 -0.31873390
0.97719021 -0.06629761 0.20175214 0.97041124 0.10024360 0.98152122 -0.16299482 0.39397317 -0.18721785 0.17950130 0.96577884 -0.32148021
0.97692334 -0.06661591 0.20293623 0.97878319 0.10095193 0.98130571 -0.16385304 0.40386069 -0.18822726 0.18055866 0.96538545 -0.32022187
0.97700219 -0.06682158 0.20248852 0.99425131 0.10121846 0.98115425 -0.16459391 0.41464877 -0.18767404 0.18130419 0.96535343 -0.32286394
0.97677616 -0.06702662 0.20350865 1.00211716 0.10176404 0.98097120 -0.16534684 0.42538288 -0.18855348 0.18221672 0.96501018 -0.32088226
0.97626178 -0.06727607 0.20588069 1.00453389 0.10251264 0.98085266 -0.16558749 0.43494627 -0.19079855 0.18276211 0.96446562 -0.31768698
0.97592469 -0.06743892 0.20741983 1.00946224 0.10305110 0.98072712 -0.16599634 0.44626424 -0.19222764 0.18337477 0.96406547 -0.31570196
0.97572882 -0.06774424 0.20824024 1.01655960 0.10339953 0.98078776 -0.16542039 0.45543030 -0.19303320 0.18293739 0.96398760 -0.31763762
0.97560448 -0.06770988 0.20883311 1.02319658 0.10347021 0.98078694 -0.16538104 0.46718532 -0.19362286 0.18295449 0.96386609 -0.31571114
0.97563307 -0.06779922 0.20867048 1.03165913 0.10338738 0.98091439 -0.16467548 0.47784981 -0.19352301 0.18223674 0.96402210 -0.31597313
0.97581715 -0.06817051 0.20768648 1.04267299 0.10344144 0.98101964 -0.16401320 0.49016979 -0.19256365 0.18153028 0.96434745 -0.31731170
0.97568405 -0.06844908 0.20821947 1.04653490 0.10340679 0.98136801 -0.16193784 0.49905431 -0.19325543 0.17953148 0.96458322 -0.31828344
0.97579358 -0.06899265 0.20752565 1.05409145 0.10334172 0.98177018 -0.15952368 0.50844669 -0.19273654 0.17710824 0.96513486 -0.32018951
0.97615519 -0.06944073 0.20566730 1.06486213 0.10300519 0.98216807 -0.15727621 0.51986015 -0.19107848 0.17471079 0.96590121 -0.32029188
0.97617074 -0.06959153 0.20554248 1.06746113 0.10249153 0.98273658 -0.15402698 0.52741891 -0.19127514 0.17142299 0.96645123 -0.31825638
0.97649560 -0.07009389 0.20382145 1.07545877 0.10208069 0.98326125 -0.15092003 0.53787577 -0.18983116 0.16817898 0.96730552 -0.31911743
0.97698069 -0.07021852 0.20144003 1.08558369 0.10132887 0.98370103 -0.14854209 0.55070966 -0.18772636 0.16553445 0.96817207 -0.31650165
0.97740609 -0.07062975 0.19922042 1.09493613 0.10064962 0.98432418 -0.14482941 0.56036568 -0.18586822 0.16160860 0.96919331 -0.31794244
0.97767940 -0.07074617 0.19783319 1.10104048 0.09984755 0.98492949 -0.14122454 0.57026470 -0.18486065 0.15782549 0.97000910 -0.31686398
0.97791406 -0.07116128 0.19652012 1.10720754 0.09924902 0.98558781 -0.13699016 0.57885170 -0.18393944 0.15346904 0.97088287 -0.31789723
0.97835828 -0.07137860 0.19421681 1.11748576 0.09844269 0.98615151 -0.13346997 0.58978039 -0.18200030 0.14970068 0.97183620 -0.31886104
0.97863698 -0.07188498 0.19261933 1.12582362 0.09804445 0.98666626 -0.12991139 0.60028028 -0.18071231 0.14602135 0.97263602 -0.31861860
0.97876487 -0.07250326 0.19173579 1.13202715 0.09782310 0.98718679 -0.12606701 0.60940880 -0.18013877 0.14214615 0.97331624 -0.31767079
0.97877738 -0.07359779 0.19125432 1.13684213 0.09806849 0.98769796 -0.12180032 0.61719990 -0.17993727 0.13797142 0.97395404 -0.31850263
0.97881073 -0.07451390 0.19072816 1.14358437 0.09805383 0.98826627 -0.11711205 0.62366635 -0.17976373 0.13333216 0.97463200 -0.32297152
0.97875627 -0.07531341 0.19069360 1.14905787 0.09822913 0.98864589 -0.11371166 0.63271844 -0.17996443 0.13002767 0.97504134 -0.32401001
0.97869936 -0.07579443 0.19079511 1.15576565 0.09834472 0.98887130 -0.11163274 0.64465147 -0.18021067 0.12801858 0.97526169 -0.32064199
0.97848398 -0.07636172 0.19167156 1.16169846 0.09851212 0.98916797 -0.10882137 0.65333128 -0.18128558 0.12536194 0.97540757 -0.32069650
0.97813161 -0.07700078 0.19320825 1.16757095 0.09888658 0.98940410 -0.10630601 0.66239113 -0.18297539 0.12308697 0.97538177 -0.32215631
0.97740529 -0.07799789 0.19645667 1.16823351 0.09989227 0.98953637 -0.10411197 0.67035854 -0.18628050 0.12138409 0.97496947 -0.32142580
0.97673147 -0.07963380 0.19913335 1.17262518 0.10162205 0.98950333 -0.10274295 0.68029642 -0.18886130 0.12058861 0.97457160 -0.32069436
0.97574626 -0.08122625 0.20327697 1.17341053 0.10336375 0.98952733 -0.10075514 0.68712366 -0.19296416 0.11932293 0.97392344 -0.32264209
0.97488724 -0.08333093 0.20652076 1.17959809 0.10557567 0.98945819 -0.09912756 0.69478470 -0.19608326 0.11844176 0.97340788 -0.32814547
0.97392716 -0.08533192 0.21020075 1.18456113 0.10792126 0.98927442 -0.09843336 0.70333022 -0.19954672 0.11855205 0.97269035 -0.32965648
0.97274702 -0.08721533 0.21484116 1.18774319 0.11022718 0.98910763 -0.09755029 0.71038657 -0.20399315 0.11857309 0.97176500 -0.33345973
0.97136156 -0.08902567 0.22029789 1.18948829 0.11251538 0.98895661 -0.09646299 0.71576655 -0.20927737 0.11848735 0.97065119 -0.33864391
0.96989212 -0.09071035 0.22601088 1.19039476 0.11499943 0.98864714 -0.09670558 0.72368395 -0.21467281 0.11978510 0.96931270 -0.34042904
0.96878316 -0.09265596 0.22994359 1.19953811 0.11764265 0.98826576 -0.09742178 0.73305422 -0.21821867 0.12143175 0.96831552 -0.34630454
0.96736281 -0.09386025 0.23537088 1.20327330 0.12005612 0.98776555 -0.09952760 0.74404699 -0.22314956 0.12453701 0.96679616 -0.34558907
0.96577520 -0.09591925 0.24099328 1.20780182 0.12323990 0.98722918 -0.10094786 0.75323021 -0.22823275 0.12719292 0.96526254 -0.35082692
0.96439133 -0.09761327 0.24580688 1.21522105 0.12626835 0.98656971 -0.10361715 0.76545340 -0.23239121 0.13096511 0.96376474 -0.35448459
0.96227970 -0.09894678 0.25343108 1.21196580 0.12937847 0.98587718 -0.10633625 0.77530652 -0.23933029 0.13511374 0.96149118 -0.35382700
0.95992901 -0.10065716 0.26154243 1.20683455 0.13269026 0.98527624 -0.10781473 0.78038365 -0.24683922 0.13819862 0.95915147 -0.35684529
0.95854501 -0.10189460 0.26609952 1.21608901 0.13553310 0.98450929 -0.11123054 0.79181671 -0.25064366 0.14268477 0.95750656 -0.36312389
0.95672280 -0.10319968 0.27208696 1.21903193 0.13862789 0.98372262 -0.11433331 0.80150849 -0.25585894 0.14710412 0.95545622 -0.36944374
0.95443181 -0.10409324 0.27968646 1.21512437 0.14135390 0.98308152 -0.11648946 0.80444503 -0.26282882 0.15071602 0.95299826 -0.37669277
0.95243784 -0.10498076 0.28607902 1.21651554 0.14423840 0.98227015 -0.11975237 0.81276184 -0.26843519 0.15532026 0.95069352 -0.38272676
0.95041079 -0.10553488 0.29254353 1.21738589 0.14701037 0.98138587 -0.12357069 0.82182348 -0.27405707 0.16044985 0.94823445 -0.38893282
0.94836405 -0.10599308 0.29894999 1.21803093 0.14982764 0.98043238 -0.12768724 0.83067840 -0.27956628 0.16588496 0.94568751 -0.39538309
0.94637275 -0.10662222 0.30497593 1.21823382 0.15290252 0.97937589 -0.13207453 0.83933473 -0.28460399 0.17162332 0.94315747 -0.40331498
0.94435636 -0.10652941 0.31119536 1.21766376 0.15550520 0.97828793 -0.13700682 0.84856015 -0.28984341 0.17777576 0.94041830 -0.41063625
0.94257637 -0.10638720 0.31659366 1.21891224 0.15791435 0.97722331 -0.14176623 0.85683644 -0.29430059 0.18362018 0.93790767 -0.41732487
0.94073001 -0.10610383 0.32213201 1.21905136 0.16039107 0.97606117 -0.14689895 0.86556238 -0.29883400 0.18985935 0.93522814 -0.42435834
0.93879656 -0.10577199 0.32783121 1.21795166 0.16305895 0.97476791 -0.15244442 0.87462002 -0.30343499 0.19657011 0.93235583 -0.43249223
0.93707402 -0.10473536 0.33305072 1.21721363 0.16498117 0.97355314 -0.15803637 0.88304061 -0.30769058 0.20303888 0.92957072 -0.44019794
0.93546859 -0.10378342 0.33782766 1.21627653 0.16700292 0.97226232 -0.16375592 0.89133066 -0.31146195 0.20960672 0.92685299 -0.44784981
0.93389496 -0.10278749 0.34245428 1.21489942 0.16901124 0.97093355 -0.16947933 0.89898491 -0.31507999 0.21615451 0.92412219 -0.45494771
0.93247409 -0.10154581 0.34667062 1.21383381 0.17085705 0.96952536 -0.17558029 0.90682977 -0.31827652 0.22295519 0.92140710 -0.46205434
0.93119603 -0.09993003 0.35055377 1.21249044 0.17234101 0.96811037 -0.18182651 0.91463071 -0.32120481 0.22973092 0.91872258 -0.46903396
0.92998941 -0.09831264 0.35419533 1.21062803 0.17386626 0.96661650 -0.18821016 0.92239851 -0.32386761 0.23661607 0.91603636 -0.47699928
0.92889055 -0.09626867 0.35762366 1.20828056 0.17499913 0.96511692 -0.19474249 0.92965347 -0.32640104 0.24347829 0.91333492 -0.48405537
0.92792442 -0.09439838 0.36061783 1.20597351 0.17627144 0.96352776 -0.20135200 0.93738264 -0.32845799 0.25040606 0.91072068 -0.49156535
0.92701548 -0.09221306 0.36350937 1.20237696 0.17714910 0.96201285 -0.20772453 0.94336605 -0.33054577 0.25695921 0.90813626 -0.49750671
0.92629006 -0.09002442 0.36589934 1.19979441 0.17800660 0.96040249 -0.21433782 0.94990420 -0.33211500 0.26367149 0.90563623 -0.50424004
0.92558349 -0.08776109 0.36822980 1.19636846 0.17890844 0.95867228 -0.22122212 0.95621330 -0.33359701 0.27063896 0.90303244 -0.51002216
0.92495973 -0.08548526 0.37032658 1.19258189 0.17962988 0.95700835 -0.22774573 0.96129656 -0.33493672 0.27717735 0.90054989 -0.51524687
0.92443873 -0.08305731 0.37217538 1.18885314 0.18014814 0.95533539 -0.23426679 0.96618778 -0.33609474 0.28361200 0.89811166 -0.52047259
0.92406494 -0.08081804 0.37359394 1.18556547 0.18068994 0.95365058 -0.24062774 0.96963197 -0.33683102 0.28986033 0.89583808 -0.52406263
0.92369801 -0.07829027 0.37503682 1.18124175 0.18095720 0.95197967 -0.24695992 0.97312754 -0.33769287 0.29598200 0.89350891 -0.52846360
0.92344328 -0.07616383 0.37610049 1.17726517 0.18147047 0.95025984 -0.25312984 0.97541326 -0.33811385 0.30200218 0.89133255 -0.53192198
0.92323417 -0.07375778 0.37709210 1.17278266 0.18175681 0.94849247 -0.25947349 0.97868454 -0.33853083 0.30809385 0.88908664 -0.53529644
0.92308641 -0.07118345 0.37794761 1.16804683 0.18173780 0.94681418 -0.26554526 0.98094237 -0.33894373 0.31380859 0.88692802 -0.53806651
0.92298250 -0.06895439 0.37861406 1.16310656 0.18198586 0.94506901 -0.27152480 0.98257059 -0.33909358 0.31951504 0.88483088 -0.54055566
0.92289103 -0.06653029 0.37927017 1.15796816 0.18197831 0.94338359 -0.27732885 0.98354024 -0.33934649 0.32496325 0.88274733 -0.54224145
0.92276275 -0.06428299 0.37996921 1.15177798 0.18212114 0.94167864 -0.28297212 0.98379868 -0.33961860 0.33031656 0.88065327 -0.54391038
0.92268650 -0.06209754 0.38051744 1.14531207 0.18226767 0.93994871 -0.28857393 0.98434860 -0.33974715 0.33561930 0.87859636 -0.54525799
0.92263179 -0.05989045 0.38100356 1.13838220 0.18235668 0.93821300 -0.29411291 0.98479521 -0.33984794 0.34083647 0.87654657 -0.54658711
0.92270070 -0.05747760 0.38120827 1.13189006 0.18221958 0.93641702 -0.29986530 0.98580718 -0.33973438 0.34614953 0.87450618 -0.54672813
0.92275077 -0.05548925 0.38138164 1.12500250 0.18230020 0.93471620 -0.30507748 0.98504734 -0.33955507 0.35103643 0.87262580 -0.54665774
0.92283817 -0.05328940 0.38148387 1.11756837 0.18215085 0.93302373 -0.31030273 0.98460823 -0.33939766 0.35584682 0.87073662 -0.54613507
0.92304945 -0.05132070 0.38124256 1.11073422 0.18192369 0.93146647 -0.31507776 0.98168701 -0.33894465 0.36018941 0.86912606 -0.54459095
0.92328060 -0.04949165 0.38092455 1.10424066 0.18168811 0.92998961 -0.31954460 0.97838581 -0.33844109 0.36423879 0.86763341 -0.54214537
0.92351818 -0.04765250 0.38058299 1.09736001 0.18146961 0.92845428 -0.32410095 0.97575349 -0.33790969 0.36837736 0.86609189 -0.53988403
0.92382338 -0.04606583 0.38003723 1.09052992 0.18121002 0.92709139 -0.32812266 0.97129267 -0.33721400 0.37199394 0.86481630 -0.53817099
0.92397753 -0.04411260 0.37989420 1.08146071 0.18085997 0.92563333 -0.33240427 0.96890879 -0.33697951 0.37584173 0.86324261 -0.53616887
0.92416942 -0.04258770 0.37960134 1.07298899 0.18072355 0.92425426 -0.33629311 0.96550733 -0.33652621 0.37939471 0.86186412 -0.53370696
0.92443294 -0.04095880 0.37913866 1.06444860 0.18033101 0.92298105 -0.33998044 0.96161014 -0.33601261 0.38265957 0.86062023 -0.53081882
0.92468668 -0.03934504 0.37869053 1.05557597 0.17998535 0.92165875 -0.34373016 0.95886469 -0.33549936 0.38600145 0.85932710 -0.52735543
0.92492861 -0.03788870 0.37824796 1.04614532 0.17957784 0.92054577 -0.34691105 0.95426762 -0.33505055 0.38879291 0.85824309 -0.52524889
0.92507773 -0.03662517 0.37800766 1.03567898 0.17945219 0.91936752 -0.35008611 0.95074910 -0.33470600 0.39169116 0.85705888 -0.52202415
0.92544972 -0.03518888 0.37723276 1.02715552 0.17888364 0.91829119 -0.35318824 0.94634837 -0.33398123 0.39433872 0.85612704 -0.51753312
0.92562909 -0.03417564 0.37688567 1.01664317 0.17875395 0.91729237 -0.35583949 0.94191790 -0.33355331 0.39674518 0.85518153 -0.51423550
0.92587824 -0.03314477 0.37636539 1.00660956 0.17846138 0.91638226 -0.35832261 0.93748450 -0.33301805 0.39892979 0.85437346 -0.50993431
0.92623344 -0.03233146 0.37556129 0.99765587 0.17815428 0.91556564 -0.36055598 0.93232167 -0.33219371 0.40086686 0.85378750 -0.50547743
0.92652789 -0.03161034 0.37489580 0.98953176 0.17799898 0.91471495 -0.36278497 0.92768925 -0.33145503 0.40286146 0.85313551 -0.49905568
0.92668152 -0.03094301 0.37457161 0.97858709 0.17779104 0.91413923 -0.36433475 0.92222369 -0.33113699 0.40421775 0.85261733 -0.49485043
0.92680741 -0.03020512 0.37432029 0.96686649 0.17759731 0.91350643 -0.36601257 0.91779321 -0.33088853 0.40570144 0.85200887 -0.48985106
0.92713908 -0.02971997 0.37353694 0.95758033 0.17721176 0.91310498 -0.36719926 0.91229844 -0.33016528 0.40663992 0.85184204 -0.48456705
0.92713001 -0.02930580 0.37359218 0.94447416 0.17714297 0.91279321 -0.36800670 0.90705740 -0.33022768 0.40736928 0.85146929 -0.48023131
0.92732021 -0.02902800 0.37314152 0.93326485 0.17685612 0.91264176 -0.36851993 0.90120780 -0.32984714 0.40772834 0.85144493 -0.47528374
0.92756739 -0.02901385 0.37252776 0.92359114 0.17671216 0.91250337 -0.36893143 0.89588571 -0.32922872 0.40803895 0.85153547 -0.46964675
0.92770623 -0.02911094 0.37217430 0.91205513 0.17665722 0.91249711 -0.36897324 0.88960761 -0.32886681 0.40804605 0.85167191 -0.46494710
0.92795533 -0.02916668 0.37154838 0.90266055 0.17643342 0.91252339 -0.36901533 0.88492751 -0.32828364 0.40798330 0.85192692 -0.45932111
0.92807641 -0.02941008 0.37122664 0.89037740 0.17633587 0.91273690 -0.36853361 0.87894803 -0.32799365 0.40748792 0.85227564 -0.45467293
0.92804181 -0.02953812 0.37130298 0.87684613 0.17632923 0.91291478 -0.36809593 0.87425029 -0.32809511 0.40707998 0.85243151 -0.44917855
0.92817203 -0.02972374 0.37096251 0.86564046 0.17618317 0.91311983 -0.36765699 0.86984926 -0.32780508 0.40660629 0.85276911 -0.44245735
0.92830477 -0.02998196 0.37060941 0.85365403 0.17595450 0.91349607 -0.36683095 0.86517811 -0.32755193 0.40574131 0.85327822 -0.43648708
0.92853863 -0.03059750 0.36997271 0.84325188 0.17584229 0.91395746 -0.36573386 0.86029649 -0.32694878 0.40465486 0.85402514 -0.43109766
0.92845237 -0.03084506 0.37016857 0.82980686 0.17577874 0.91438548 -0.36469307 0.85603237 -0.32722778 0.40366791 0.85438527 -0.42476419
0.92859572 -0.03137329 0.36976439 0.81774467 0.17554894 0.91501450 -0.36322312 0.85129797 -0.32694427 0.40219918 0.85518610 -0.41909906
0.92855766 -0.03197213 0.36980868 0.80433279 0.17557162 0.91561943 -0.36168449 0.84700900 -0.32704019 0.40077281 0.85581883 -0.41325802
0.92869953 -0.03283892 0.36937621 0.79179025 0.17553550 0.91634029 -0.35987188 0.84286505 -0.32665650 0.39905148 0.85676919 -0.40789640
0.92893602 -0.03356645 0.36871555 0.78126806 0.17529979 0.91705492 -0.35816233 0.83925235 -0.32611017 0.39734565 0.85776954 -0.40184453
0.92862990 -0.03417936 0.36942966 0.76411057 0.17550023 0.91776450 -0.35624147 0.83533508 -0.32687333 0.39565147 0.85826205 -0.39614436
0.92864931 -0.03509914 0.36929462 0.74933058 0.17545122 0.91868533 -0.35388435 0.83127779 -0.32684451 0.39342765 0.85929468 -0.39176369
0.92870170 -0.03609051 0.36906724 0.73571265 0.17550434 0.91950878 -0.35171271 0.82807863 -0.32666708 0.39140910 0.86028341 -0.38674235
0.92908353 -0.03689389 0.36802532 0.72549027 0.17507013 0.92035807 -0.34970198 0.82522428 -0.32581321 0.38933259 0.86154854 -0.38165238
0.92942161 -0.03772279 0.36708645 0.71551776 0.17476744 0.92112299 -0.34783442 0.82333171 -0.32501048 0.38743958 0.86270433 -0.37544280
0.92942668 -0.03818598 0.36702572 0.70109439 0.17448697 0.92188850 -0.34594204 0.82133836 -0.32514665 0.38556897 0.86349072 -0.36940753
0.92959870 -0.03938951 0.36646245 0.68681931 0.17435971 0.92297848 -0.34308805 0.81813413 -0.32472288 0.38283049 0.86486754 -0.36617479
0.92986104 -0.04025486 0.36570206 0.67491722 0.17404947 0.92386353 -0.34085623 0.81667548 -0.32413768 0.38059917 0.86607103 -0.36127135
0.93025306 -0.04122903 0.36459486 0.66372573 0.17371924 0.92472947 -0.33866950 0.81517851 -0.32318860 0.37838549 0.86739469 -0.35700995
0.93034660 -0.04220484 0.36424437 0.64885908 0.17361763 0.92565053 -0.33619638 0.81314754 -0.32297388 0.37601840 0.86850333 -0.35269204
0.93071246 -0.04321699 0.36318949 0.63774073 0.17328735 0.92657499 -0.33381175 0.81164443 -0.32209596 0.37361890 0.86986385 -0.34833330
0.93098736 -0.04423589 0.36236132 0.62402475 0.17292834 0.92763257 -0.33104925 0.80970490 -0.32149390 0.37086521 0.87126383 -0.34527549
0.93102762 -0.04502809 0.36216025 0.60927129 0.17276469 0.92849998 -0.32869460 0.80874634 -0.32146530 0.36859225 0.87223839 -0.34043849
0.93108187 -0.04586831 0.36191526 0.59322435 0.17257577 0.92941975 -0.32618480 0.80773896 -0.32140965 0.36616256 0.87328164 -0.33527049
0.93113518 -0.04666563 0.36167609 0.57826120 0.17242200 0.93025632 -0.32387319 0.80708975 -0.32133772 0.36393063 0.87424057 -0.32906112
0.93144278 -0.04760882 0.36075996 0.56416124 0.17211817 0.93113171 -0.32151060 0.80683702 -0.32060830 0.36156207 0.87549025 -0.32453659
