0.99997843 -0.00425717 0.00500256 0.01491517 0.00423687 0.99998278 0.00406175 0.00438042 -0.00501977 -0.00404046 0.99997924 -0.00794925
0.99997843 -0.00425717 0.00500256 0.01491517 0.00423687 0.99998278 0.00406175 0.00438042 -0.00501977 -0.00404046 0.99997924 -0.00794925
0.99992926 -0.00646315 0.00998486 0.02575566 0.00637756 0.99994285 0.00858004 0.00587065 -0.01003974 -0.00851575 0.99991334 -0.01462460
0.99986347 -0.00881320 0.01397763 0.03655563 0.00868504 0.99991993 0.00920369 0.01341363 -0.01405763 -0.00908104 0.99985995 -0.02160977
0.99979264 -0.00935309 0.01808850 0.04216645 0.00914765 0.99989310 0.01140670 0.01586579 -0.01819325 -0.01123887 0.99977132 -0.02479896
0.99975488 -0.01069976 0.01938295 0.05399418 0.01047606 0.99987777 0.01160626 0.01899259 -0.01950476 -0.01140036 0.99974477 -0.03200252
0.99972908 -0.01120500 0.02040131 0.06305718 0.01098871 0.99988255 0.01068329 0.02349739 -0.02051862 -0.01045621 0.99973479 -0.03734504
0.99972705 -0.01139523 0.02039566 0.07150116 0.01125408 0.99991201 0.00702208 0.03196064 -0.02047388 -0.00679062 0.99976733 -0.04204918
0.99973849 -0.01103385 0.02003011 0.07882780 0.01096012 0.99993277 0.00378686 0.03785040 -0.02007054 -0.00356634 0.99979221 -0.04660701
0.99978067 -0.01010518 0.01834384 0.08719151 0.01012217 0.99994842 -0.00083315 0.04469291 -0.01833448 0.00101865 0.99983139 -0.05095571
0.99983076 -0.00872884 0.01619432 0.09504005 0.00882504 0.99994378 -0.00587867 0.05070901 -0.01614210 0.00602059 0.99985158 -0.05639019
0.99988543 -0.00701491 0.01341324 0.10193361 0.00717678 0.99990155 -0.01205784 0.05744872 -0.01332733 0.01215272 0.99983733 -0.05990710
0.99993627 -0.00530951 0.00996332 0.10820766 0.00550096 0.99979884 -0.01928782 0.06525698 -0.00985891 0.01934140 0.99976433 -0.06465404
0.99997786 -0.00285749 0.00600933 0.11390416 0.00301910 0.99962930 -0.02705825 0.07261419 -0.00592978 0.02707579 0.99961580 -0.06693306
0.99999903 -0.00052749 0.00129233 0.12010510 0.00057349 0.99935677 -0.03585696 0.08179013 -0.00127258 0.03585767 0.99935610 -0.07003520
0.99999049 0.00186944 -0.00394023 0.12730357 -0.00204404 0.99899463 -0.04478344 0.08984887 0.00385255 0.04479107 0.99898895 -0.07328647
0.99994606 0.00440325 -0.00940692 0.13197882 -0.00491588 0.99846400 -0.05518579 0.09995195 0.00914948 0.05522905 0.99843179 -0.07481335
0.99985113 0.00717887 -0.01568997 0.13851252 -0.00818629 0.99784406 -0.06511690 0.10780929 0.01518868 0.06523565 0.99775429 -0.07814287
0.99971058 0.00952966 -0.02208935 0.14462674 -0.01117497 0.99707565 -0.07559936 0.11633038 0.02130431 0.07582433 0.99689357 -0.08055079
0.99952207 0.01163553 -0.02863978 0.14969693 -0.01410791 0.99604725 -0.08769746 0.12740012 0.02750617 0.08805959 0.99573537 -0.08215628
0.99932596 0.01415840 -0.03386986 0.15052463 -0.01741897 0.99503428 -0.09799671 0.13379784 0.03231420 0.09852063 0.99461021 -0.08422618
0.99907708 0.01562272 -0.04001137 0.15250371 -0.01995089 0.99371269 -0.11016824 0.14346880 0.03803868 0.11086483 0.99310727 -0.08461210
0.99877999 0.01827047 -0.04587716 0.15471464 -0.02371114 0.99236921 -0.12100056 0.15040147 0.04331634 0.12194074 0.99159173 -0.08623447
0.99839779 0.01968479 -0.05305059 0.15959202 -0.02663727 0.99066188 -0.13371420 0.16212870 0.04992306 0.13491309 0.98959898 -0.08650004
0.99796621 0.02107002 -0.06016220 0.16554648 -0.02970311 0.98877591 -0.14642379 0.17389339 0.05640179 0.14791300 0.98739080 -0.08785720
0.99753482 0.02315847 -0.06624175 0.16776645 -0.03344078 0.98677601 -0.15860272 0.18430755 0.06169277 0.16042691 0.98511787 -0.08771636
0.99701474 0.02403609 -0.07337483 0.17588098 -0.03622638 0.98484200 -0.16962869 0.19197984 0.06818540 0.17178041 0.98277273 -0.09136458
0.99651471 0.02492560 -0.07960615 0.17993991 -0.03909285 0.98257457 -0.18171124 0.20329742 0.07368972 0.18418995 0.98012442 -0.09145602
0.99601908 0.02510636 -0.08553167 0.18424816 -0.04136617 0.98012682 -0.19401095 0.21492259 0.07896098 0.19677672 0.97726357 -0.09187558
0.99562897 0.02551086 -0.08984509 0.18516840 -0.04359958 0.97767487 -0.20555028 0.22492371 0.08259553 0.20856902 0.97451370 -0.09107257
0.99518624 0.02551782 -0.09462130 0.18840423 -0.04554279 0.97533799 -0.21596679 0.23293398 0.08677675 0.21923650 0.97180510 -0.09141751
0.99476004 0.02548023 -0.09901122 0.19256321 -0.04751943 0.97271121 -0.22710087 0.24501537 0.09052274 0.23061582 0.96882505 -0.09118071
0.99433152 0.02495198 -0.10335488 0.19831382 -0.04909970 0.96997556 -0.23819453 0.25753424 0.09430828 0.24191902 0.96570240 -0.09085008
0.99422617 0.02472122 -0.10441831 0.19510786 -0.05004373 0.96761774 -0.24740965 0.26586813 0.09492074 0.25120663 0.96326802 -0.08917002
0.99377767 0.02430907 -0.10869684 0.20449178 -0.05173591 0.96497339 -0.25719593 0.27854937 0.09863736 0.26121911 0.96022667 -0.08957585
0.99358484 0.02299239 -0.11072722 0.20813553 -0.05213829 0.96198015 -0.26809661 0.29502645 0.10035321 0.27214985 0.95700768 -0.08510534
0.99362223 0.02294603 -0.11040079 0.20772177 -0.05262976 0.96026253 -0.27409120 0.29966825 0.09972444 0.27815348 0.95534584 -0.08556489
0.99373924 0.02151401 -0.10963335 0.20884866 -0.05182074 0.95810223 -0.28169970 0.30895901 0.09897946 0.28561733 0.95321866 -0.08421484
0.99367904 0.02029637 -0.11040846 0.21788254 -0.05163756 0.95593226 -0.28901051 0.32147598 0.09967714 0.29288491 0.95093790 -0.08510599
0.99397531 0.01915967 -0.10791655 0.21772085 -0.05032422 0.95446143 -0.29405926 0.32878295 0.09736811 0.29771846 0.94967530 -0.08423889
0.99429047 0.01744326 -0.10527199 0.22027232 -0.04848615 0.95267646 -0.30009441 0.33937493 0.09505552 0.30348525 0.94808288 -0.08244204
0.99467628 0.01665053 -0.10169492 0.22312362 -0.04716882 0.95097347 -0.30565431 0.35043657 0.09161986 0.30882392 0.94669614 -0.08004124
0.99505031 0.01539477 -0.09817268 0.22715575 -0.04529270 0.94960370 -0.31016348 0.35994297 0.08845024 0.31307477 0.94560073 -0.07802238
0.99550174 0.01382270 -0.09372953 0.23114334 -0.04270072 0.94858375 -0.31363277 0.36722401 0.08457506 0.31622429 0.94490701 -0.07796835
0.99586678 0.01259708 -0.08994820 0.23798586 -0.04074128 0.94706907 -0.31843418 0.37910038 0.08117581 0.32078262 0.94366784 -0.07555059
0.99633637 0.01157884 -0.08473348 0.24234064 -0.03841157 0.94581868 -0.32241521 0.39010385 0.07640931 0.32448875 0.94279832 -0.07304657
0.99683498 0.01041397 -0.07881347 0.24649896 -0.03559396 0.94492838 -0.32533587 0.39922449 0.07108505 0.32711146 0.94230834 -0.07167286
0.99725503 0.00944385 -0.07343850 0.25243092 -0.03321620 0.94349094 -0.32972949 0.41163880 0.06617465 0.33126374 0.94121477 -0.06808545
0.99775338 0.00863193 -0.06643557 0.25579458 -0.03019490 0.94317130 -0.33093226 0.41656685 0.05980354 0.33219480 0.94131299 -0.06809224
0.99814438 0.00676325 -0.06051491 0.26347086 -0.02656402 0.94262216 -0.33280297 0.42276004 0.05479187 0.33379294 0.94105267 -0.06805455
0.99860719 0.00606656 -0.05241075 0.26369074 -0.02331659 0.94184290 -0.33524362 0.43062475 0.04732891 0.33599873 0.94067254 -0.06303529
0.99893070 0.00451115 -0.04601203 0.27142632 -0.01981355 0.94097319 -0.33790070 0.43986678 0.04177177 0.33845105 0.94005639 -0.06259689
0.99918514 0.00330401 -0.04022603 0.28128311 -0.01686098 0.93968232 -0.34163263 0.45173216 0.03667093 0.34203250 0.93897232 -0.05968469
0.99946892 0.00257499 -0.03248458 0.28562286 -0.01356454 0.93927680 -0.34289225 0.45731628 0.02962907 0.34315079 0.93881290 -0.05802902
0.99966845 0.00184097 -0.02568285 0.29332042 -0.01059530 0.93849333 -0.34513476 0.46322310 0.02346780 0.34529245 0.93820168 -0.05560856
0.99982672 0.00119830 -0.01857693 0.29891187 -0.00756761 0.93791016 -0.34679571 0.46763793 0.01700792 0.34687619 0.93775670 -0.05467480
0.99993026 -0.00052312 -0.01179847 0.30692530 -0.00361956 0.93736813 -0.34832153 0.47103527 0.01124172 0.34833994 0.93730086 -0.05650969
0.99997816 -0.00230537 -0.00619457 0.31767797 -0.00002375 0.93594204 -0.35215407 0.48052651 0.00660960 0.35214652 0.93592155 -0.05430112
0.99999502 -0.00307989 0.00068464 0.32418853 0.00312277 0.93519928 -0.35410810 0.48295006 0.00045034 0.35410848 0.93520425 -0.05412658
0.99997748 -0.00321776 0.00588953 0.33425736 0.00511711 0.93336994 -0.35887934 0.49344015 -0.00434232 0.35890139 0.93336538 -0.04992871
0.99994863 -0.00365344 0.00945470 0.35152104 0.00684758 0.93122729 -0.36437460 0.50516802 -0.00747325 0.36442063 0.93120447 -0.04969950
0.99982988 -0.00428793 0.01793947 0.34862977 0.01054514 0.93086096 -0.36522140 0.49783561 -0.01513311 0.36534845 0.93074782 -0.04780463
0.99973399 -0.00497054 0.02252193 0.36074635 0.01295679 0.92888546 -0.37014040 0.50495023 -0.01908050 0.37033375 0.92870278 -0.04840566
0.99969180 -0.00517677 0.02427971 0.38138652 0.01395402 0.92607090 -0.37709148 0.51790744 -0.02053262 0.37731406 0.92585772 -0.04715936
0.99952354 -0.00566541 0.03034129 0.38529190 0.01679857 0.92452089 -0.38076100 0.51745987 -0.02589399 0.38108928 0.92417556 -0.04580257
0.99932248 -0.00590002 0.03632876 0.39064175 0.01942913 0.92289214 -0.38456808 0.51606691 -0.03125857 0.38501336 0.92238149 -0.04623624
0.99932180 -0.00717187 0.03611780 0.41659075 0.02076209 0.91981285 -0.39180769 0.52833575 -0.03041162 0.39229184 0.91933794 -0.04842922
0.99915127 -0.00698467 0.04059497 0.42430806 0.02253849 0.91760587 -0.39685196 0.52916127 -0.03447830 0.39743009 0.91698450 -0.04711933
0.99899299 -0.00692050 0.04432955 0.43440998 0.02415686 0.91555927 -0.40145693 0.52974612 -0.03780804 0.40212352 0.91480447 -0.04979959
0.99877744 -0.00667011 0.04898088 0.44049558 0.02612320 0.91241486 -0.40843200 0.53532720 -0.04196659 0.40921220 0.91147363 -0.04379793
0.99862192 -0.00601890 0.05213472 0.45148081 0.02706549 0.91016911 -0.41335173 0.53472221 -0.04496349 0.41419315 0.90907773 -0.04549112
0.99842586 -0.00567351 0.05579972 0.45973107 0.02859674 0.90733837 -0.41942735 0.53796619 -0.04824960 0.42036280 0.90607234 -0.04465722
0.99824617 -0.00657063 0.05883380 0.47115228 0.03097561 0.90489305 -0.42451041 0.53671521 -0.05044899 0.42558830 0.90350955 -0.05039266
0.99826843 -0.00653954 0.05845836 0.49356309 0.03118893 0.90145012 -0.43175796 0.54504490 -0.04987380 0.43283359 0.90009315 -0.05244239
0.99814698 -0.00559277 0.06059140 0.50632018 0.03160020 0.89860501 -0.43761909 0.54608965 -0.05200023 0.43872288 0.89711661 -0.05249071
0.99770714 -0.00562111 0.06744523 0.50053322 0.03489863 0.89656890 -0.44152723 0.53949279 -0.05798742 0.44286861 0.89470937 -0.05402172
0.99775469 -0.00557792 0.06674177 0.52274120 0.03499221 0.89311067 -0.44847395 0.54617298 -0.05710623 0.44980243 0.89130054 -0.05761949
0.99753159 -0.00566546 0.06999027 0.52872396 0.03684619 0.89072493 -0.45304686 0.54432416 -0.05977536 0.45450743 0.88873500 -0.06216921
0.99733285 -0.00525136 0.07279844 0.53751099 0.03811418 0.88808383 -0.45809870 0.54396027 -0.06224548 0.45965154 0.88591533 -0.06956353
0.99713991 -0.00439541 0.07544991 0.54514080 0.03900111 0.88504090 -0.46387661 0.54632437 -0.06473733 0.46549251 0.88268103 -0.06802598
0.99691930 -0.00360690 0.07835111 0.55091935 0.03994470 0.88303975 -0.46759515 0.54026914 -0.06750058 0.46928434 0.88046344 -0.07120329
0.99676902 -0.00275494 0.08027409 0.56064558 0.04049576 0.88033197 -0.47262640 0.54170060 -0.06936580 0.47435011 0.87759920 -0.07270600
0.99674216 -0.00374353 0.08056708 0.57511878 0.04195970 0.87716599 -0.47835050 0.54864043 -0.06887998 0.48017268 0.87446540 -0.08011916
0.99643405 -0.00286038 0.08432680 0.57803512 0.04323245 0.87557176 -0.48114972 0.54197216 -0.07245789 0.48307961 0.87257317 -0.08407947
0.99633437 -0.00218561 0.08551641 0.58954221 0.04356645 0.87328126 -0.48526468 0.54218471 -0.07361928 0.48721152 0.87017535 -0.08785340
0.99615978 -0.00190503 0.08753318 0.59600645 0.04459886 0.87137446 -0.48858725 0.54220015 -0.07534341 0.49061485 0.86811315 -0.09842503
0.99600130 -0.00105557 0.08933249 0.60528034 0.04518436 0.86856328 -0.49351414 0.54757899 -0.07706998 0.49557715 0.86513785 -0.09572310
0.99593204 -0.00101797 0.09010183 0.61736560 0.04575057 0.86717230 -0.49590230 0.54673618 -0.07762899 0.49800720 0.86369124 -0.10381031
0.99571729 -0.00112068 0.09244362 0.62389213 0.04712789 0.86640396 -0.49711482 0.54344374 -0.07953642 0.49934250 0.86274621 -0.11202145
0.99550616 -0.00164430 0.09468250 0.62811762 0.04888262 0.86526102 -0.49893272 0.54355675 -0.08110468 0.50131892 0.86145306 -0.11933648
0.99519420 -0.00101070 0.09791572 0.62931883 0.05011328 0.86433191 -0.50041884 0.54232424 -0.08412590 0.50292080 0.86022875 -0.12552175
0.99491976 -0.00046123 0.10067006 0.63226229 0.05106682 0.86409402 -0.50073316 0.54145992 -0.08675745 0.50333022 0.85972777 -0.13501050
0.99481131 -0.00052833 0.10173579 0.64222425 0.05169269 0.86391117 -0.50098440 0.54033571 -0.08762600 0.50364394 0.85945591 -0.13958536
0.99461237 -0.00019963 0.10366385 0.64682764 0.05243297 0.86361967 -0.50140987 0.54353386 -0.08942604 0.50414386 0.85897727 -0.14849812
0.99442093 -0.00074434 0.10548206 0.65180528 0.05380591 0.86368319 -0.50115493 0.54322815 -0.09073005 0.50403451 0.85890469 -0.15388188
0.99455902 -0.00107759 0.10416906 0.66927248 0.05325388 0.86467603 -0.49949914 0.54404616 -0.08953423 0.50232878 0.86002873 -0.16833149
0.99426495 -0.00139490 0.10693578 0.66944790 0.05473404 0.86567066 -0.49761280 0.54353231 -0.09187705 0.50061199 0.86078234 -0.17510253
0.99364078 -0.00076193 0.11259402 0.65779197 0.05650159 0.86833480 -0.49274968 0.53151858 -0.09739387 0.49597792 0.86285592 -0.18440996
0.99385855 -0.00138075 0.11064935 0.67689455 0.05582796 0.86959550 -0.49059851 0.53504080 -0.09554279 0.49376286 0.86433201 -0.19191319
0.99337794 -0.00156053 0.11488186 0.66952544 0.05756853 0.87209078 -0.48594603 0.53059977 -0.09942908 0.48934164 0.86640557 -0.20376182
0.99313984 -0.00179213 0.11691895 0.67209417 0.05843962 0.87366262 -0.48300977 0.53218669 -0.10128210 0.48652895 0.86777389 -0.20874950
0.99331817 -0.00285405 0.11537273 0.68798232 0.05802028 0.87652282 -0.47785081 0.53034574 -0.09976302 0.48135185 0.87083164 -0.22710608
0.99287702 -0.00306417 0.11910434 0.68076456 0.05932040 0.87966739 -0.47187538 0.52390623 -0.10332629 0.47557953 0.87358330 -0.23319145
0.99268332 -0.00323989 0.12070347 0.68322629 0.05958124 0.88261042 -0.46631418 0.52190381 -0.10502334 0.47009397 0.87634568 -0.24474084
0.99223418 -0.00399214 0.12431976 0.67576355 0.06108728 0.88628385 -0.45909615 0.51524258 -0.10834982 0.46312525 0.87964500 -0.25527290
0.99223907 -0.00454297 0.12426179 0.68254668 0.06082947 0.88932373 -0.45321416 0.51523250 -0.10845002 0.45725558 0.88269810 -0.26597154
0.99253842 -0.00579062 0.12179476 0.69883209 0.06006694 0.89248010 -0.44706961 0.51448256 -0.10611059 0.45104960 0.88616861 -0.28055435
0.99219985 -0.00632652 0.12449670 0.69425565 0.06124930 0.89458644 -0.44267778 0.51942962 -0.10857245 0.44685017 0.88799603 -0.28429595
0.99216961 -0.00775504 0.12465681 0.69988817 0.06166887 0.89834103 -0.43494867 0.51414388 -0.10861128 0.43923030 0.89178492 -0.29636291
0.99208781 -0.00827425 0.12527298 0.70199811 0.06166371 0.90128762 -0.42881024 0.51623523 -0.10935890 0.43314221 0.89466668 -0.30810526
0.99232135 -0.01001108 0.12328062 0.71603215 0.06165769 0.90408385 -0.42288382 0.51847953 -0.10722249 0.42723785 0.89775896 -0.31997162
0.99187019 -0.01005243 0.12685615 0.70447564 0.06223816 0.90783077 -0.41469230 0.51185369 -0.11099525 0.41921623 0.90107592 -0.32890981
0.99137236 -0.01014594 0.13068244 0.69363308 0.06289944 0.91153080 -0.40639298 0.50636524 -0.11499783 0.41110662 0.90430462 -0.33865860
0.99169872 -0.01111029 0.12810231 0.70812058 0.06201926 0.91404440 -0.40084467 0.51062542 -0.11263770 0.40546196 0.90714572 -0.34648198
0.99173170 -0.01265980 0.12770265 0.71396506 0.06241025 0.91709279 -0.39375853 0.51070362 -0.11213027 0.39847277 0.91030009 -0.35759607
0.99206578 -0.01426489 0.12490801 0.72998333 0.06190415 0.92017653 -0.38657862 0.51134443 -0.10942291 0.39124374 0.91375870 -0.37523234
0.99185644 -0.01484197 0.12649318 0.72651660 0.06209091 0.92351366 -0.37850659 0.50549591 -0.11120040 0.38327827 0.91691452 -0.38314703
0.99158026 -0.01592678 0.12851042 0.72240531 0.06287859 0.92677799 -0.37030912 0.50044262 -0.11320279 0.37527177 0.91997621 -0.39157853
0.99185663 -0.01604056 0.12634526 0.73496282 0.06141589 0.92931172 -0.36415356 0.50352085 -0.11157291 0.36894773 0.92272914 -0.40015507
0.99140963 -0.01681985 0.12970752 0.72574586 0.06241401 0.93233996 -0.35615544 0.49780324 -0.11494103 0.36119150 0.92538060 -0.40680510
0.99132126 -0.01757304 0.13028181 0.72701889 0.06230667 0.93545288 -0.34791635 0.49260712 -0.11575854 0.35301430 0.92842924 -0.41646531
0.99112554 -0.01908645 0.13155175 0.72637475 0.06319995 0.93829160 -0.34002153 0.48749092 -0.11694410 0.34531809 0.93117103 -0.42388582
0.99135256 -0.02055382 0.12960569 0.73971695 0.06318772 0.94038557 -0.33418902 0.48983327 -0.11501046 0.33948863 0.93355239 -0.42722851
0.99114273 -0.02143903 0.13105901 0.73883909 0.06354690 0.94312854 -0.32629795 0.48447445 -0.11660998 0.33173624 0.93613737 -0.43272039
0.99124240 -0.02277371 0.13007639 0.74686372 0.06358439 0.94562514 -0.31898294 0.48114386 -0.11573908 0.32446024 0.93879179 -0.43779626
0.99114300 -0.02319565 0.13075747 0.74998599 0.06315635 0.94848275 -0.31047020 0.47191903 -0.11681965 0.31597853 0.94154699 -0.44243285
0.99130911 -0.02489912 0.12917537 0.76243377 0.06346969 0.95060610 -0.30384147 0.46915105 -0.11522951 0.30939954 0.94392483 -0.44277775
0.99111265 -0.02624325 0.13041090 0.76283723 0.06402182 0.95344453 -0.29469432 0.45677724 -0.11660582 0.30042442 0.94665107 -0.44866180
0.99078328 -0.02707021 0.13272411 0.75883758 0.06438910 0.95617008 -0.28564457 0.44347855 -0.11917437 0.29155785 0.94910036 -0.45264533
0.99051307 -0.02845114 0.13444106 0.75951725 0.06537178 0.95809907 -0.27887758 0.43831521 -0.12087347 0.28502054 0.95086955 -0.44730055
0.99005034 -0.02905586 0.13768108 0.75416642 0.06563680 0.96084112 -0.26921396 0.42248216 -0.12446740 0.27557232 0.95318821 -0.45109227
0.99043832 -0.03099492 0.13442937 0.77432621 0.06580949 0.96256784 -0.26293015 0.41933179 -0.12124789 0.26926282 0.95540383 -0.44858450
0.98998699 -0.03212303 0.13745495 0.76969928 0.06677005 0.96450259 -0.25549269 0.40979701 -0.12436845 0.26211232 0.95698987 -0.44311956
0.99002203 -0.03400955 0.13674693 0.77979273 0.06749803 0.96631690 -0.24834584 0.40163901 -0.12369474 0.25509800 0.95897060 -0.43676689
0.98959472 -0.03553833 0.13942496 0.77643609 0.06864607 0.96823541 -0.24043274 0.38954580 -0.12645160 0.24750195 0.96060022 -0.43197834
0.98940668 -0.03696783 0.14038446 0.78199351 0.06932643 0.96995943 -0.23317924 0.37991145 -0.12754710 0.24044145 0.96224719 -0.43046999
0.98935427 -0.03827231 0.14040426 0.79047859 0.06965992 0.97163284 -0.22600247 0.37014219 -0.12777176 0.23337705 0.96395515 -0.42558011
0.98885949 -0.03940258 0.14354215 0.78662574 0.07067803 0.97297777 -0.21981556 0.36225539 -0.13100202 0.22751198 0.96492319 -0.41539612
0.98876410 -0.04069807 0.14383746 0.79571640 0.07124227 0.97421402 -0.21408310 0.35632154 -0.13141570 0.22192499 0.96616728 -0.40755585
0.98823676 -0.04237264 0.14694446 0.79287541 0.07255241 0.97573812 -0.20657026 0.34342289 -0.13462638 0.21480150 0.96733451 -0.40252042
0.98801359 -0.04420296 0.14790281 0.79951626 0.07357672 0.97713739 -0.19947177 0.33183941 -0.13570412 0.20796303 0.96867733 -0.40044948
0.98816378 -0.04581406 0.14640157 0.81585193 0.07418061 0.97806884 -0.19462419 0.32757980 -0.13427430 0.20318073 0.96989072 -0.39426827
0.98725871 -0.04714722 0.15197823 0.80411857 0.07564762 0.97932810 -0.18760042 0.31450430 -0.13999171 0.19670694 0.97041677 -0.38980588
0.98672344 -0.04826243 0.15507285 0.80448472 0.07660527 0.98024279 -0.18236145 0.30774152 -0.14320784 0.19181972 0.97092570 -0.38327202
0.98654256 -0.05014388 0.15562576 0.81370842 0.07801351 0.98084081 -0.17850824 0.30545631 -0.14369300 0.18824688 0.97155310 -0.37477314
0.98652375 -0.05121300 0.15539663 0.82728183 0.07855047 0.98138665 -0.17524286 0.30481774 -0.14352947 0.18508772 0.97218405 -0.37151495
0.98607409 -0.05303093 0.15762491 0.83111870 0.08023184 0.98189973 -0.17156855 0.30175266 -0.14567342 0.18182584 0.97248065 -0.36559528
0.98553367 -0.05446321 0.16049034 0.83220452 0.08154882 0.98251920 -0.16734937 0.29533780 -0.14857046 0.17801624 0.97274716 -0.36105984
0.98544106 -0.05526071 0.16078609 0.84641993 0.08200028 0.98292081 -0.16475020 0.29501289 -0.14893578 0.17553612 0.97314192 -0.35675678
0.98499690 -0.05641537 0.16309019 0.85013503 0.08330936 0.98308778 -0.16308886 0.29692948 -0.15113125 0.17422896 0.97303834 -0.35010779
0.98429618 -0.05752685 0.16688825 0.84979969 0.08482947 0.98323747 -0.16139403 0.29767796 -0.15480629 0.17301657 0.97267686 -0.34401438
0.98424385 -0.05803833 0.16701978 0.86364806 0.08526073 0.98330619 -0.16074686 0.30214804 -0.15490210 0.17245434 0.97276145 -0.33824015
0.98359267 -0.05895327 0.17049916 0.86436152 0.08657062 0.98341364 -0.15938363 0.30369520 -0.15827502 0.17152879 0.97238207 -0.33277789
0.98292518 -0.05986648 0.17399451 0.86693370 0.08775285 0.98364644 -0.15728676 0.30251727 -0.16173288 0.16986963 0.97210431 -0.33222523
0.98259476 -0.06055785 0.17561400 0.87729359 0.08866959 0.98362007 -0.15693714 0.30780843 -0.16323368 0.16977723 0.97186957 -0.32845891
0.98228700 -0.06109930 0.17714152 0.88858712 0.08939162 0.98363689 -0.15642123 0.31181961 -0.16468571 0.16948551 0.97167550 -0.32740316
0.98190355 -0.06204873 0.17892838 0.89551055 0.09079369 0.98337922 -0.15723173 0.31892157 -0.16619842 0.17063196 0.97121718 -0.32091224
0.98122947 -0.06288993 0.18230082 0.89730376 0.09220993 0.98326667 -0.15711135 0.32308367 -0.16936959 0.17097223 0.97060931 -0.31656945
0.98121183 -0.06313264 0.18231187 0.91404754 0.09263997 0.98305631 -0.15817122 0.33196640 -0.16923707 0.17208884 0.97043508 -0.31558725
0.98056025 -0.06405541 0.18546832 0.91781193 0.09403486 0.98300685 -0.15765462 0.33540210 -0.17221800 0.17203034 0.96992088 -0.31620947
0.97993759 -0.06436216 0.18862617 0.92042708 0.09509110 0.98273945 -0.15868478 0.34395552 -0.17515709 0.17343785 0.96914360 -0.31280351
0.97993519 -0.06511866 0.18837883 0.93781346 0.09633943 0.98213469 -0.16164824 0.35967350 -0.17448707 0.17655311 0.96870184 -0.30814072
0.97898337 -0.06505924 0.19328439 0.93351948 0.09701328 0.98221426 -0.16075935 0.36177504 -0.17938781 0.17613188 0.96788304 -0.30716392
0.97870255 -0.06570557 0.19448416 0.94473737 0.09824333 0.98177189 -0.16270278 0.37331751 -0.18024860 0.17834440 0.96731780 -0.30175334
0.97814416 -0.06610909 0.19713848 0.94749999 0.09930190 0.98152291 -0.16356011 0.38148543 -0.18268313 0.17956160 0.96663566 -0.29808906
0.97762486 -0.06676422 0.19947977 0.95375621 0.10055159 0.98126021 -0.16437086 0.39051831 -0.18476746 0.18075105 0.96601762 -0.29917890
0.97805309 -0.06707765 0.19726314 0.97623575 0.10120431 0.98051537 -0.16836659 0.41151029 -0.18212591 0.18463534 0.96578463 -0.29300478
0.97764877 -0.06722475 0.19920774 0.98424870 0.10141753 0.98076878 -0.16675454 0.41387412 -0.18416670 0.18323053 0.96566516 -0.30022410
0.97707252 -0.06719737 0.20202428 0.98478514 0.10181525 0.98082543 -0.16617801 0.41866153 -0.18698383 0.18293712 0.96517929 -0.30073166
0.97752578 -0.06728583 0.19978981 1.00765979 0.10173200 0.98060939 -0.16749873 0.43253648 -0.18464547 0.18405934 0.96541608 -0.30258927
0.97708383 -0.06765278 0.20181745 1.01061463 0.10271671 0.98030424 -0.16867982 0.44473943 -0.18643085 0.18554435 0.96478849 -0.29685423
0.97610991 -0.06819276 0.20629878 1.00353372 0.10379074 0.98048069 -0.16698832 0.44887045 -0.19088457 0.18441086 0.96413470 -0.29918030
0.97617474 -0.06819240 0.20599194 1.01454592 0.10393713 0.98028735 -0.16802914 0.46291029 -0.19047298 0.18543601 0.96401947 -0.29578635
0.97592421 -0.06808564 0.20721072 1.01881790 0.10400531 0.98033191 -0.16772671 0.47408608 -0.19171550 0.18523958 0.96381091 -0.29530838
0.97653434 -0.06800903 0.20434150 1.03912091 0.10334113 0.98043193 -0.16755253 0.48724434 -0.18894785 0.18473768 0.96445358 -0.29645604
0.97650492 -0.06829343 0.20438725 1.04507911 0.10353104 0.98050282 -0.16701959 0.49909705 -0.18899593 0.18425588 0.96453632 -0.29152697
0.97670388 -0.06836131 0.20341158 1.05441630 0.10328346 0.98064114 -0.16635951 0.51237828 -0.18810121 0.18349303 0.96485659 -0.29196888
0.97616540 -0.06875733 0.20584836 1.04894590 0.10353390 0.98113624 -0.16325565 0.51851916 -0.19074027 0.18067680 0.96486996 -0.29048127
0.97666047 -0.06943395 0.20325661 1.06342292 0.10331485 0.98150840 -0.16114371 0.53155142 -0.18830923 0.17838211 0.96577402 -0.29495552
0.97646450 -0.06939432 0.20420948 1.06242132 0.10253474 0.98234635 -0.15646812 0.53372687 -0.18974644 0.17372413 0.96634167 -0.29542384
0.97736264 -0.07015860 0.19959968 1.08101964 0.10213533 0.98266579 -0.15471369 0.54873639 -0.18528528 0.17159756 0.96758650 -0.29499003
0.97797697 -0.06992598 0.19665044 1.09435809 0.10080048 0.98327966 -0.15165873 0.55920458 -0.18275750 0.16814120 0.96867344 -0.29647464
0.97816567 -0.07025247 0.19559272 1.09808552 0.10023085 0.98391666 -0.14785728 0.56867456 -0.18205960 0.16423334 0.96947497 -0.29764408
0.97828747 -0.07099375 0.19471392 1.10246718 0.10005628 0.98454502 -0.14373533 0.57717991 -0.18150031 0.16009682 0.97027143 -0.29635677
0.97815269 -0.07048657 0.19557341 1.10021615 0.09885698 0.98530098 -0.13931717 0.58381104 -0.18287868 0.15560727 0.97074289 -0.29613739
0.97884821 -0.07098789 0.19187731 1.11590505 0.09800702 0.98595845 -0.13520563 0.59317315 -0.17958509 0.15115111 0.97206097 -0.29839543
0.97840232 -0.07218362 0.19369674 1.11245477 0.09845648 0.98666204 -0.12963154 0.59747016 -0.18175594 0.14590250 0.97245938 -0.30330163
0.97900446 -0.07287574 0.19036647 1.12515056 0.09845837 0.98679935 -0.12858070 0.61528063 -0.17848310 0.14462425 0.97325619 -0.29550967
0.97927847 -0.07379927 0.18859305 1.13690066 0.09840092 0.98731558 -0.12460020 0.62496728 -0.17700545 0.14057602 0.97411881 -0.29843161
0.97903452 -0.07401264 0.18977235 1.13821888 0.09779541 0.98804448 -0.11918120 0.62785071 -0.17868261 0.13524137 0.97456775 -0.30369276
0.97885204 -0.07548083 0.19013501 1.14086545 0.09875409 0.98832109 -0.11605625 0.63766485 -0.17915442 0.13237850 0.97487416 -0.30200988
0.97849873 -0.07593512 0.19176572 1.14190602 0.09847000 0.98894705 -0.11084856 0.63959640 -0.18122885 0.12734834 0.97516076 -0.30703729
0.97848080 -0.07683595 0.19149821 1.14948785 0.09936148 0.98884796 -0.11093696 0.65692103 -0.18083867 0.12757723 0.97520327 -0.29839706
0.97801994 -0.07691136 0.19380828 1.15364981 0.09929657 0.98911839 -0.10855877 0.66673285 -0.18334993 0.12541714 0.97501454 -0.29923847
0.97742572 -0.07874554 0.19605636 1.15667772 0.10110332 0.98913095 -0.10676178 0.67505562 -0.18551840 0.12417366 0.97476347 -0.29744846
0.97659185 -0.08032952 0.19953831 1.15984941 0.10256599 0.98930471 -0.10371312 0.68081212 -0.18907296 0.12175123 0.97438599 -0.30279711
0.97554815 -0.08173562 0.20402229 1.15816820 0.10431242 0.98925243 -0.10246245 0.68948627 -0.19345471 0.12123911 0.97358942 -0.30227497
0.97457582 -0.08417377 0.20764574 1.16279173 0.10689455 0.98915480 -0.10072905 0.69623345 -0.19691504 0.12036429 0.97300406 -0.30642354
0.97386586 -0.08599641 0.21021393 1.17127895 0.10923561 0.98881552 -0.10154535 0.70970201 -0.19913026 0.12185440 0.97236755 -0.30423492
0.97297810 -0.08750223 0.21367494 1.17990661 0.11118250 0.98861061 -0.10142741 0.71887380 -0.20236619 0.12244357 0.97162518 -0.30640352
0.97118841 -0.08949724 0.22086947 1.17489207 0.11369163 0.98853555 -0.09935637 0.72157025 -0.20944520 0.12160476 0.97022935 -0.31360519
0.97024067 -0.09199977 0.22398458 1.18401241 0.11703188 0.98796338 -0.10115289 0.73467106 -0.21198252 0.12435598 0.96932915 -0.31368935
0.96829968 -0.09377963 0.23151913 1.17870045 0.11956048 0.98778479 -0.09993249 0.73626786 -0.21931944 0.12444514 0.96768403 -0.31859750
0.96702265 -0.09444949 0.23653010 1.18623531 0.12148374 0.98729403 -0.10243142 0.74883360 -0.22385016 0.12778806 0.96620977 -0.31990767
0.96520294 -0.09671733 0.24295893 1.18788815 0.12472476 0.98686809 -0.10264064 0.75422245 -0.22984129 0.12937204 0.96459103 -0.32475501
0.96368372 -0.09895208 0.24803664 1.19300532 0.12803286 0.98630608 -0.10396103 0.76165533 -0.23435288 0.13194239 0.96315623 -0.33180869
0.96213880 -0.09996757 0.25356542 1.19774950 0.13115820 0.98532785 -0.10920874 0.78072417 -0.23892773 0.13833115 0.96113372 -0.32760561
0.95891742 -0.10221411 0.26463119 1.18188775 0.13462136 0.98506713 -0.10733053 0.77391362 -0.24970879 0.13854612 0.95835823 -0.33638036
0.95832377 -0.10323631 0.26637910 1.20218730 0.13755216 0.98396827 -0.11351585 0.79628366 -0.25038963 0.14542595 0.95716056 -0.33941165
0.95641832 -0.10553709 0.27226075 1.20512104 0.14093062 0.98345094 -0.11385434 0.79673767 -0.25573924 0.14726225 0.95546390 -0.35187778
0.95442520 -0.10520190 0.27929393 1.20382679 0.14313451 0.98251762 -0.11904470 0.80988377 -0.26188748 0.15359587 0.95279759 -0.35270038
0.95179509 -0.10623336 0.28775089 1.19853890 0.14564423 0.98213492 -0.11915854 0.80658776 -0.26995159 0.15532378 0.95026347 -0.36495844
0.94955981 -0.10687105 0.29481308 1.19792032 0.14866385 0.98119045 -0.12314368 0.81508923 -0.27610729 0.16076034 0.94758687 -0.36901101
0.94712046 -0.10826902 0.30206067 1.19149971 0.15273357 0.97999027 -0.12763826 0.82616502 -0.28219725 0.16702361 0.94470515 -0.37357849
0.94563745 -0.10790494 0.30680015 1.19942737 0.15543519 0.97859033 -0.13491063 0.84501392 -0.28567413 0.17526408 0.94216389 -0.37709624
0.94436427 -0.10863954 0.31044094 1.21027243 0.15739686 0.97805187 -0.13653118 0.84838915 -0.28879466 0.17779759 0.94073676 -0.39935461
0.94266347 -0.10843592 0.31563782 1.21098208 0.16004065 0.97678561 -0.14239684 0.85775143 -0.29286955 0.18474718 0.93813427 -0.40656081
0.94070084 -0.10812685 0.32154395 1.21014357 0.16245694 0.97567628 -0.14718539 0.86630404 -0.29780812 0.19069447 0.93538545 -0.41390947
0.93899556 -0.10725553 0.32677757 1.21062028 0.16463191 0.97437578 -0.15325853 0.87675947 -0.30196633 0.19770710 0.93259222 -0.42128834
0.93706449 -0.10700125 0.33235655 1.20877254 0.16725105 0.97312931 -0.15826066 0.88402402 -0.30649181 0.20388743 0.92978099 -0.42869478
0.93550076 -0.10621826 0.33698074 1.20776749 0.16930053 0.97188156 -0.16365684 0.89173102 -0.31012202 0.21015212 0.92717874 -0.43706068
0.93402189 -0.10432477 0.34164229 1.20729542 0.17073132 0.97046769 -0.17042086 0.90139490 -0.31377369 0.21750586 0.92424957 -0.44420642
0.93262373 -0.10368105 0.34563453 1.20675814 0.17298970 0.96905524 -0.17608667 0.90823555 -0.31668210 0.22401381 0.92169966 -0.45097518
0.93138615 -0.10210619 0.34941975 1.20553970 0.17454030 0.96759039 -0.18249525 0.91733491 -0.31946130 0.23096138 0.91902194 -0.45842502
0.93013173 -0.10037313 0.35324240 1.20347857 0.17593375 0.96614121 -0.18872861 0.92397106 -0.32233876 0.23768973 0.91629762 -0.46473029
0.92908889 -0.09816878 0.35659042 1.20073879 0.17682671 0.96470407 -0.19513680 0.93116635 -0.32484789 0.24435414 0.91365470 -0.47187734
0.92811572 -0.09636673 0.35960347 1.19811809 0.17815483 0.96310561 -0.20171374 0.93871015 -0.32689763 0.25127879 0.91104166 -0.47972080
0.92729425 -0.09408554 0.36231656 1.19580245 0.17896390 0.96154387 -0.20833942 0.94532317 -0.32878154 0.25803353 0.90847201 -0.48556665
0.92650560 -0.09229606 0.36478599 1.19275248 0.18015385 0.95992300 -0.21469146 0.95177680 -0.33035129 0.26463043 0.90600152 -0.49276102
0.92583389 -0.08943060 0.36719718 1.18911207 0.18052579 0.95823747 -0.22179132 0.95879066 -0.33202717 0.27163048 0.90331326 -0.49852559
0.92526873 -0.08744156 0.36909587 1.18596280 0.18143642 0.95655463 -0.22821935 0.96411389 -0.33310450 0.27813166 0.90093516 -0.50346285
0.92484300 -0.08534974 0.37064922 1.18271410 0.18212635 0.95488873 -0.23455809 0.96802950 -0.33390929 0.28443440 0.89866660 -0.50811422
0.92436540 -0.08285286 0.37240302 1.17845738 0.18252599 0.95320995 -0.24098768 0.97245151 -0.33501174 0.29073390 0.89623709 -0.51294571
0.92394996 -0.08015930 0.37401999 1.17345798 0.18261979 0.95160403 -0.24718368 0.97541296 -0.33610486 0.29668881 0.89387319 -0.51774174
0.92376415 -0.07811300 0.37491086 1.17017186 0.18317438 0.94985251 -0.25343116 0.97805536 -0.33631376 0.30278468 0.89174800 -0.52089047
0.92352040 -0.07573256 0.37599820 1.16515040 0.18352595 0.94805737 -0.25981812 0.98196244 -0.33679117 0.30895276 0.88944921 -0.52500284
0.92332859 -0.07321827 0.37696604 1.16029906 0.18377514 0.94619374 -0.26635336 0.98576802 -0.33718098 0.31520866 0.88710343 -0.52755874
0.92313293 -0.07096773 0.37787454 1.15433192 0.18396977 0.94453663 -0.27203985 0.98639208 -0.33761029 0.32064644 0.88498879 -0.53046954
0.92304014 -0.06876791 0.37850744 1.14935148 0.18424899 0.94273395 -0.27803777 0.98922747 -0.33771174 0.32637963 0.88285170 -0.53202337
0.92292585 -0.06631664 0.37922286 1.14307690 0.18405768 0.94118641 -0.28335651 0.98762470 -0.33812815 0.33131593 0.88085136 -0.53272796
0.92285985 -0.06386332 0.37980412 1.13630271 0.18393007 0.93951172 -0.28894195 0.98721659 -0.33837763 0.33651033 0.87878403 -0.53388393
0.92281249 -0.06170034 0.38027646 1.12984085 0.18411609 0.93770097 -0.29464921 0.98905027 -0.33840565 0.34192098 0.87668219 -0.53441918
0.92288651 -0.05964366 0.38042494 1.12398005 0.18421070 0.93593755 -0.30014550 0.98846191 -0.33815221 0.34707858 0.87475113 -0.53407538
0.92293116 -0.05756866 0.38063621 1.11682963 0.18410606 0.93435884 -0.30508771 0.98697245 -0.33808732 0.35165239 0.87294763 -0.53424221
0.92310194 -0.05548076 0.38053212 1.11045349 0.18396180 0.93267737 -0.31027565 0.98628253 -0.33769937 0.35641943 0.87116263 -0.53297716
0.92328492 -0.05339562 0.38038646 1.10305643 0.18368367 0.93109927 -0.31514197 0.98414886 -0.33735036 0.36083661 0.86947782 -0.53270853
0.92338283 -0.05118661 0.38045248 1.09494460 0.18339474 0.92947807 -0.32005763 0.98267227 -0.33723957 0.36530870 0.86765144 -0.53032231
0.92358041 -0.04985740 0.38014926 1.08806622 0.18359085 0.92795562 -0.32433433 0.97948760 -0.33659118 0.36934076 0.86619500 -0.52851242
0.92401442 -0.04838102 0.37928435 1.08248949 0.18340201 0.92648259 -0.32862396 0.97543240 -0.33550119 0.37321480 0.86495646 -0.52583575
0.92402201 -0.04621105 0.37953638 1.07290304 0.18298012 0.92505516 -0.33285317 0.97272843 -0.33571059 0.37701126 0.86322703 -0.52344227
0.92433167 -0.04451482 0.37898468 1.06516087 0.18263010 0.92364385 -0.33693959 0.96976227 -0.33504806 0.38065795 0.86188301 -0.52088708
0.92446662 -0.04253915 0.37888243 1.05455959 0.18214870 0.92228859 -0.34088944 0.96714371 -0.33493779 0.38415384 0.86037346 -0.51846039
0.92472803 -0.04099030 0.37841494 1.04575491 0.18170658 0.92112420 -0.34425706 0.96251887 -0.33445596 0.38710464 0.85923757 -0.51530975
0.92500029 -0.03992027 0.37786351 1.03667617 0.18160782 0.91997095 -0.34737884 0.95784301 -0.33375599 0.38994850 0.85822323 -0.51286012
0.92530249 -0.03872282 0.37724771 1.02839220 0.18140656 0.91877234 -0.35064092 0.95430720 -0.33302696 0.39288412 0.85716691 -0.50899482
0.92523008 -0.03754121 0.37754464 1.01539457 0.18144667 0.91770262 -0.35341053 0.95064509 -0.33320624 0.39549027 0.85589780 -0.50544280
0.92571313 -0.03684343 0.37642763 1.00815392 0.18119872 0.91680002 -0.35587181 0.94497478 -0.33199732 0.39764341 0.85536980 -0.50143850
0.92597775 -0.03540424 0.37591454 0.99804187 0.18051939 0.91594804 -0.35840193 0.93977720 -0.33162923 0.39973208 0.85453866 -0.49656609
0.92622138 -0.03463438 0.37538569 0.98710042 0.18037279 0.91510657 -0.36061840 0.93500423 -0.33102812 0.40172183 0.85383836 -0.49305108
0.92607838 -0.03344971 0.37584565 0.97336322 0.18027517 0.91425183 -0.36282842 0.93123281 -0.33148107 0.40376319 0.85269900 -0.48796588
0.92641096 -0.03303516 0.37506187 0.96587801 0.18009925 0.91367181 -0.36437354 0.92562658 -0.33064632 0.40510800 0.85238519 -0.48240826
0.92628937 -0.03215015 0.37543889 0.95105183 0.17998765 0.91309267 -0.36587734 0.92059559 -0.33104749 0.40648266 0.85157467 -0.47738674
0.92663065 -0.03180642 0.37462513 0.94256997 0.17961978 0.91279937 -0.36678884 0.91389018 -0.33029134 0.40716786 0.85154093 -0.47251716
0.92713929 -0.03161430 0.37338087 0.93502545 0.17937666 0.91229315 -0.36816467 0.90995407 -0.32899355 0.40831575 0.85149369 -0.46640605
0.92709801 -0.03133615 0.37350679 0.92157942 0.17935604 0.91209491 -0.36866555 0.90382642 -0.32912108 0.40877980 0.85122171 -0.46132788
0.92658934 -0.03089805 0.37480328 0.90315866 0.17961428 0.91196458 -0.36886218 0.89852720 -0.33041020 0.40910378 0.85056640 -0.45607466
0.92734985 -0.03123027 0.37288997 0.89894551 0.17915942 0.91192515 -0.36918074 0.89274907 -0.32851813 0.40916645 0.85126885 -0.45084846
0.92741900 -0.03120122 0.37272037 0.88692325 0.17907783 0.91191271 -0.36925106 0.88782310 -0.32836735 0.40919641 0.85131262 -0.44509643
0.92788870 -0.03170557 0.37150683 0.87917292 0.17886998 0.91209099 -0.36891130 0.88204139 -0.32715149 0.40876005 0.85199010 -0.43936455
0.92790281 -0.03162825 0.37147816 0.86699253 0.17872825 0.91217376 -0.36877534 0.87797379 -0.32718892 0.40858131 0.85206145 -0.43238035
0.92816884 -0.03199031 0.37078190 0.85585815 0.17842380 0.91258355 -0.36790789 0.87234074 -0.32659998 0.40763696 0.85273945 -0.42802748
0.92847618 -0.03280516 0.36994026 0.84641612 0.17842689 0.91300744 -0.36685319 0.86704755 -0.32572353 0.40662174 0.85355898 -0.42239207
0.92776732 -0.03262263 0.37173051 0.82574385 0.17880204 0.91323190 -0.36611108 0.86322325 -0.32753265 0.40613207 0.85309970 -0.41360271
0.92769695 -0.03285404 0.37188570 0.81214935 0.17851334 0.91390192 -0.36457684 0.85799688 -0.32788923 0.40460339 0.85368891 -0.40823105
0.92780764 -0.03319384 0.37157927 0.79923689 0.17824959 0.91442612 -0.36338953 0.85397512 -0.32771949 0.40338943 0.85432833 -0.40268815
0.92779874 -0.03388577 0.37153903 0.78684151 0.17837817 0.91495419 -0.36199457 0.84891135 -0.32767472 0.40213255 0.85493783 -0.39542192
0.92776724 -0.03476308 0.37153665 0.77338254 0.17848853 0.91570900 -0.36002622 0.84453410 -0.32770383 0.40033556 0.85576962 -0.38897797
0.92776139 -0.03594040 0.37143923 0.75862896 0.17896355 0.91627472 -0.35834716 0.84113592 -0.32746123 0.39893474 0.85651632 -0.38442105
0.92800736 -0.03640673 0.37077875 0.74661076 0.17829796 0.91724481 -0.35619068 0.83695745 -0.32712715 0.39665667 0.85770118 -0.37918252
0.92807588 -0.03780657 0.37046704 0.73378360 0.17856580 0.91818194 -0.35363283 0.83186215 -0.32678650 0.39435084 0.85889347 -0.37627396
0.92805760 -0.03853532 0.37043774 0.71874505 0.17843354 0.91905552 -0.35142343 0.82814014 -0.32691063 0.39223970 0.85981245 -0.37111893
0.92895536 -0.03980199 0.36804583 0.71488303 0.17788258 0.91989616 -0.34949799 0.82594937 -0.32465323 0.39013697 0.86162255 -0.36899924
0.92920107 -0.04046274 0.36735287 0.70241070 0.17744757 0.92076479 -0.34742563 0.82342374 -0.32418780 0.38801414 0.86275564 -0.36296421
0.92937807 -0.04134050 0.36680699 0.69016129 0.17732315 0.92154224 -0.34542205 0.82127666 -0.32374821 0.38607105 0.86379178 -0.35502401
0.92909961 -0.04177155 0.36746300 0.67187911 0.17724900 0.92234491 -0.34331131 0.81918758 -0.32458699 0.38410286 0.86435426 -0.34791330
0.92974540 -0.04337625 0.36563914 0.66391820 0.17692816 0.92350881 -0.34033499 0.81580019 -0.32290851 0.38111676 0.86630255 -0.34840444
0.92902897 -0.04358265 0.36743126 0.64098048 0.17700770 0.92438416 -0.33790857 0.81392413 -0.32492069 0.37896501 0.86649412 -0.34034091
0.92949730 -0.04488622 0.36608742 0.63064551 0.17687430 0.92523552 -0.33564074 0.81224412 -0.32365144 0.37672862 0.86794314 -0.33566239
0.92975232 -0.04571962 0.36533592 0.61708379 0.17663442 0.92600569 -0.33363715 0.81168073 -0.32304938 0.37473081 0.86903160 -0.33076745
0.93021163 -0.04735762 0.36395546 0.60683513 0.17650273 0.92716560 -0.33047049 0.80857098 -0.32179668 0.37164662 0.87081897 -0.32969996
0.92988907 -0.04821496 0.36466648 0.58626622 0.17669460 0.92805473 -0.32786192 0.80718732 -0.32262260 0.36930981 0.87150727 -0.32483301
0.93078496 -0.04883538 0.36229057 0.58046699 0.17556321 0.92898547 -0.32582750 0.80716014 -0.32065076 0.36688024 0.87325940 -0.32093215
0.93020968 -0.04953847 0.36367003 0.55761611 0.17590369 0.92981204 -0.32327614 0.80592519 -0.32213017 0.36468549 0.87363416 -0.31409883
0.93096438 -0.05040013 0.36161464 0.54857552 0.17513172 0.93069237 -0.32115508 0.80606365 -0.32036573 0.36231413 0.87526811 -0.31031415
