0.99997585 -0.00415323 0.00557219 0.01424313 0.00413245 0.99998449 0.00373465 0.00459626 -0.00558762 -0.00371153 0.99997750 -0.00903706
0.99997585 -0.00415323 0.00557219 0.01424313 0.00413245 0.99998449 0.00373465 0.00459626 -0.00558762 -0.00371153 0.99997750 -0.00903706
0.99992178 -0.00704428 0.01033524 0.02502942 0.00697005 0.99994978 0.00720086 0.00842269 -0.01038545 -0.00712826 0.99992066 -0.01566587
0.99985268 -0.00870256 0.01479458 0.03475082 0.00856503 0.99991975 0.00933457 0.01296221 -0.01487463 -0.00920648 0.99984698 -0.02168041
0.99978999 -0.00970457 0.01805012 0.04406981 0.00949046 0.99988403 0.01191039 0.01437463 -0.01816361 -0.01173659 0.99976614 -0.02754423
0.99974009 -0.01048817 0.02024250 0.05275326 0.01024639 0.99987536 0.01201124 0.01812871 -0.02036595 -0.01180070 0.99972295 -0.03318864
0.99971827 -0.01117877 0.02093852 0.06296998 0.01095151 0.99988022 0.01093703 0.02319891 -0.02105827 -0.01070464 0.99972094 -0.03929675
0.99971453 -0.01162825 0.02087184 0.07216974 0.01147334 0.99990585 0.00752621 0.03111608 -0.02095739 -0.00728460 0.99975383 -0.04442703
0.99973847 -0.01125718 0.01990668 0.08128177 0.01117956 0.99992948 0.00400614 0.03747430 -0.01995038 -0.00378255 0.99979382 -0.04961190
0.99977943 -0.01028037 0.01831385 0.08956695 0.01029202 0.99994689 -0.00054222 0.04449713 -0.01830730 0.00073059 0.99983214 -0.05387565
0.99982703 -0.00893277 0.01631320 0.09658351 0.00902990 0.99994188 -0.00589026 0.05119690 -0.01625963 0.00603655 0.99984958 -0.05815624
0.99987845 -0.00712753 0.01386671 0.10234589 0.00729499 0.99990062 -0.01206410 0.05818583 -0.01377934 0.01216379 0.99983107 -0.06198484
0.99993407 -0.00530855 0.01018170 0.10960717 0.00550279 0.99980156 -0.01914565 0.06574023 -0.01007804 0.01920042 0.99976486 -0.06585379
0.99997683 -0.00299937 0.00611041 0.11581823 0.00316323 0.99963082 -0.02698538 0.07334458 -0.00602721 0.02700408 0.99961715 -0.06915714
0.99999865 -0.00085094 0.00140585 0.12251458 0.00090077 0.99935748 -0.03583044 0.08266372 -0.00137446 0.03583166 0.99935689 -0.07231150
0.99999079 0.00162821 -0.00397108 0.12932733 -0.00180697 0.99896564 -0.04543550 0.09219516 0.00389299 0.04544226 0.99895938 -0.07530627
0.99994816 0.00422418 -0.00926446 0.13403741 -0.00472686 0.99847920 -0.05492677 0.10018387 0.00901835 0.05496771 0.99844740 -0.07775389
0.99985691 0.00673967 -0.01551544 0.14070408 -0.00774219 0.99782328 -0.06548866 0.10975277 0.01504029 0.06559941 0.99773268 -0.08034416
0.99972276 0.00927079 -0.02164369 0.14584178 -0.01088926 0.99705601 -0.07589958 0.11802186 0.02087633 0.07611422 0.99688054 -0.08220500
0.99955811 0.01167207 -0.02733784 0.14824957 -0.01400843 0.99611916 -0.08689294 0.12585796 0.02621752 0.08723750 0.99584249 -0.08434680
0.99935352 0.01417525 -0.03303937 0.15052757 -0.01734669 0.99505779 -0.09777063 0.13404392 0.03149016 0.09828055 0.99466040 -0.08596535
0.99906932 0.01585449 -0.04011402 0.15597828 -0.02019092 0.99371330 -0.11011905 0.14469992 0.03811595 0.11082651 0.99310858 -0.08786547
0.99876021 0.01802872 -0.04640055 0.15915941 -0.02356771 0.99228188 -0.12174245 0.15379567 0.04384757 0.12268507 0.99147656 -0.08896110
0.99839581 0.01988002 -0.05301494 0.16269290 -0.02681820 0.99067830 -0.13355631 0.16308114 0.04986564 0.13476383 0.98962221 -0.08964358
0.99802031 0.02137639 -0.05914813 0.16514939 -0.02981188 0.98888928 -0.14563391 0.17278755 0.05537783 0.14710892 0.98756886 -0.09017698
0.99755295 0.02301517 -0.06601824 0.17025907 -0.03323298 0.98686026 -0.15812148 0.18446937 0.06151159 0.15992853 0.98521023 -0.09057118
0.99711212 0.02417237 -0.07199381 0.17343628 -0.03613233 0.98482076 -0.16977199 0.19353224 0.06679720 0.17188302 0.98285012 -0.09146320
0.99667704 0.02497478 -0.07753159 0.17573215 -0.03873227 0.98265153 -0.18137195 0.20278539 0.07165681 0.18377223 0.98035354 -0.09178383
0.99619656 0.02582077 -0.08322077 0.17956650 -0.04155173 0.98026936 -0.19324969 0.21379687 0.07658892 0.19597264 0.97761386 -0.09175713
0.99575841 0.02597259 -0.08826443 0.18231830 -0.04366263 0.97781912 -0.20484956 0.22422941 0.08098617 0.20783453 0.97480565 -0.09158776
0.99531702 0.02609169 -0.09307660 0.18599592 -0.04575013 0.97536259 -0.21581183 0.23412977 0.08515254 0.21905946 0.97198868 -0.09161515
0.99497022 0.02611333 -0.09670755 0.18743716 -0.04750217 0.97296871 -0.22599874 0.24289544 0.08819184 0.22945584 0.96931534 -0.09139194
0.99462050 0.02612073 -0.10023858 0.19034114 -0.04930826 0.97040662 -0.23638885 0.25379920 0.09109753 0.24005979 0.96647428 -0.09086730
0.99436293 0.02548428 -0.10292192 0.19280039 -0.05024739 0.96802600 -0.24576585 0.26269540 0.09336793 0.24955201 0.96384969 -0.09089354
0.99415271 0.02500597 -0.10504806 0.19503160 -0.05121031 0.96564233 -0.25477912 0.27221942 0.09506785 0.25866890 0.96127650 -0.09020416
0.99402572 0.02433932 -0.10639772 0.19729242 -0.05182140 0.96318206 -0.26380838 0.28331110 0.09605946 0.26774599 0.95868903 -0.08878905
0.99398264 0.02368446 -0.10694652 0.19953288 -0.05212350 0.96099072 -0.27162470 0.29287946 0.09634133 0.27556466 0.95644261 -0.08773726
0.99402211 0.02268155 -0.10679694 0.20218670 -0.05187012 0.95884677 -0.27914577 0.30321616 0.09607044 0.28301663 0.95429139 -0.08641200
0.99411450 0.02155482 -0.10616851 0.20626678 -0.05131520 0.95678217 -0.28624227 0.31461483 0.09541024 0.29000565 0.95225711 -0.08513947
0.99430408 0.02051937 -0.10458656 0.20992796 -0.05048820 0.95488670 -0.29264711 0.32555386 0.09386338 0.29626061 0.95048373 -0.08383391
0.99457511 0.01944419 -0.10218748 0.21360478 -0.04926779 0.95325251 -0.29813140 0.33529243 0.09161355 0.30154862 0.94903919 -0.08298805
0.99492589 0.01835255 -0.09892252 0.21662313 -0.04765862 0.95188239 -0.30273514 0.34403852 0.08860664 0.30591354 0.94792709 -0.08198722
0.99534567 0.01710064 -0.09483970 0.21923900 -0.04558419 0.95061696 -0.30700079 0.35250610 0.08490631 0.30989510 0.94697199 -0.08077626
0.99576000 0.01612174 -0.09056554 0.22349690 -0.04367148 0.94935090 -0.31116823 0.36239350 0.08096191 0.31380401 0.94602971 -0.07933147
0.99618548 0.01500433 -0.08596141 0.22795597 -0.04146587 0.94817327 -0.31503656 0.37219468 0.07677939 0.31739931 0.94517861 -0.07789851
0.99662975 0.01381205 -0.08086023 0.23265041 -0.03893633 0.94725769 -0.31809877 0.38054770 0.07220188 0.32017510 0.94460298 -0.07663273
0.99707497 0.01256373 -0.07539005 0.23841088 -0.03623818 0.94618587 -0.32158838 0.39031163 0.06729265 0.32337972 0.94387354 -0.07519208
0.99752422 0.01136463 -0.06939934 0.24315557 -0.03335100 0.94526930 -0.32458227 0.39956212 0.06191231 0.32609322 0.94330805 -0.07362738
0.99789880 0.01019770 -0.06398424 0.25140372 -0.03065683 0.94431157 -0.32762145 0.40993229 0.05708008 0.32889461 0.94264002 -0.07299163
0.99829326 0.00898607 -0.05770449 0.25777024 -0.02758561 0.94346884 -0.33031133 0.41944262 0.05147419 0.33133939 0.94210648 -0.07145057
0.99868860 0.00781614 -0.05059640 0.26208556 -0.02423979 0.94267585 -0.33282830 0.42795950 0.04509457 0.33361828 0.94162908 -0.06919843
0.99903102 0.00644305 -0.04353745 0.26770142 -0.02070437 0.94173193 -0.33572653 0.43747824 0.03883750 0.33630263 0.94095281 -0.06720974
0.99932024 0.00551270 -0.03645103 0.27351516 -0.01749530 0.94123748 -0.33729203 0.44350579 0.03244969 0.33770047 0.94069411 -0.06627445
0.99954227 0.00407006 -0.02997815 0.28225374 -0.01400192 0.94062791 -0.33915054 0.44942805 0.02681792 0.33941505 0.94025434 -0.06598131
0.99972435 0.00324867 -0.02325227 0.29003888 -0.01099858 0.93978870 -0.34157903 0.45698583 0.02074255 0.34174061 0.93956538 -0.06389766
0.99985461 0.00224900 -0.01690291 0.29899904 -0.00793320 0.93880441 -0.34435933 0.46515745 0.01509407 0.34444336 0.93868575 -0.06257970
0.99995065 0.00121019 -0.00986024 0.30586055 -0.00455799 0.93780366 -0.34713616 0.47316208 0.00882687 0.34716398 0.93776290 -0.06033830
0.99999367 -0.00001188 -0.00355798 0.31494516 -0.00123397 0.93677020 -0.34994294 0.47949758 0.00333716 0.34994512 0.93676426 -0.05988600
0.99999519 -0.00103229 0.00292367 0.32330108 0.00199709 0.93574150 -0.35268097 0.48400423 -0.00237172 0.35268511 0.93573906 -0.05965063
0.99996369 -0.00188193 0.00831099 0.33415341 0.00471672 0.93451311 -0.35589745 0.48984280 -0.00709695 0.35592373 0.93448806 -0.05876196
0.99989410 -0.00245914 0.01434370 0.34172651 0.00745049 0.93315918 -0.35938619 0.49411950 -0.01250118 0.35945500 0.93307868 -0.05772775
0.99979364 -0.00291215 0.02010460 0.34955308 0.01001564 0.93168897 -0.36311891 0.49799657 -0.01767378 0.36324534 0.93152588 -0.05675109
0.99966785 -0.00306774 0.02558858 0.35846493 0.01225914 0.92996786 -0.36743637 0.50197178 -0.02266936 0.36762802 0.92969658 -0.05472175
0.99954045 -0.00356132 0.03010331 0.36948258 0.01452293 0.92794443 -0.37243553 0.50782901 -0.02660783 0.37270156 0.92756971 -0.05376153
0.99939720 -0.00448635 0.03442531 0.38087189 0.01715393 0.92592139 -0.37732655 0.51204890 -0.03018231 0.37768963 0.92544021 -0.05426228
0.99926157 -0.00480278 0.03812160 0.39383525 0.01904178 0.92364918 -0.38276574 0.51686007 -0.03337264 0.38320899 0.92305858 -0.05461280
0.99912603 -0.00494461 0.04150586 0.40680292 0.02068315 0.92137708 -0.38811915 0.52097511 -0.03632345 0.38863842 0.92067409 -0.05492952
0.99892295 -0.00486086 0.04614454 0.41528547 0.02263419 0.91919566 -0.39315014 0.52309948 -0.04050481 0.39377114 0.91831566 -0.05518767
0.99873150 -0.00475492 0.05012756 0.42492914 0.02438407 0.91668321 -0.39887005 0.52691913 -0.04405450 0.39958640 0.91563634 -0.05405752
0.99854922 -0.00412507 0.05368829 0.43539125 0.02556459 0.91384303 -0.40526210 0.53093755 -0.04739093 0.40604667 0.91262270 -0.05173058
0.99841091 -0.00419115 0.05619688 0.44903627 0.02699494 0.91093630 -0.41166288 0.53572810 -0.04946644 0.41252574 0.90960188 -0.05223951
0.99824736 -0.00422170 0.05902875 0.46123144 0.02851136 0.90836944 -0.41719547 0.53723079 -0.05185864 0.41814726 0.90689776 -0.05500441
0.99809067 -0.00433153 0.06161378 0.47345486 0.03003981 0.90565467 -0.42295061 0.53914279 -0.05396879 0.42399393 0.90405560 -0.05750962
0.99790365 -0.00428780 0.06457490 0.48387805 0.03164133 0.90273831 -0.42902491 0.54113364 -0.05645466 0.43016876 0.90098153 -0.05944972
0.99771830 -0.00366927 0.06741458 0.49351314 0.03264221 0.90027519 -0.43409569 0.53983259 -0.05909885 0.43530578 0.89834081 -0.06198677
0.99757430 -0.00364637 0.06951420 0.50639898 0.03396221 0.89719966 -0.44031732 0.54263610 -0.06076255 0.44161009 0.89514716 -0.06212534
0.99745514 -0.00319177 0.07122533 0.51972997 0.03478113 0.89384386 -0.44702733 0.54716480 -0.06223751 0.44836701 0.89168017 -0.06331916
0.99722516 -0.00275932 0.07439332 0.52709323 0.03619812 0.89119591 -0.45217203 0.54734451 -0.06505133 0.45361023 0.88882287 -0.06639926
0.99700065 -0.00192349 0.07736931 0.53459156 0.03725362 0.88818240 -0.45797837 0.54869425 -0.06783714 0.45948702 0.88559009 -0.06669573
0.99681199 -0.00099301 0.07978012 0.54392105 0.03797304 0.88531719 -0.46343449 0.54950345 -0.07017051 0.46498655 0.88253250 -0.06749225
0.99671251 -0.00078755 0.08101575 0.55673540 0.03876873 0.88267635 -0.46837960 0.54968101 -0.07114182 0.46998068 0.87980509 -0.07240999
0.99651157 -0.00072236 0.08345164 0.56479049 0.04011467 0.88101169 -0.47139073 0.54448485 -0.07318136 0.47309395 0.87796731 -0.08083598
0.99640386 -0.00055958 0.08472924 0.57657176 0.04101522 0.87819920 -0.47653324 0.54741269 -0.07414249 0.47829474 0.87506402 -0.08482000
0.99627534 -0.00014264 0.08622886 0.58755368 0.04179338 0.87548963 -0.48142625 0.54962593 -0.07542380 0.48323689 0.87223469 -0.09007241
0.99605570 0.00022350 0.08872992 0.59402812 0.04297015 0.87369595 -0.48457089 0.54671496 -0.07763128 0.48647234 0.87024023 -0.09544723
0.99588652 0.00099228 0.09060381 0.60229951 0.04351898 0.87181742 -0.48789393 0.54566342 -0.07947411 0.48982997 0.86818804 -0.10004000
0.99572177 0.00174671 0.09238562 0.61067045 0.04409210 0.86966896 -0.49166227 0.54707783 -0.08120370 0.49363230 0.86587130 -0.10297224
0.99543434 0.00234738 0.09541991 0.61394238 0.04533861 0.86808865 -0.49433441 0.54621398 -0.08399333 0.49640365 0.86401883 -0.10785013
0.99521949 0.00237183 0.09763477 0.62032157 0.04666630 0.86664591 -0.49673648 0.54626703 -0.08579295 0.49891808 0.86239221 -0.11277845
0.99499091 0.00258699 0.09993196 0.62533951 0.04780111 0.86565700 -0.49835029 0.54541099 -0.08779603 0.50063086 0.86119719 -0.11889137
0.99474213 0.00294215 0.10236917 0.62978697 0.04883059 0.86501861 -0.49935797 0.54396325 -0.09002042 0.50173116 0.86032678 -0.12654208
0.99461307 0.00309099 0.10361127 0.63933474 0.04943177 0.86443586 -0.50030705 0.54393750 -0.09111174 0.50273361 0.85962641 -0.13496286
0.99431858 0.00333237 0.10639291 0.64181769 0.05069030 0.86407657 -0.50080153 0.54348642 -0.09360047 0.50334935 0.85899847 -0.14023510
0.99409912 0.00342887 0.10842133 0.64698488 0.05161765 0.86413656 -0.50060325 0.54299212 -0.09540734 0.50324571 0.85886041 -0.14776011
0.99390610 0.00305527 0.11018770 0.65264839 0.05275217 0.86453152 -0.49980242 0.54251766 -0.09678777 0.50256932 0.85910198 -0.15695515
0.99363971 0.00288816 0.11256905 0.65532953 0.05392861 0.86536791 -0.49822693 0.54111290 -0.09885260 0.50112876 0.85970817 -0.16595232
0.99356137 0.00229469 0.11327193 0.66439521 0.05457045 0.86648213 -0.49621647 0.54052037 -0.09928677 0.49920282 0.86077795 -0.17566159
0.99346733 0.00179780 0.11410275 0.67262936 0.05510796 0.86800443 -0.49348903 0.53960001 -0.09992889 0.49655320 0.86223497 -0.18687558
0.99326990 0.00156856 0.11581210 0.67585933 0.05573561 0.87004915 -0.48980406 0.53633076 -0.10153051 0.49296249 0.86410621 -0.19809172
0.99303369 0.00130726 0.11782349 0.67812055 0.05646297 0.87237953 -0.48555730 0.53296590 -0.10342155 0.48882743 0.86622845 -0.20908836
0.99277119 0.00104335 0.12001778 0.67918390 0.05726208 0.87470099 -0.48126835 0.53116459 -0.10548181 0.48466182 0.86831820 -0.21813393
0.99255755 0.00062937 0.12177486 0.68144435 0.05797164 0.87696468 -0.47704532 0.53109711 -0.10709249 0.48055442 0.87040143 -0.22708715
0.99236293 -0.00007438 0.12335239 0.68359071 0.05869097 0.87983854 -0.47163494 0.52848452 -0.10849510 0.47527270 0.87312352 -0.23851144
0.99209987 -0.00079921 0.12544805 0.68323630 0.05960742 0.88289191 -0.46577767 0.52563030 -0.11038481 0.46957560 0.87596458 -0.25073233
0.99187012 -0.00188538 0.12724037 0.68395483 0.06065856 0.88598970 -0.45972034 0.52351987 -0.11186691 0.46370108 0.87890108 -0.26226071
0.99175048 -0.00233437 0.12816215 0.68726373 0.06072657 0.88907098 -0.45372358 0.52197361 -0.11288609 0.45776342 0.88187832 -0.27209872
0.99166317 -0.00344811 0.12881094 0.69171643 0.06128869 0.89195025 -0.44796031 0.52258146 -0.11334833 0.45212040 0.88472555 -0.28278917
0.99169394 -0.00478057 0.12853120 0.69909769 0.06166787 0.89463122 -0.44252916 0.52529353 -0.11287248 0.44677973 0.88749517 -0.29353005
0.99153115 -0.00547120 0.12975381 0.69948000 0.06187095 0.89834312 -0.43491565 0.52037323 -0.11418393 0.43926041 0.89107369 -0.30646119
0.99144004 -0.00615619 0.13041758 0.70230687 0.06183650 0.90189273 -0.42751112 0.51704901 -0.11499083 0.43191621 0.89455324 -0.31977373
0.99145835 -0.00742613 0.13021208 0.70836246 0.06205679 0.90498204 -0.42089959 0.51751637 -0.11471394 0.42538495 0.89771285 -0.33167237
0.99136836 -0.00839874 0.13083666 0.71025342 0.06237848 0.90797018 -0.41436587 0.51842666 -0.11531563 0.41895060 0.90065681 -0.34178811
0.99116207 -0.00906238 0.13234662 0.70843482 0.06268031 0.91126476 -0.40702300 0.51571447 -0.11691422 0.41172129 0.90377909 -0.35138124
0.99113874 -0.00966782 0.13247843 0.71275008 0.06243584 0.91421165 -0.40039833 0.51702780 -0.11724234 0.40512170 0.90671420 -0.36081699
0.99125037 -0.01112676 0.13152531 0.72076821 0.06250204 0.91721603 -0.39345679 0.51742178 -0.11625923 0.39823478 0.90988617 -0.37237242
0.99131476 -0.01252191 0.13091315 0.72726947 0.06260924 0.92034442 -0.38606507 0.51628464 -0.11565091 0.39090837 0.91313499 -0.38526365
0.99142444 -0.01349449 0.12998260 0.73528826 0.06219421 0.92350888 -0.37850130 0.51439631 -0.11493240 0.38333961 0.91642855 -0.39834833
0.99135039 -0.01461734 0.13042523 0.73759294 0.06239339 0.92678335 -0.37037776 0.50971913 -0.11546199 0.37531181 0.91967906 -0.40982363
0.99135625 -0.01551497 0.13027687 0.74282700 0.06226497 0.92966903 -0.36309580 0.50829697 -0.11548095 0.36806898 0.92259925 -0.41893125
0.99125852 -0.01647998 0.13090053 0.74491322 0.06249339 0.93245319 -0.35584495 0.50607425 -0.11619430 0.36091476 0.92533206 -0.42683861
0.99120575 -0.01746166 0.13117264 0.74772239 0.06256964 0.93529195 -0.34830161 0.50327343 -0.11660279 0.35344598 0.92815932 -0.43468717
0.99109538 -0.01837773 0.13187954 0.74863541 0.06268006 0.93822305 -0.34030680 0.49791142 -0.11747836 0.34554271 0.93102045 -0.44257009
0.99112623 -0.01966915 0.13146073 0.75538051 0.06286606 0.94075351 -0.33321267 0.49582717 -0.11711813 0.33852024 0.93364200 -0.44947237
0.99118637 -0.02097918 0.13080309 0.76369667 0.06298091 0.94328355 -0.32595944 0.49289781 -0.11654604 0.33132465 0.93629108 -0.45606887
0.99123293 -0.02195188 0.13028968 0.77072579 0.06277014 0.94595307 -0.31817088 0.48728985 -0.11626347 0.32355975 0.93903775 -0.46184528
0.99108332 -0.02263637 0.13130673 0.77199042 0.06272526 0.94870064 -0.30989132 0.47886720 -0.11755596 0.31536437 0.94166125 -0.46461678
0.99097563 -0.02380983 0.13191054 0.77514982 0.06309215 0.95112213 -0.30230129 0.47161782 -0.11826529 0.30789573 0.94404107 -0.46706480
0.99092710 -0.02531681 0.13199446 0.78069353 0.06355229 0.95362837 -0.29420067 0.46418861 -0.11842544 0.29991997 0.94658514 -0.46976525
0.99084215 -0.02678865 0.13234125 0.78561026 0.06409532 0.95597148 -0.28637444 0.45624334 -0.11884288 0.29223432 0.94893386 -0.47223741
0.99062063 -0.02798876 0.13374377 0.78756952 0.06467981 0.95824401 -0.27854075 0.44717848 -0.12036315 0.28457873 0.95106659 -0.47159681
0.99037675 -0.02927401 0.13526611 0.78789055 0.06533934 0.96049263 -0.27052665 0.43656012 -0.12200271 0.27676151 0.95316232 -0.46973625
0.99009541 -0.03042166 0.13706058 0.78868908 0.06589823 0.96271975 -0.26235111 0.42511275 -0.12396977 0.26878468 0.95518914 -0.46857512
0.99004979 -0.03195002 0.13704238 0.79643208 0.06643250 0.96464621 -0.25503805 0.41680777 -0.12404895 0.26160443 0.95717030 -0.46541283
0.98982493 -0.03334365 0.13832864 0.80008149 0.06712240 0.96661045 -0.24730310 0.40619037 -0.12546392 0.25407173 0.95901322 -0.46209687
0.98957356 -0.03461525 0.13980687 0.80229086 0.06774342 0.96847838 -0.23970910 0.39546642 -0.12710234 0.24668078 0.96072555 -0.45723194
0.98946369 -0.03621963 0.14017752 0.80871701 0.06845123 0.97018643 -0.23249242 0.38546380 -0.12757753 0.23963813 0.96244352 -0.45266616
0.98917224 -0.03760990 0.14185831 0.81064248 0.06927020 0.97180766 -0.22536973 0.37488511 -0.12938285 0.23275603 0.96389040 -0.44716612
0.98889065 -0.03900304 0.14343653 0.81343859 0.07009176 0.97329993 -0.21857354 0.36559907 -0.13108173 0.22619904 0.96522100 -0.44140598
0.98855471 -0.04047313 0.14533243 0.81570601 0.07104250 0.97473116 -0.21178323 0.35573590 -0.13308852 0.21968409 0.96645039 -0.43432465
0.98839951 -0.04205083 0.14593884 0.82310289 0.07189429 0.97597021 -0.20570211 0.34809008 -0.13378202 0.21380804 0.96767169 -0.42795023
0.98809400 -0.04350602 0.14757194 0.82781994 0.07282662 0.97717988 -0.19953888 0.33950391 -0.13552319 0.20791034 0.96871397 -0.42302269
0.98781195 -0.04501749 0.14899990 0.83213890 0.07378869 0.97829851 -0.19361625 0.33103001 -0.13705026 0.20225096 0.96969674 -0.41662046
0.98743135 -0.04642617 0.15107597 0.83509600 0.07480373 0.97932256 -0.18796734 0.32296455 -0.13922550 0.19690589 0.97048665 -0.41027430
0.98700256 -0.04767812 0.15346900 0.83719105 0.07577970 0.98021840 -0.18283685 0.31623796 -0.14171582 0.19209028 0.97109111 -0.40293598
0.98662405 -0.04919156 0.15541289 0.84189850 0.07696047 0.98100417 -0.17806713 0.31031525 -0.14370129 0.18764596 0.97166812 -0.39712062
0.98635768 -0.05030807 0.15674063 0.84952813 0.07773029 0.98165997 -0.17407387 0.30688691 -0.14510868 0.18388259 0.97217831 -0.39251548
0.98599634 -0.05164531 0.15856855 0.85531390 0.07886414 0.98219898 -0.17048638 0.30395854 -0.14694105 0.18060432 0.97251756 -0.38708031
0.98561788 -0.05279219 0.16053155 0.86107320 0.07992723 0.98261142 -0.16759010 0.30263937 -0.14889269 0.17801064 0.97269891 -0.38046670
0.98508808 -0.05399956 0.16335704 0.86357778 0.08114997 0.98305033 -0.16439807 0.29971531 -0.15171077 0.17520300 0.97277323 -0.37582654
0.98475789 -0.05510978 0.16496910 0.87079883 0.08225067 0.98327284 -0.16250956 0.30043760 -0.15325377 0.17360139 0.97281850 -0.37021768
0.98425886 -0.05633923 0.16751234 0.87602109 0.08363296 0.98346372 -0.16063824 0.30170485 -0.15569207 0.17211917 0.97269470 -0.36557099
0.98396904 -0.05719402 0.16891944 0.88484192 0.08460671 0.98351112 -0.15983612 0.30531424 -0.15699248 0.17156551 0.97258349 -0.35971543
0.98374333 -0.05809953 0.16992207 0.89611697 0.08552086 0.98359963 -0.15880159 0.30815619 -0.15790899 0.17075189 0.97257830 -0.35658860
0.98311209 -0.05879147 0.17330371 0.89908302 0.08658069 0.98372686 -0.15743329 0.30994663 -0.16122778 0.16977932 0.97220398 -0.35336295
0.98252391 -0.05929540 0.17643931 0.90275270 0.08752694 0.98374416 -0.15680068 0.31319448 -0.16427358 0.16950361 0.97174210 -0.34908485
0.98202444 -0.06014447 0.17891519 0.90916604 0.08876753 0.98367272 -0.15655129 0.31793562 -0.16657830 0.16961906 0.97132953 -0.34490344
0.98160477 -0.06091022 0.18094758 0.91702390 0.08989100 0.98357037 -0.15655329 0.32324648 -0.16843899 0.16993901 0.97095265 -0.34175593
0.98118921 -0.06159472 0.18295853 0.92562515 0.09093406 0.98347088 -0.15657593 0.32870886 -0.17029014 0.17026777 0.97057208 -0.33951226
0.98099938 -0.06224510 0.18375465 0.93866509 0.09179551 0.98332800 -0.15697013 0.33543622 -0.17092047 0.17085545 0.97035798 -0.33882913
0.98050841 -0.06292975 0.18612658 0.94568479 0.09295381 0.98317204 -0.15726513 0.34192947 -0.17309779 0.17150096 0.96985802 -0.33764914
0.97996919 -0.06342933 0.18877792 0.95127225 0.09409794 0.98291058 -0.15821620 0.35044837 -0.17551627 0.17281062 0.96919066 -0.33430883
0.97945621 -0.06378143 0.19130462 0.95728761 0.09512179 0.98262008 -0.15940396 0.35974553 -0.17781274 0.17432643 0.96850035 -0.33090979
0.97898813 -0.06405362 0.19359591 0.96391237 0.09603690 0.98233155 -0.16062887 0.36922827 -0.17988651 0.17584611 0.96784244 -0.32727382
0.97855481 -0.06434134 0.19568003 0.97124922 0.09682347 0.98215198 -0.16125354 0.37717220 -0.18181226 0.17674184 0.96731930 -0.32623672
0.97793410 -0.06483517 0.19859835 0.97482830 0.09798735 0.98192273 -0.16194514 0.38530299 -0.18450849 0.17783180 0.96660875 -0.32460016
0.97756627 -0.06522268 0.20027527 0.98335290 0.09884939 0.98169648 -0.16279071 0.39482677 -0.18599188 0.17893579 0.96612059 -0.32442054
0.97730517 -0.06553369 0.20144462 0.99312425 0.09958198 0.98144839 -0.16383680 0.40533203 -0.18697067 0.18017881 0.96570056 -0.32407305
0.97712699 -0.06604729 0.20214004 1.00436783 0.10037896 0.98123724 -0.16461329 0.41561288 -0.18747507 0.18113869 0.96542316 -0.32454133
0.97708822 -0.06608774 0.20231414 1.01743042 0.10066324 0.98102547 -0.16569831 0.42752248 -0.18752470 0.18226746 0.96520105 -0.32403004
0.97676121 -0.06631541 0.20381315 1.02387714 0.10122969 0.98092111 -0.16597086 0.43701681 -0.18891819 0.18274584 0.96483878 -0.32387853
0.97629572 -0.06668926 0.20591070 1.02765715 0.10199656 0.98084860 -0.16592988 0.44619194 -0.19090148 0.18299881 0.96440036 -0.32302159
0.97600452 -0.06678564 0.20725552 1.03383279 0.10240909 0.98075538 -0.16622654 0.45738289 -0.19216542 0.18346270 0.96406114 -0.32191023
0.97582269 -0.06690568 0.20807140 1.04038930 0.10267736 0.98073450 -0.16618425 0.46813023 -0.19294413 0.18353059 0.96389267 -0.32130131
0.97592481 -0.06684960 0.20760997 1.05154705 0.10260496 0.98068071 -0.16654600 0.48165125 -0.19246556 0.18383819 0.96392973 -0.31980878
0.97604680 -0.06692430 0.20701153 1.06189919 0.10246179 0.98078390 -0.16602567 0.49324897 -0.19192242 0.18325959 0.96414818 -0.32027134
0.97602409 -0.06725842 0.20701034 1.06913316 0.10258201 0.98095383 -0.16494398 0.50432211 -0.19197372 0.18222483 0.96433407 -0.32100326
0.97612475 -0.06736824 0.20649936 1.07676244 0.10234636 0.98118847 -0.16368999 0.51617980 -0.19158728 0.18091631 0.96465725 -0.32068664
0.97606740 -0.06796814 0.20657384 1.08188224 0.10235185 0.98169644 -0.16061193 0.52267909 -0.19187631 0.17791128 0.96515857 -0.32246849
0.97637042 -0.06829758 0.20502740 1.09086514 0.10205814 0.98200632 -0.15889530 0.53639048 -0.19048604 0.17606539 0.96577225 -0.32023960
0.97644566 -0.06866786 0.20454488 1.09522986 0.10160594 0.98265112 -0.15515482 0.54322106 -0.19034210 0.17228322 0.96648248 -0.32173082
0.97669579 -0.06911248 0.20319647 1.10236740 0.10118519 0.98319487 -0.15195199 0.55298471 -0.18927995 0.16897134 0.96727544 -0.32227185
0.97733113 -0.06926105 0.20006693 1.11585581 0.10041270 0.98357127 -0.15001617 0.56774271 -0.18638980 0.16670474 0.96822950 -0.31949574
0.97769469 -0.06941492 0.19822881 1.12381458 0.09957012 0.98419355 -0.14645428 0.57798231 -0.18492940 0.16292523 0.96915246 -0.32040021
0.97804166 -0.06953105 0.19646869 1.13158548 0.09869305 0.98482280 -0.14277163 0.58807737 -0.18355978 0.15902669 0.97005996 -0.32079571
0.97823046 -0.06984395 0.19541491 1.13676178 0.09801351 0.98551286 -0.13841157 0.59614259 -0.18291669 0.15455172 0.97090435 -0.32108039
0.97864296 -0.07018819 0.19321383 1.14673734 0.09730429 0.98610627 -0.13463397 0.60619801 -0.18107965 0.15055912 0.97187556 -0.32163268
0.97896708 -0.07100190 0.19126469 1.15620399 0.09724605 0.98653224 -0.13151936 0.61872107 -0.17935066 0.14735286 0.97268724 -0.32049525
0.97912581 -0.07161895 0.19021926 1.16390789 0.09698345 0.98707702 -0.12756634 0.62801903 -0.17862489 0.14335161 0.97341844 -0.32072058
0.97911335 -0.07268827 0.18987748 1.16857672 0.09717950 0.98763358 -0.12302865 0.63530952 -0.17858664 0.13891119 0.97406904 -0.32215029
0.97913137 -0.07327012 0.18956069 1.17439938 0.09697237 0.98815457 -0.11894076 0.64304262 -0.17860046 0.13484078 0.97463831 -0.32423505
0.97906792 -0.07409401 0.18956817 1.17984962 0.09719665 0.98852637 -0.11562193 0.65248567 -0.17882624 0.13162711 0.97503614 -0.32457730
0.97874550 -0.07455294 0.19104741 1.18131685 0.09733318 0.98884304 -0.11276390 0.66187614 -0.18050902 0.12896241 0.97508215 -0.32212842
0.97870803 -0.07512122 0.19101675 1.19096673 0.09752387 0.98905582 -0.11071442 0.67350459 -0.18060923 0.12698579 0.97532298 -0.32091090
0.97822569 -0.07591600 0.19316124 1.19439125 0.09806536 0.98932316 -0.10780942 0.68132704 -0.18291443 0.12440437 0.97522606 -0.32337058
0.97741002 -0.07731142 0.19670434 1.19421983 0.09934468 0.98952743 -0.10471915 0.68706238 -0.18654836 0.12189507 0.97485450 -0.32567558
0.97670331 -0.07888671 0.19956838 1.19804859 0.10102842 0.98950586 -0.10330257 0.69714409 -0.18932488 0.12105804 0.97442344 -0.32520673
0.97596217 -0.08045127 0.20254738 1.20341778 0.10267753 0.98950021 -0.10171858 0.70573032 -0.19223728 0.12007055 0.97397530 -0.32762620
0.97461365 -0.08299993 0.20794048 1.20071173 0.10541006 0.98947834 -0.09910262 0.70992184 -0.19752709 0.11850578 0.97310813 -0.33298713
0.97366566 -0.08499454 0.21154459 1.20620227 0.10772792 0.98930371 -0.09835071 0.71850103 -0.20092257 0.11854997 0.97240734 -0.33486345
0.97254882 -0.08660545 0.21598217 1.21041441 0.10975494 0.98915717 -0.09758044 0.72583568 -0.20518932 0.11860685 0.97150901 -0.33857611
0.97150784 -0.08810001 0.22002480 1.21764624 0.11175993 0.98894172 -0.09748842 0.73444647 -0.20900297 0.11930072 0.97061068 -0.34182164
0.97004740 -0.08954684 0.22580833 1.21810651 0.11416560 0.98857539 -0.09841198 0.74443620 -0.21441608 0.12124383 0.96918815 -0.34135658
0.96877170 -0.09127483 0.23054351 1.22420371 0.11671010 0.98820043 -0.09919004 0.75362432 -0.21876964 0.12299926 0.96799330 -0.34505591
0.96735973 -0.09286830 0.23577667 1.22879779 0.11945661 0.98768014 -0.10108438 0.76478076 -0.22348440 0.12595004 0.96653573 -0.34632128
0.96552966 -0.09491206 0.24237199 1.22938108 0.12272682 0.98714993 -0.10233838 0.77332121 -0.22954435 0.12855629 0.96477079 -0.35057488
0.96374644 -0.09668775 0.24868510 1.23097003 0.12584957 0.98656819 -0.10413981 0.78234661 -0.23527576 0.13166129 0.96296969 -0.35475907
0.96153133 -0.09843251 0.25645378 1.22748351 0.12922284 0.98592515 -0.10608042 0.79064643 -0.24240247 0.13513933 0.96071765 -0.35725662
0.95955514 -0.09998829 0.26316588 1.22820902 0.13231047 0.98529915 -0.10807182 0.79768819 -0.24849120 0.13852047 0.95867836 -0.36077091
0.95838319 -0.10101343 0.26701676 1.24022746 0.13487783 0.98455212 -0.11164715 0.80986011 -0.25161405 0.14301540 0.95720268 -0.36725020
0.95630267 -0.10257014 0.27379658 1.23913288 0.13799038 0.98392414 -0.11336638 0.81315464 -0.25776706 0.14619387 0.95508298 -0.37692589
0.95430090 -0.10354274 0.28033673 1.24039221 0.14078041 0.98321185 -0.11608331 0.82127345 -0.26361082 0.15024432 0.95285675 -0.38307738
0.95232332 -0.10405576 0.28679731 1.24152780 0.14345040 0.98236612 -0.11991157 0.83107710 -0.26926247 0.15533577 0.95045701 -0.38890952
0.95030966 -0.10489776 0.29310070 1.24265337 0.14650398 0.98143802 -0.12375779 0.83994234 -0.27467825 0.16054864 0.94803797 -0.39569935
0.94829387 -0.10561337 0.29930679 1.24349642 0.14958073 0.98043443 -0.12796069 0.84934026 -0.27993632 0.16611486 0.94553768 -0.40303907
0.94627998 -0.10602039 0.30547321 1.24378872 0.15245474 0.97940934 -0.13234387 0.85853720 -0.28515216 0.17180519 0.94295876 -0.41056165
0.94429364 -0.10581563 0.31162889 1.24338841 0.15484625 0.97839440 -0.13699281 0.86735374 -0.29039998 0.17761601 0.94027677 -0.41775250
0.94247509 -0.10567135 0.31713448 1.24431276 0.15735994 0.97727670 -0.14201441 0.87652820 -0.29492128 0.18374931 0.93768738 -0.42498335
0.94054671 -0.10545232 0.32288030 1.24405110 0.16002447 0.97604991 -0.14737279 0.88625503 -0.29960649 0.19027974 0.93489549 -0.43291432
0.93870257 -0.10498860 0.32835177 1.24344504 0.16251899 0.97478144 -0.15293373 0.89544058 -0.30401492 0.19692268 0.93209248 -0.44120014
0.93701123 -0.10385146 0.33350386 1.24288547 0.16434586 0.97357220 -0.15857996 0.90413928 -0.30822132 0.20340119 0.92931565 -0.44850180
0.93540824 -0.10288874 0.33826813 1.24201882 0.16643785 0.97222815 -0.16453224 0.91346782 -0.31194529 0.21020543 0.92655481 -0.45628706
0.93382653 -0.10184440 0.34292234 1.24052370 0.16845350 0.97087215 -0.17038393 0.92186129 -0.31558110 0.21687551 0.92378222 -0.46449623
0.93235392 -0.10055555 0.34728194 1.23879206 0.17022990 0.96950530 -0.17629876 0.92958963 -0.31896387 0.22349061 0.92103963 -0.47215971
0.93105058 -0.09902216 0.35119714 1.23720849 0.17190874 0.96800215 -0.18280922 0.93834776 -0.32185743 0.23057849 0.91828174 -0.48002377
0.92981898 -0.09747473 0.35487369 1.23521578 0.17343511 0.96655211 -0.18893724 0.94542509 -0.32458731 0.23722499 0.91562404 -0.48740444
0.92877584 -0.09541991 0.35814868 1.23309016 0.17442149 0.96513186 -0.19518618 0.95190424 -0.32703605 0.24375304 0.91303443 -0.49392813
0.92784572 -0.09354537 0.36104235 1.23088086 0.17567067 0.96354261 -0.20180549 0.95963091 -0.32900172 0.25066891 0.91045207 -0.50103384
0.92690645 -0.09144596 0.36398086 1.22737539 0.17668214 0.96198565 -0.20824752 0.96604282 -0.33110097 0.25733489 0.90782758 -0.50764394
0.92619416 -0.08941015 0.36629252 1.22513771 0.17769552 0.96033406 -0.21490184 0.97321588 -0.33254877 0.26412937 0.90534357 -0.51425010
0.92549063 -0.08684482 0.36868016 1.22122324 0.17822863 0.95871809 -0.22157206 0.97908837 -0.33421796 0.27077223 0.90276285 -0.52008665
0.92487450 -0.08458185 0.37074664 1.21727502 0.17895340 0.95705547 -0.22808006 0.98410845 -0.33553366 0.27729180 0.90029241 -0.52581972
0.92436021 -0.08240445 0.37251539 1.21353006 0.17967071 0.95536877 -0.23449721 0.98836052 -0.33656596 0.28368999 0.89791054 -0.53086144
0.92395815 -0.07994629 0.37404536 1.20963860 0.18005712 0.95369239 -0.24093622 0.99264038 -0.33746226 0.28996452 0.89556675 -0.53531605
0.92358126 -0.07735371 0.37551839 1.20497763 0.18026615 0.95203545 -0.24725011 0.99602354 -0.33838110 0.29604882 0.89322636 -0.53997999
0.92330119 -0.07528214 0.37662648 1.20094800 0.18090363 0.95025770 -0.25354327 0.99912280 -0.33880494 0.30222990 0.89099287 -0.54348278
0.92306559 -0.07269940 0.37770982 1.19605756 0.18101273 0.94854621 -0.25979700 1.00242174 -0.33938813 0.30817995 0.88872989 -0.54704255
0.92291053 -0.07024903 0.37855149 1.19136751 0.18112164 0.94684196 -0.26586697 1.00474405 -0.33975154 0.31393530 0.88657404 -0.54994088
0.92282038 -0.06797997 0.37918501 1.18634546 0.18136381 0.94506531 -0.27195355 1.00652492 -0.33986720 0.31973472 0.88445463 -0.55244875
0.92272713 -0.06593453 0.37977266 1.18159604 0.18164373 0.94338289 -0.27755050 1.00655603 -0.33997087 0.32508670 0.88246158 -0.55331337
0.92259794 -0.06368733 0.38046940 1.17514670 0.18175698 0.94170832 -0.28310747 1.00623667 -0.34026084 0.33034733 0.88039378 -0.55487055
0.92261012 -0.06132189 0.38082830 1.16883790 0.18171372 0.93996450 -0.28887171 1.00743783 -0.34025092 0.33571769 0.87836379 -0.55645400
0.92252197 -0.05911945 0.38138970 1.16138947 0.18174643 0.93831430 -0.29416748 1.00657010 -0.34047239 0.34069218 0.87636031 -0.55777222
0.92259222 -0.05661222 0.38160013 1.15478098 0.18157088 0.93648357 -0.30005089 1.00783813 -0.34037571 0.34611208 0.87427158 -0.55776900
0.92268220 -0.05448806 0.38169177 1.14785767 0.18159788 0.93469740 -0.30555358 1.00852251 -0.34011729 0.35124326 0.87232357 -0.55780047
0.92277715 -0.05233631 0.38176334 1.14046562 0.18144487 0.93304004 -0.31066709 1.00758862 -0.33994132 0.35594549 0.87048418 -0.55720425
0.92298736 -0.05027273 0.38153242 1.13341749 0.18117936 0.93144510 -0.31556943 1.00543439 -0.33951197 0.36039240 0.86882043 -0.55572832
0.92315011 -0.04827627 0.38139648 1.12586832 0.18083743 0.93000228 -0.31998998 1.00202620 -0.33925167 0.36436954 0.86726186 -0.55359524
0.92334267 -0.04633334 0.38117126 1.11842275 0.18058770 0.92845394 -0.32459415 0.99940503 -0.33886042 0.36854647 0.86564838 -0.55088294
0.92363090 -0.04507040 0.38062399 1.11179471 0.18070161 0.92697555 -0.32872976 0.99532247 -0.33801315 0.37240433 0.86432756 -0.54889548
0.92382924 -0.04334103 0.38034338 1.10312009 0.18039383 0.92562238 -0.33268796 0.99161053 -0.33763530 0.37595847 0.86293548 -0.54700929
0.92395781 -0.04171695 0.38021266 1.09366441 0.18031026 0.92415968 -0.33677455 0.98896760 -0.33732800 0.37972172 0.86140655 -0.54493213
0.92418957 -0.03991458 0.37984269 1.08430755 0.17971717 0.92299131 -0.34027750 0.98401219 -0.33700947 0.38274517 0.86019228 -0.54208291
0.92444004 -0.03873089 0.37935541 1.07547832 0.17959955 0.92180189 -0.34354806 0.97978187 -0.33638461 0.38572164 0.85910663 -0.53959984
0.92477389 -0.03737883 0.37867675 1.06699288 0.17925109 0.92062158 -0.34687888 0.97540027 -0.33565206 0.38866275 0.85806699 -0.53619671
0.92496003 -0.03627060 0.37832972 1.05682111 0.17913755 0.91953447 -0.34980865 0.97109276 -0.33519945 0.39133208 0.85703006 -0.53301817
0.92536278 -0.03471657 0.37748971 1.04816365 0.17846108 0.91844358 -0.35300573 0.96695054 -0.33444786 0.39402558 0.85608906 -0.52832806
0.92545201 -0.03332555 0.37739632 1.03594971 0.17818842 0.91736047 -0.35594754 0.96389490 -0.33434632 0.39666002 0.85491132 -0.52499616
0.92561614 -0.03224468 0.37708757 1.02488506 0.17801457 0.91635872 -0.35860494 0.95969039 -0.33398439 0.39905760 0.85393645 -0.52040696
0.92599361 -0.03145322 0.37622671 1.01595533 0.17767032 0.91558352 -0.36074932 0.95405275 -0.33312025 0.40089588 0.85341279 -0.51569337
0.92629255 -0.03062651 0.37555842 1.00703025 0.17744204 0.91471567 -0.36305588 0.94977140 -0.33241004 0.40293581 0.85272874 -0.50932819
0.92646634 -0.02999545 0.37518047 0.99655300 0.17725102 0.91413141 -0.36461738 0.94398844 -0.33202739 0.40430686 0.85222871 -0.50485051
0.92656718 -0.02942904 0.37497627 0.98505312 0.17723260 0.91348215 -0.36624987 0.93936002 -0.33175574 0.40581313 0.85161836 -0.49931794
0.92678818 -0.02890745 0.37447033 0.97379225 0.17686954 0.91315147 -0.36724864 0.93340856 -0.33133191 0.40659409 0.85141083 -0.49462259
0.92686999 -0.02837855 0.37430828 0.96178997 0.17672422 0.91271165 -0.36841009 0.92877901 -0.33118058 0.40761759 0.85098021 -0.48892912
0.92703695 -0.02801814 0.37392176 0.94988453 0.17646718 0.91247035 -0.36913033 0.92292500 -0.33085018 0.40818237 0.85083800 -0.48409855
0.92732987 -0.02794025 0.37320055 0.94040394 0.17619740 0.91236884 -0.36950992 0.91720402 -0.33017235 0.40841455 0.85098988 -0.47830600
0.92739997 -0.02790325 0.37302909 0.92778188 0.17609780 0.91236953 -0.36955568 0.91148293 -0.33002857 0.40841553 0.85104518 -0.47315517
0.92755415 -0.02812385 0.37262897 0.91675174 0.17605522 0.91245172 -0.36937302 0.90561521 -0.32961775 0.40821675 0.85129972 -0.46787828
0.92779526 -0.02842087 0.37200565 0.90653050 0.17591852 0.91261937 -0.36902379 0.89985061 -0.32901158 0.40782121 0.85172369 -0.46185273
0.92789612 -0.02845591 0.37175132 0.89480358 0.17577604 0.91270671 -0.36887565 0.89595544 -0.32880323 0.40762327 0.85189888 -0.45512551
0.92789537 -0.02873665 0.37173160 0.88081539 0.17570690 0.91307150 -0.36800479 0.89031845 -0.32884231 0.40678575 0.85228404 -0.44978461
0.92773566 -0.02879534 0.37212548 0.86543316 0.17563132 0.91341778 -0.36718060 0.88565910 -0.32933294 0.40600343 0.85246761 -0.44351321
0.92782940 -0.02923006 0.37185777 0.85344565 0.17560793 0.91376133 -0.36633603 0.88156533 -0.32908123 0.40519851 0.85294766 -0.43727091
0.92798582 -0.02970595 0.37142950 0.84171206 0.17540487 0.91429007 -0.36511203 0.87678879 -0.32874830 0.40396933 0.85365879 -0.43131080
0.92828505 -0.03040448 0.37062437 0.83182949 0.17515537 0.91492160 -0.36364689 0.87154084 -0.32803575 0.40248482 0.85463356 -0.42509547
0.92838839 -0.03114620 0.37030381 0.81930161 0.17514731 0.91553399 -0.36210625 0.86694896 -0.32774749 0.40103295 0.85542630 -0.41911262
0.92845377 -0.03163128 0.37009871 0.80583566 0.17488885 0.91624507 -0.36042872 0.86289030 -0.32770029 0.39936754 0.85622315 -0.41365895
0.92873806 -0.03284970 0.36927837 0.79479998 0.17483325 0.91716065 -0.35811965 0.85768145 -0.32692347 0.39716149 0.85754522 -0.40908620
0.92871176 -0.03350731 0.36928544 0.78103590 0.17481715 0.91784719 -0.35636429 0.85420364 -0.32700679 0.39551713 0.85827312 -0.40361062
0.92887459 -0.03444618 0.36878918 0.76817656 0.17477335 0.91861486 -0.35440233 0.85094869 -0.32656742 0.39364984 0.85929827 -0.39734584
0.92893177 -0.03528077 0.36856619 0.75422120 0.17472877 0.91940254 -0.35237597 0.84781933 -0.32642859 0.39173235 0.86022679 -0.39174467
0.92914038 -0.03618079 0.36795259 0.74171489 0.17451551 0.92027815 -0.35018919 0.84446281 -0.32594861 0.38958835 0.86138169 -0.38757217
0.92951101 -0.03714599 0.36691887 0.73166472 0.17425720 0.92108329 -0.34819534 0.84237278 -0.32502878 0.38758966 0.86263002 -0.38110274
0.92940383 -0.03759616 0.36714444 0.71529454 0.17406491 0.92185830 -0.34623502 0.84017831 -0.32543804 0.38569912 0.86332281 -0.37508827
0.92946798 -0.03860116 0.36687766 0.70068026 0.17401514 0.92279058 -0.34376777 0.83748162 -0.32528141 0.38336340 0.86442148 -0.36969194
0.92974115 -0.03959746 0.36607845 0.68778759 0.17365820 0.92384107 -0.34111655 0.83510458 -0.32469096 0.38072262 0.86580949 -0.36621186
0.93016757 -0.04055247 0.36488874 0.67683995 0.17326610 0.92472414 -0.33891610 0.83388883 -0.32367754 0.37847161 0.86717477 -0.36183238
0.93029030 -0.04132471 0.36448900 0.66262347 0.17308356 0.92551991 -0.33683078 0.83273137 -0.32342240 0.37643746 0.86815482 -0.35609439
0.93054671 -0.04257673 0.36368949 0.64899653 0.17295262 0.92655117 -0.33405138 0.83066350 -0.32275410 0.37375146 0.86956290 -0.35286629
0.93068056 -0.04363343 0.36322145 0.63417530 0.17284285 0.92750387 -0.33145427 0.82882822 -0.32242681 0.37125827 0.87075154 -0.34883353
0.93078636 -0.04442128 0.36285466 0.61869365 0.17253540 0.92846286 -0.32891982 0.82720172 -0.32228603 0.36875936 0.87186481 -0.34513804
0.93111245 -0.04514660 0.36192734 0.60612214 0.17197739 0.92941913 -0.32650248 0.82622904 -0.32164171 0.36625384 0.87315791 -0.34021032
0.93131753 -0.04623394 0.36126179 0.59225482 0.17181415 0.93037290 -0.32386132 0.82507467 -0.32113479 0.36368761 0.87441624 -0.33540860
0.93169415 -0.04737637 0.36014093 0.57957977 0.17156851 0.93129157 -0.32134133 0.82403886 -0.32017223 0.36118068 0.87580720 -0.33136949
