0.99997632 -0.00416918 0.00547565 0.01394432 0.00414626 0.99998262 0.00419044 0.00373994 -0.00549303 -0.00416764 0.99997623 -0.00883485
0.99997632 -0.00416918 0.00547565 0.01394432 0.00414626 0.99998262 0.00419044 0.00373994 -0.00549303 -0.00416764 0.99997623 -0.00883485
0.99992097 -0.00685614 0.01053775 0.02377977 0.00677282 0.99994568 0.00792292 0.00676597 -0.01059150 -0.00785092 0.99991309 -0.01529967
0.99985081 -0.00871614 0.01491253 0.03326565 0.00857410 0.99991752 0.00956239 0.01207819 -0.01499465 -0.00943310 0.99984308 -0.02106494
0.99978330 -0.00933043 0.01860920 0.04123243 0.00909482 0.99987792 0.01270582 0.01227828 -0.01872548 -0.01253382 0.99974610 -0.02645966
0.99973591 -0.01039815 0.02049361 0.05054440 0.01014888 0.99987371 0.01222975 0.01698064 -0.02061819 -0.01201853 0.99971518 -0.03225757
0.99971378 -0.01104769 0.02122049 0.06029436 0.01080837 0.99987706 0.01135955 0.02143664 -0.02134338 -0.01112694 0.99971028 -0.03793847
0.99970758 -0.01163697 0.02119752 0.06930389 0.01147652 0.99990468 0.00767534 0.02964982 -0.02128482 -0.00742982 0.99974584 -0.04308796
0.99973265 -0.01119225 0.02023257 0.07787193 0.01110425 0.99992841 0.00445651 0.03517637 -0.02028100 -0.00423065 0.99978537 -0.04803059
0.99977145 -0.01028165 0.01874416 0.08560425 0.01028734 0.99994706 -0.00020719 0.04213688 -0.01874104 0.00039997 0.99982429 -0.05222526
0.99981834 -0.00898795 0.01680808 0.09217561 0.00908252 0.99994330 -0.00555897 0.04859894 -0.01675716 0.00571062 0.99984328 -0.05643491
0.99986693 -0.00724141 0.01461764 0.09710919 0.00741209 0.99990459 -0.01165599 0.05513752 -0.01453184 0.01176279 0.99982522 -0.05997168
0.99992639 -0.00545953 0.01083505 0.10432571 0.00566329 0.99980601 -0.01886458 0.06271343 -0.01072995 0.01892456 0.99976334 -0.06385921
0.99997242 -0.00314401 0.00672821 0.11043070 0.00332283 0.99963707 -0.02673365 0.07018324 -0.00664172 0.02675527 0.99961995 -0.06711222
0.99999725 -0.00090551 0.00216266 0.11651447 0.00098137 0.99937493 -0.03533806 0.07862320 -0.00212931 0.03534008 0.99937308 -0.07013702
0.99999455 0.00152300 -0.00293089 0.12226357 -0.00165273 0.99899544 -0.04478136 0.08728553 0.00285975 0.04478596 0.99899251 -0.07289151
0.99995801 0.00415577 -0.00816753 0.12680228 -0.00459210 0.99852222 -0.05415053 0.09471941 0.00793042 0.05418576 0.99849938 -0.07526083
0.99987267 0.00664493 -0.01450827 0.13351056 -0.00756973 0.99787945 -0.06464760 0.10382223 0.01404792 0.06474919 0.99780269 -0.07791976
0.99974111 0.00917689 -0.02082042 0.13898954 -0.01072086 0.99710328 -0.07530016 0.11254264 0.02006909 0.07550388 0.99694353 -0.07962115
0.99957937 0.01154021 -0.02660636 0.14155242 -0.01380551 0.99614806 -0.08659355 0.12071294 0.02550456 0.08692445 0.99588838 -0.08170860
0.99937624 0.01387942 -0.03247305 0.14432605 -0.01698409 0.99510290 -0.09737433 0.12825327 0.03096253 0.09786512 0.99471792 -0.08357459
0.99910412 0.01559780 -0.03934051 0.14900330 -0.01982885 0.99378204 -0.10956309 0.13820411 0.03738695 0.11024502 0.99320101 -0.08539288
0.99881115 0.01777615 -0.04539053 0.15128921 -0.02316432 0.99237149 -0.12108775 0.14678256 0.04289180 0.12199523 0.99160348 -0.08642375
0.99843787 0.01971598 -0.05227905 0.15559018 -0.02652681 0.99076521 -0.13296856 0.15618217 0.04917466 0.13414764 0.98974050 -0.08715818
0.99803845 0.02108965 -0.05894466 0.15975043 -0.02948430 0.98893444 -0.14539378 0.16648370 0.05522610 0.14684653 0.98761641 -0.08817256
0.99757135 0.02281758 -0.06580847 0.16447660 -0.03298079 0.98692792 -0.15775153 0.17745653 0.06134871 0.15953882 0.98528356 -0.08835370
0.99713611 0.02390453 -0.07175063 0.16760871 -0.03579650 0.98490744 -0.16933973 0.18595332 0.06661974 0.17142318 0.98294247 -0.08948871
0.99667378 0.02472319 -0.07765396 0.17092012 -0.03848642 0.98271256 -0.18109340 0.19546887 0.07183431 0.18347967 0.98039535 -0.08987116
0.99621070 0.02544379 -0.08316767 0.17416580 -0.04114768 0.98034328 -0.19296094 0.20607118 0.07662321 0.19565191 0.97767541 -0.08986961
0.99578808 0.02552208 -0.08806090 0.17644104 -0.04313331 0.97795434 -0.20431552 0.21533962 0.08090498 0.20725332 0.97493612 -0.08993857
0.99532997 0.02578959 -0.09302229 0.18042482 -0.04541817 0.97543846 -0.21553884 0.22588637 0.08517886 0.21875717 0.97205445 -0.08981369
0.99499002 0.02586271 -0.09657107 0.18133666 -0.04722351 0.97298733 -0.22597699 0.23501886 0.08811805 0.22940528 0.96933401 -0.08930855
0.99463538 0.02590035 -0.10014801 0.18437053 -0.04907057 0.97042056 -0.23638109 0.24561551 0.09106333 0.24002732 0.96648557 -0.08874534
0.99436442 0.02533126 -0.10294524 0.18694018 -0.05012796 0.96797019 -0.24600996 0.25500920 0.09341618 0.24978399 0.96378492 -0.08841094
0.99416141 0.02509283 -0.10494493 0.18885505 -0.05126600 0.96564399 -0.25476160 0.26391983 0.09494675 0.25865426 0.96129241 -0.08766691
0.99400997 0.02437852 -0.10653575 0.19170538 -0.05189544 0.96318162 -0.26379541 0.27446330 0.09618234 0.26774399 0.95867727 -0.08658999
0.99397245 0.02354834 -0.10707123 0.19381188 -0.05203780 0.96096411 -0.27173524 0.28413919 0.09649270 0.27566909 0.95639726 -0.08544564
0.99398367 0.02269819 -0.10715064 0.19708785 -0.05201112 0.95877065 -0.27938089 0.29460818 0.09639144 0.28327306 0.95418293 -0.08418553
0.99407724 0.02149187 -0.10652949 0.20112406 -0.05138231 0.95671342 -0.28645993 0.30555400 0.09576163 0.29023703 0.95215134 -0.08305615
0.99425086 0.02035809 -0.10512264 0.20521581 -0.05053649 0.95475232 -0.29307691 0.31674540 0.09439960 0.29670450 0.95029214 -0.08172776
0.99451466 0.01912142 -0.10283463 0.20892844 -0.04917915 0.95318108 -0.29837434 0.32605335 0.09231468 0.30179497 0.94889293 -0.08132143
0.99487765 0.01795829 -0.09947844 0.21173298 -0.04747604 0.95181385 -0.30297923 0.33448213 0.08924396 0.30615010 0.94779092 -0.08036733
0.99528778 0.01683801 -0.09549194 0.21477284 -0.04556429 0.95052114 -0.30730026 0.34252945 0.08559278 0.31020322 0.94680929 -0.07906382
0.99570406 0.01588080 -0.09122072 0.21886091 -0.04367805 0.94924012 -0.31150508 0.35216615 0.08164342 0.31415122 0.94585589 -0.07748333
0.99613279 0.01465555 -0.08662960 0.22339767 -0.04137633 0.94806021 -0.31538839 0.36175445 0.07750789 0.31775313 0.94500025 -0.07641049
0.99659860 0.01348502 -0.08129807 0.22734664 -0.03879031 0.94716004 -0.31840723 0.36957505 0.07270855 0.32047778 0.94446147 -0.07495372
0.99705395 0.01238118 -0.07569765 0.23218338 -0.03616494 0.94618877 -0.32158810 0.37853116 0.06764263 0.32337829 0.94384901 -0.07346660
0.99750900 0.01118289 -0.06964722 0.23671442 -0.03326535 0.94524437 -0.32466368 0.38764119 0.06220297 0.32617178 0.94326177 -0.07172725
0.99789110 0.00988279 -0.06415363 0.24490945 -0.03041552 0.94431502 -0.32763400 0.39722767 0.05734329 0.32889431 0.94262414 -0.07171162
0.99828640 0.00866986 -0.05787134 0.25091130 -0.02732275 0.94360051 -0.32995688 0.40527511 0.05174675 0.33097267 0.94222045 -0.07042084
0.99868414 0.00740692 -0.05074572 0.25508463 -0.02390744 0.94265508 -0.33291115 0.41480377 0.04536986 0.33368629 0.94159176 -0.06747389
0.99901212 0.00608462 -0.04402000 0.26148993 -0.02053315 0.94170094 -0.33582397 0.42449728 0.03941032 0.33639608 0.94089559 -0.06592203
0.99930091 0.00515726 -0.03702826 0.26749304 -0.01735718 0.94122485 -0.33733442 0.43013576 0.03311220 0.33774130 0.94065637 -0.06523363
0.99952731 0.00398288 -0.03048442 0.27550063 -0.01408269 0.94074050 -0.33883476 0.43526602 0.02732839 0.33910390 0.94035190 -0.06529219
0.99972693 0.00299781 -0.02317501 0.28130451 -0.01072498 0.93997868 -0.34106458 0.44143334 0.02076157 0.34122000 0.93975415 -0.06310884
0.99985498 0.00193299 -0.01691983 0.29049331 -0.00764090 0.93883884 -0.34427207 0.45083576 0.01521952 0.34435143 0.93871746 -0.06111757
0.99995048 0.00092359 -0.00990917 0.29695535 -0.00429930 0.93807129 -0.34641559 0.45629758 0.00897556 0.34644104 0.93802881 -0.06028818
0.99999372 -0.00047567 -0.00351211 0.30589542 -0.00078201 0.93691624 -0.34955307 0.46324527 0.00345682 0.34955362 0.93690998 -0.06006103
0.99999481 -0.00144815 0.00287681 0.31381556 0.00236886 0.93587640 -0.35232053 0.46809241 -0.00218212 0.35232552 0.93587497 -0.05869906
0.99996335 -0.00210281 0.00829910 0.32410941 0.00491683 0.93461794 -0.35561936 0.47396916 -0.00700868 0.35564713 0.93459403 -0.05744489
0.99990090 -0.00277754 0.01380109 0.33342081 0.00755408 0.93311215 -0.35950613 0.47956276 -0.01187942 0.35957476 0.93304066 -0.05632203
0.99980644 -0.00344891 0.01936970 0.34196144 0.01025741 0.93149975 -0.36359732 0.48459697 -0.01678886 0.36372562 0.93135482 -0.05537409
0.99967526 -0.00347451 0.02524480 0.34949362 0.01252533 0.92972847 -0.36803273 0.48878673 -0.02219208 0.36822942 0.92947007 -0.05281553
0.99953977 -0.00385840 0.03008924 0.35900044 0.01480281 0.92780868 -0.37276258 0.49360958 -0.02647879 0.37303642 0.92743879 -0.05194655
0.99939577 -0.00462552 0.03444849 0.37002987 0.01729830 0.92583532 -0.37753109 0.49758780 -0.03014735 0.37789887 0.92535592 -0.05224952
0.99926073 -0.00510211 0.03810450 0.38250545 0.01931790 0.92357433 -0.38293246 0.50204068 -0.03323858 0.38338547 0.92299013 -0.05312900
0.99912633 -0.00530983 0.04145326 0.39555380 0.02101314 0.92122276 -0.38846759 0.50682509 -0.03612499 0.38899927 0.92052950 -0.05320746
0.99893022 -0.00526680 0.04594202 0.40392861 0.02294378 0.91903180 -0.39351511 0.50843698 -0.04014962 0.39414822 0.91816948 -0.05332465
0.99875387 -0.00506814 0.04964902 0.41465771 0.02450074 0.91648886 -0.39930926 0.51229203 -0.04347902 0.40002811 0.91547097 -0.05282079
0.99855936 -0.00458097 0.05346235 0.42423308 0.02588766 0.91385243 -0.40522039 0.51539236 -0.04700039 0.40602062 0.91265449 -0.05117058
0.99839843 -0.00468165 0.05637956 0.43568164 0.02749477 0.91111487 -0.41123441 0.51841426 -0.04944301 0.41212593 0.90978437 -0.05176444
0.99822940 -0.00467370 0.05929781 0.44737485 0.02901247 0.90853871 -0.41679214 0.51990789 -0.05192639 0.41777454 0.90706564 -0.05404035
0.99807825 -0.00467069 0.06178997 0.45968640 0.03041254 0.90572039 -0.42278322 0.52239698 -0.05398975 0.42384993 0.90412186 -0.05588287
0.99790609 -0.00471046 0.06450774 0.47076368 0.03201658 0.90255813 -0.42937601 0.52601850 -0.05619942 0.43054225 0.90081907 -0.05642718
0.99771182 -0.00421370 0.06747867 0.47971377 0.03319588 0.90000189 -0.43462011 0.52501982 -0.05889957 0.43586563 0.89808240 -0.05819593
0.99754431 -0.00394719 0.06992694 0.49084798 0.03443484 0.89704523 -0.44059516 0.52677375 -0.06098852 0.44192112 0.89497828 -0.05888900
0.99744053 -0.00375443 0.07140232 0.50467938 0.03537715 0.89373392 -0.44720033 0.53123623 -0.06213569 0.44858175 0.89157926 -0.06039848
0.99725741 -0.00341307 0.07393250 0.51424909 0.03660280 0.89096458 -0.45259512 0.53206086 -0.06432650 0.45405998 0.88864596 -0.06321638
0.99706204 -0.00264791 0.07655241 0.52301902 0.03753439 0.88808160 -0.45815090 0.53298008 -0.06677165 0.45967822 0.88557184 -0.06538676
0.99689882 -0.00206988 0.07866680 0.53284830 0.03841831 0.88523184 -0.46356080 0.53427225 -0.06867884 0.46514546 0.88256610 -0.06693722
0.99674727 -0.00153316 0.08057618 0.54287690 0.03919819 0.88280907 -0.46809363 0.53289992 -0.07041572 0.46972949 0.87999763 -0.07238036
0.99660761 -0.00152862 0.08228574 0.55335546 0.04026603 0.88104431 -0.47131684 0.52843535 -0.07177692 0.47303127 0.87811702 -0.08076836
0.99643311 -0.00107357 0.08437954 0.56181723 0.04127694 0.87833417 -0.47626180 0.53017771 -0.07360213 0.47804595 0.87524556 -0.08351471
0.99628210 -0.00070110 0.08614802 0.57143354 0.04218509 0.87585178 -0.48073286 0.53081799 -0.07511586 0.48257971 0.87262503 -0.08927184
0.99610028 -0.00028318 0.08822786 0.57979232 0.04315727 0.87375659 -0.48444491 0.52974653 -0.07695249 0.48636339 0.87036140 -0.09413089
0.99590538 0.00059423 0.09039974 0.58657211 0.04378468 0.87169326 -0.48809196 0.52958661 -0.07909088 0.49005153 0.86809799 -0.09680542
0.99577287 0.00097932 0.09184464 0.59612036 0.04451118 0.86953660 -0.49185858 0.53202116 -0.08034396 0.49386754 0.86581736 -0.10095291
0.99552345 0.00129071 0.09450604 0.60074532 0.04580462 0.86804983 -0.49435961 0.53082114 -0.08267403 0.49647540 0.86410485 -0.10678446
0.99534871 0.00136030 0.09632804 0.60803276 0.04686712 0.86676280 -0.49651356 0.53054851 -0.08416897 0.49871875 0.86266749 -0.11208709
0.99510592 0.00173361 0.09879877 0.61287487 0.04794793 0.86577823 -0.49812553 0.52887154 -0.08640138 0.50042486 0.86145792 -0.11781829
0.99489307 0.00193495 0.10091596 0.61821073 0.04897788 0.86496324 -0.49943945 0.52871227 -0.08825498 0.50183150 0.86045116 -0.12433315
0.99469737 0.00216417 0.10282246 0.62462503 0.04980760 0.86457314 -0.50003250 0.52749354 -0.08997970 0.50250235 0.85988083 -0.13278469
0.99447320 0.00211358 0.10496943 0.62965292 0.05102020 0.86408104 -0.50076032 0.52851069 -0.09176049 0.50334828 0.85919760 -0.13854371
0.99429347 0.00212031 0.10665837 0.63663542 0.05187465 0.86402824 -0.50076364 0.52875024 -0.09321762 0.50343888 0.85898764 -0.14696254
0.99407932 0.00196098 0.10863915 0.64100301 0.05291589 0.86452259 -0.49980057 0.52769923 -0.09490110 0.50259015 0.85930025 -0.15493663
0.99384773 0.00153393 0.11074448 0.64472657 0.05418576 0.86533172 -0.49826189 0.52678514 -0.09659501 0.50119722 0.85992485 -0.16453953
0.99370513 0.00120043 0.11202087 0.65120494 0.05487182 0.86656503 -0.49603844 0.52487642 -0.09766883 0.49906273 0.86104424 -0.17341629
0.99351938 0.00085896 0.11365962 0.65544510 0.05566925 0.86814660 -0.49317584 0.52304220 -0.09909683 0.49630710 0.86247266 -0.18358320
0.99336052 0.00046732 0.11504196 0.66034687 0.05628920 0.87014031 -0.48957876 0.52070481 -0.10033143 0.49280383 0.86433673 -0.19426747
0.99305345 0.00031348 0.11766369 0.66007310 0.05723636 0.87242473 -0.48538550 0.51731682 -0.10280487 0.48874839 0.86634645 -0.20358776
0.99279704 -0.00015105 0.11980828 0.66149056 0.05819721 0.87470376 -0.48115114 0.51592416 -0.10472407 0.48465793 0.86841209 -0.21367261
0.99250507 -0.00027278 0.12220315 0.66124249 0.05893237 0.87710093 -0.47667697 0.51434374 -0.10705447 0.48030603 0.87054320 -0.22189645
0.99233753 -0.00076068 0.12355420 0.66421044 0.05935380 0.87997994 -0.47128806 0.51160944 -0.10836672 0.47501024 0.87328227 -0.23277418
0.99216388 -0.00144141 0.12493502 0.66631168 0.05994551 0.88282121 -0.46586827 0.50987411 -0.10962378 0.46970697 0.87598972 -0.24298400
0.99193207 -0.00252103 0.12674550 0.66712207 0.06101645 0.88586937 -0.45990484 0.50861406 -0.11112053 0.46392791 0.87887605 -0.25381365
0.99184227 -0.00306991 0.12743428 0.67136443 0.06110090 0.88882936 -0.45414650 0.50822753 -0.11187314 0.45822804 0.88176610 -0.26446083
0.99177823 -0.00425569 0.12789772 0.67604119 0.06165418 0.89169160 -0.44842486 0.50936341 -0.11213697 0.45262345 0.88462270 -0.27496180
0.99167436 -0.00554732 0.12865144 0.67891359 0.06243717 0.89448817 -0.44271041 0.51050788 -0.11262134 0.44705720 0.88738734 -0.28445333
0.99153971 -0.00626606 0.12965236 0.68060988 0.06252789 0.89836546 -0.43477554 0.50519586 -0.11375087 0.43920410 0.89115683 -0.29852659
0.99147240 -0.00708111 0.13012428 0.68374264 0.06260508 0.90163165 -0.42794972 0.50373906 -0.11429381 0.43244678 0.89438622 -0.31004217
0.99147368 -0.00841888 0.13003487 0.68932074 0.06296504 0.90463081 -0.42151928 0.50508368 -0.11408483 0.42611292 0.89744773 -0.32139346
0.99138735 -0.00919731 0.13063895 0.69151038 0.06309305 0.90767914 -0.41489498 0.50526738 -0.11476233 0.41956404 0.90044190 -0.33181801
0.99124503 -0.00973429 0.13167589 0.69175339 0.06312843 0.91084597 -0.40789020 0.50407946 -0.11596593 0.41263162 0.90348605 -0.34169289
0.99116931 -0.01042215 0.13219220 0.69413847 0.06309102 0.91390297 -0.40099985 0.50410867 -0.11663157 0.40579889 0.90649012 -0.35037810
0.99120315 -0.01190271 0.13181291 0.69958532 0.06337593 0.91702365 -0.39376531 0.50306594 -0.11618868 0.39865518 0.90971107 -0.36179075
0.99124674 -0.01333794 0.13134690 0.70562011 0.06359146 0.92010424 -0.38647680 0.50260967 -0.11569804 0.39144641 0.91289850 -0.37411028
0.99135739 -0.01419271 0.13041894 0.71344757 0.06308030 0.92323428 -0.37902419 0.50100428 -0.11502785 0.38397530 0.91615041 -0.38638222
0.99142007 -0.01530796 0.12981488 0.72000450 0.06287316 0.92653589 -0.37091536 0.49711204 -0.11460019 0.37589481 0.91954874 -0.39871889
0.99147703 -0.01635135 0.12925143 0.72615641 0.06270461 0.92951649 -0.36341054 0.49526000 -0.11419909 0.36841787 0.92261956 -0.40864035
0.99137975 -0.01732692 0.12986904 0.72771788 0.06300133 0.93214294 -0.35656750 0.49470776 -0.11487830 0.36167572 0.92519925 -0.41433874
0.99125248 -0.01811151 0.13073065 0.72842890 0.06310102 0.93502637 -0.34891825 0.49083778 -0.11591717 0.35411532 0.92799006 -0.42134720
0.99109979 -0.01901776 0.13175557 0.72892159 0.06330709 0.93799419 -0.34082122 0.48534620 -0.11710431 0.34612890 0.93084981 -0.43013069
0.99108182 -0.02016382 0.13172036 0.73373300 0.06347235 0.94057898 -0.33359022 0.48255384 -0.11716694 0.33897580 0.93347057 -0.43643984
0.99109225 -0.02146257 0.13143630 0.73928094 0.06366873 0.94319729 -0.32607539 0.47884104 -0.11697194 0.33153917 0.93616203 -0.44214219
0.99113410 -0.02257504 0.13093343 0.74648273 0.06360380 0.94582368 -0.31838989 0.47384176 -0.11665227 0.32389494 0.93887396 -0.44832468
0.99094408 -0.02324408 0.13224802 0.74669254 0.06361921 0.94861417 -0.30997379 0.46509337 -0.11824729 0.31558021 0.94150237 -0.45129913
0.99090276 -0.02467539 0.13229832 0.75210965 0.06401537 0.95113379 -0.30207043 0.45790935 -0.11837969 0.30779155 0.94406070 -0.45483971
0.99077687 -0.02586924 0.13301119 0.75517249 0.06434635 0.95369192 -0.29382184 0.44910944 -0.11925075 0.29967066 0.94656049 -0.45759144
0.99080176 -0.02731948 0.13253497 0.76331455 0.06466471 0.95593388 -0.28637195 0.44283855 -0.11887114 0.29230817 0.94890758 -0.45986477
0.99053749 -0.02857035 0.13423568 0.76324147 0.06539068 0.95818232 -0.27858697 0.43363190 -0.12066293 0.28472860 0.95098374 -0.45875803
0.99027642 -0.02983084 0.13587764 0.76377952 0.06606903 0.96040456 -0.27066208 0.42386571 -0.12242343 0.27700758 0.95303689 -0.45781574
0.98999463 -0.03105345 0.13764559 0.76426488 0.06669194 0.96262474 -0.26249913 0.41260609 -0.12434954 0.26905258 0.95506434 -0.45676580
0.98984231 -0.03240861 0.13842643 0.76910067 0.06721427 0.96466035 -0.25477960 0.40334207 -0.12527744 0.26149586 0.95703996 -0.45329094
0.98959764 -0.03373760 0.13985091 0.77184200 0.06785869 0.96664115 -0.24698193 0.39273486 -0.12685307 0.25390284 0.95887520 -0.44937527
0.98940194 -0.03502257 0.14091567 0.77552474 0.06838026 0.96850888 -0.23940485 0.38281122 -0.12809350 0.24650347 0.96063942 -0.44529146
0.98919696 -0.03666465 0.14193337 0.77950650 0.06927198 0.97020767 -0.23216044 0.37300968 -0.12919276 0.23948441 0.96226631 -0.44047016
0.98897488 -0.03804400 0.14311304 0.78335088 0.06996917 0.97180099 -0.22518250 0.36346626 -0.13051055 0.23271334 0.96374867 -0.43508038
0.98872095 -0.03940853 0.14449171 0.78713745 0.07068202 0.97334311 -0.21819086 0.35386136 -0.13204143 0.22594284 0.96515019 -0.42992330
0.98842534 -0.04089867 0.14609123 0.79039609 0.07161067 0.97472342 -0.21162743 0.34495214 -0.13374327 0.21963961 0.96637011 -0.42323777
0.98814586 -0.04238536 0.14755080 0.79466480 0.07254730 0.97596595 -0.20549297 0.33727992 -0.13529467 0.21376144 0.96747165 -0.41649234
0.98792998 -0.04386220 0.14856130 0.80096537 0.07340698 0.97711034 -0.19966674 0.32992914 -0.13640296 0.20816220 0.96853639 -0.41034698
0.98770073 -0.04536389 0.14963084 0.80685622 0.07428953 0.97822237 -0.19380935 0.32189053 -0.13758029 0.20254164 0.96956101 -0.40405279
0.98729131 -0.04680408 0.15187245 0.80897313 0.07536510 0.97924461 -0.18814912 0.31405312 -0.13991413 0.19720388 0.97032709 -0.39860636
0.98683063 -0.04800081 0.15447083 0.80991280 0.07633202 0.98013117 -0.18307459 0.30732492 -0.14261395 0.19245469 0.97088746 -0.39150184
0.98641895 -0.04943611 0.15663247 0.81347865 0.07744745 0.98095428 -0.17813085 0.30103290 -0.14484319 0.18784243 0.97146059 -0.38593677
0.98616813 -0.05073938 0.15779082 0.82123369 0.07837804 0.98158407 -0.17421138 0.29771337 -0.14604557 0.18416905 0.97198377 -0.38152590
0.98579743 -0.05211150 0.15964904 0.82748473 0.07948848 0.98219436 -0.17022285 0.29409555 -0.14793582 0.18049550 0.97238694 -0.37738645
0.98538137 -0.05329073 0.16181362 0.83152604 0.08062146 0.98259548 -0.16735086 0.29244524 -0.15007908 0.17795007 0.97252766 -0.37044266
0.98486577 -0.05442425 0.16455215 0.83437425 0.08177654 0.98301142 -0.16432024 0.29016674 -0.15281364 0.17528989 0.97258493 -0.36499885
0.98452408 -0.05550090 0.16622872 0.84189415 0.08280256 0.98329231 -0.16211096 0.29023305 -0.15445412 0.17336630 0.97267058 -0.36056873
0.98401851 -0.05657605 0.16883933 0.84645951 0.08398414 0.98355518 -0.15989334 0.28978232 -0.15701666 0.17151783 0.97258799 -0.35705239
0.98374379 -0.05747855 0.17013048 0.85606563 0.08497673 0.98360687 -0.15904869 0.29373831 -0.15819962 0.17092029 0.97250148 -0.35141253
0.98344977 -0.05840461 0.17150932 0.86540687 0.08598709 0.98367460 -0.15808386 0.29674408 -0.15947654 0.17021512 0.97241660 -0.34754270
0.98288116 -0.05908314 0.17451018 0.86931795 0.08697419 0.98379668 -0.15677876 0.29816353 -0.16241955 0.16927277 0.97209393 -0.34469718
0.98236919 -0.05979625 0.17713044 0.87453729 0.08802603 0.98381505 -0.15607489 0.30145326 -0.16493090 0.16891525 0.97173321 -0.34151274
0.98183814 -0.06061894 0.17977544 0.87999290 0.08926602 0.98374496 -0.15581220 0.30624580 -0.16740801 0.16903020 0.97128953 -0.33767992
0.98145991 -0.06153158 0.18152220 0.88964397 0.09048736 0.98363168 -0.15582281 0.31179544 -0.16896296 0.16935931 0.97096290 -0.33469045
0.98097485 -0.06214213 0.18392034 0.89632720 0.09153377 0.98352176 -0.15590549 0.31736079 -0.17120136 0.16977428 0.97049822 -0.33199608
0.98076206 -0.06283928 0.18481616 0.90852529 0.09249747 0.98333527 -0.15651189 0.32447821 -0.17190116 0.17059595 0.97023039 -0.33032680
0.98026419 -0.06353196 0.18720525 0.91530287 0.09367251 0.98317201 -0.15683832 0.33084661 -0.17409071 0.17127897 0.96971951 -0.32895848
0.97973382 -0.06396638 0.18981554 0.92079794 0.09473848 0.98292309 -0.15775558 0.33910707 -0.17648303 0.17254132 0.96906307 -0.32608670
0.97932136 -0.06445480 0.19176876 0.92871571 0.09579705 0.98262859 -0.15894648 0.34817076 -0.17819260 0.17403056 0.96848374 -0.32288629
0.97869093 -0.06465621 0.19489391 0.93228626 0.09670284 0.98241923 -0.15969039 0.35572779 -0.18114255 0.17513433 0.96773723 -0.31956980
0.97836191 -0.06494943 0.19644220 0.94138664 0.09748197 0.98216655 -0.16076730 0.36502391 -0.18249721 0.17643818 0.96724575 -0.31797108
0.97765270 -0.06551317 0.19975789 0.94337857 0.09876468 0.98194593 -0.16133112 0.37278649 -0.18558213 0.17745483 0.96647248 -0.31707871
0.97727859 -0.06588069 0.20146042 0.95163661 0.09961432 0.98171878 -0.16218886 0.38191119 -0.18709236 0.17857204 0.96597540 -0.31672737
0.97720560 -0.06617247 0.20171868 0.96456522 0.10017382 0.98147503 -0.16331554 0.39246613 -0.18717486 0.17979980 0.96573164 -0.31691983
0.97697420 -0.06671826 0.20265758 0.97459632 0.10103907 0.98126525 -0.16404153 0.40231267 -0.18791627 0.18074067 0.96541198 -0.31754094
0.97683707 -0.06682538 0.20328231 0.98551381 0.10141828 0.98109387 -0.16483069 0.41281560 -0.18842416 0.18162927 0.96514618 -0.31731737
0.97670808 -0.06703987 0.20383079 0.99508452 0.10191414 0.98089036 -0.16573357 0.42400503 -0.18882490 0.18264655 0.96487584 -0.31624955
0.97626290 -0.06727034 0.20587729 0.99836367 0.10255991 0.98080188 -0.16585877 0.43281457 -0.19076746 0.18303652 0.96441973 -0.31438375
0.97588754 -0.06740361 0.20760601 1.00267231 0.10306800 0.98071110 -0.16608049 0.44350356 -0.19240709 0.18347342 0.96401090 -0.31276119
0.97563008 -0.06751865 0.20877545 1.00795531 0.10338496 0.98069668 -0.16596860 0.45368144 -0.19353941 0.18350820 0.96377759 -0.31210557
0.97558415 -0.06764193 0.20895006 1.01721787 0.10349042 0.98072921 -0.16571041 0.46569026 -0.19371446 0.18328878 0.96378417 -0.31210995
0.97563669 -0.06782187 0.20864620 1.02624881 0.10345081 0.98086980 -0.16490109 0.47594979 -0.19347086 0.18246817 0.96398879 -0.31272605
0.97580087 -0.06807869 0.20779304 1.03638160 0.10344386 0.98095693 -0.16438636 0.48855391 -0.19264481 0.18190326 0.96426095 -0.31287986
0.97572872 -0.06833226 0.20804845 1.04110157 0.10336091 0.98128727 -0.16245559 0.49781871 -0.19305434 0.18001667 0.96453306 -0.31390020
0.97580257 -0.06870048 0.20758031 1.04779899 0.10318132 0.98168642 -0.16014175 0.50711995 -0.19277696 0.17768514 0.96502074 -0.31459734
0.97621678 -0.06912168 0.20548233 1.05929506 0.10280747 0.98206131 -0.15807028 0.51886773 -0.19087016 0.17543597 0.96581096 -0.31415480
0.97629828 -0.06937571 0.20500897 1.06326830 0.10235665 0.98260915 -0.15492698 0.52724713 -0.19069552 0.17223897 0.96642069 -0.31361243
0.97665184 -0.06986845 0.20314916 1.07202995 0.10188726 0.98316232 -0.15169322 0.53711724 -0.18913003 0.16884977 0.96732600 -0.31446412
0.97708672 -0.07011952 0.20095967 1.08155417 0.10125459 0.98362413 -0.14910089 0.54941642 -0.18721390 0.16603259 0.96818600 -0.31262165
0.97741130 -0.07044745 0.19925939 1.08871186 0.10056297 0.98426359 -0.14530066 0.55863583 -0.18588770 0.16205662 0.96911476 -0.31357038
0.97766760 -0.07065480 0.19792414 1.09466660 0.09983598 0.98488129 -0.14156843 0.56821382 -0.18492930 0.15816681 0.96994042 -0.31332830
0.97790552 -0.07097663 0.19662937 1.10069036 0.09913639 0.98555800 -0.13728585 0.57638752 -0.18404556 0.15374572 0.97081898 -0.31410238
0.97821564 -0.07095151 0.19508986 1.10780859 0.09818805 0.98614790 -0.13368404 0.58603597 -0.18290237 0.14992731 0.97163189 -0.31314349
0.97858807 -0.07168514 0.19294206 1.11795425 0.09794629 0.98663744 -0.13020400 0.59729040 -0.18103017 0.14631404 0.97253292 -0.31306389
0.97880942 -0.07231455 0.19157953 1.12615597 0.09769658 0.98713925 -0.12653651 0.60743070 -0.17996524 0.14257179 0.97328608 -0.31334332
0.97881016 -0.07342432 0.19115316 1.13126457 0.09795383 0.98765927 -0.12220564 0.61482716 -0.17982133 0.13834031 0.97392312 -0.31496465
0.97880530 -0.07418714 0.19088333 1.13683999 0.09787501 0.98820050 -0.11781447 0.62192619 -0.17989068 0.13400013 0.97451696 -0.31721029
0.97869191 -0.07502922 0.19113543 1.14064610 0.09815402 0.98855825 -0.11453550 0.63095045 -0.18035500 0.13085568 0.97485838 -0.31694141
0.97849999 -0.07556870 0.19190398 1.14473987 0.09836518 0.98880755 -0.11217810 0.64203042 -0.18127895 0.12864294 0.97498151 -0.31387916
0.97828893 -0.07620977 0.19272476 1.15074944 0.09857310 0.98911609 -0.10923694 0.65008688 -0.18230224 0.12586277 0.97515355 -0.31396988
0.97788443 -0.07695368 0.19447408 1.15567887 0.09900187 0.98939186 -0.10631260 0.65782619 -0.18422993 0.12321473 0.97512946 -0.31668165
0.97715234 -0.07807278 0.19768143 1.15694606 0.10007057 0.98954678 -0.10384145 0.66525680 -0.18750783 0.12125101 0.97475074 -0.31746566
0.97657179 -0.07944835 0.19998877 1.16281068 0.10152376 0.98952285 -0.10265215 0.67566806 -0.18973791 0.12055080 0.97440599 -0.31685951
0.97566954 -0.08106986 0.20370720 1.16528642 0.10323792 0.98955107 -0.10065094 0.68246895 -0.19341892 0.11923236 0.97384432 -0.31936294
0.97464765 -0.08314420 0.20772336 1.16788471 0.10551746 0.98947293 -0.09904234 0.68952185 -0.19730184 0.11844983 0.97316063 -0.32268283
0.97375058 -0.08506878 0.21112343 1.17430162 0.10780396 0.98926994 -0.09860671 0.69913208 -0.20046971 0.11877828 0.97247294 -0.32411185
0.97257564 -0.08698578 0.21570838 1.17800057 0.11013346 0.98910306 -0.09770234 0.70616168 -0.20485910 0.11877963 0.97155759 -0.32765520
0.97132161 -0.08867954 0.22061341 1.18148589 0.11234498 0.98891126 -0.09712424 0.71286440 -0.20955416 0.11912368 0.97051358 -0.33136621
0.96971327 -0.09041396 0.22689532 1.18029368 0.11489628 0.98862055 -0.09709920 0.71985960 -0.21553425 0.12022781 0.96906670 -0.33327460
0.96838180 -0.09203464 0.23187566 1.18522847 0.11733171 0.98826989 -0.09775422 0.72827280 -0.22015896 0.12186977 0.96782116 -0.33734700
0.96699790 -0.09368321 0.23693570 1.19087732 0.12002616 0.98779307 -0.09929030 0.73828489 -0.22474161 0.12445199 0.96643826 -0.34026566
0.96525259 -0.09576865 0.24313743 1.19262815 0.12333773 0.98723298 -0.10079111 0.74744612 -0.23038066 0.12727690 0.96474107 -0.34400570
0.96380608 -0.09748943 0.24814040 1.19906640 0.12632216 0.98662487 -0.10302462 0.75776130 -0.23477767 0.13064139 0.96323012 -0.34770137
0.96195075 -0.09863942 0.25479602 1.19976532 0.12932980 0.98585354 -0.10661423 0.77066314 -0.24067519 0.13551035 0.96109958 -0.34609944
0.95951103 -0.10028270 0.26321466 1.19353998 0.13243211 0.98536204 -0.10734702 0.77322173 -0.24859669 0.13785873 0.95874640 -0.35155031
0.95779429 -0.10206738 0.26872354 1.19789338 0.13572334 0.98464834 -0.10975801 0.77988428 -0.25339547 0.14159765 0.95694349 -0.35977894
0.95578305 -0.10301803 0.27543792 1.19892097 0.13821067 0.98410331 -0.11152797 0.78653026 -0.25956997 0.14466500 0.95482745 -0.36477098
0.95379971 -0.10380505 0.28194080 1.20021653 0.14107610 0.98326900 -0.11523716 0.79627866 -0.26526145 0.14968828 0.95248610 -0.37075946
0.95173141 -0.10480399 0.28848475 1.20100152 0.14417922 0.98239928 -0.11876027 0.80448127 -0.27096066 0.15462139 0.95009081 -0.37680358
0.94974704 -0.10534631 0.29475875 1.20217502 0.14702037 0.98146316 -0.12294338 0.81384861 -0.27634322 0.16010065 0.94762978 -0.38312319
0.94774939 -0.10606379 0.30086802 1.20340323 0.15014545 0.98042905 -0.12733903 0.82335287 -0.28147369 0.16585946 0.94512603 -0.39006650
0.94573822 -0.10628603 0.30705456 1.20342827 0.15283948 0.97943311 -0.13172276 0.83190370 -0.28673911 0.17150531 0.94253202 -0.39707050
0.94374220 -0.10630453 0.31312939 1.20346129 0.15543010 0.97839942 -0.13629398 0.84048700 -0.29187695 0.17729612 0.93987974 -0.40425307
0.94184865 -0.10631014 0.31877778 1.20402730 0.15817629 0.97722778 -0.14144304 0.84971911 -0.29648167 0.18364102 0.93721641 -0.41195983
0.93985044 -0.10629720 0.32462602 1.20368207 0.16094848 0.97604853 -0.14637234 0.85780430 -0.30129178 0.18981617 0.93444801 -0.41892973
0.93809787 -0.10559081 0.32988327 1.20355964 0.16322837 0.97478354 -0.15216292 0.86735034 -0.30549777 0.19659002 0.93167777 -0.42669991
0.93637994 -0.10462074 0.33503301 1.20301330 0.16532416 0.97348931 -0.15807115 0.87692219 -0.30961353 0.20340370 0.92885219 -0.43445522
0.93474649 -0.10367097 0.33985485 1.20211411 0.16740675 0.97217120 -0.16388451 0.88555098 -0.31340704 0.21008447 0.92608884 -0.44184053
0.93315203 -0.10251885 0.34455360 1.20046091 0.16930859 0.97084846 -0.16966992 0.89336210 -0.31711496 0.21666371 0.92330652 -0.44955727
0.93173396 -0.10107959 0.34879041 1.19904315 0.17090858 0.96951502 -0.17558726 0.90023601 -0.32040925 0.22321188 0.92060543 -0.45634156
0.93044711 -0.09954234 0.35264643 1.19768083 0.17243661 0.96811786 -0.18169597 0.90743172 -0.32331686 0.22986764 0.91794721 -0.46326649
0.92919103 -0.09788910 0.35640112 1.19553685 0.17391692 0.96666310 -0.18792381 0.91467130 -0.32612412 0.23660130 0.91523925 -0.47055358
0.92809521 -0.09568765 0.35983769 1.19316268 0.17493933 0.96516693 -0.19454826 0.92235124 -0.32868757 0.24350907 0.91250634 -0.47746170
0.92719483 -0.09389026 0.36262153 1.19127727 0.17630994 0.96352445 -0.20133415 0.93037617 -0.33049139 0.25060976 0.90992867 -0.48459476
0.92625536 -0.09201033 0.36549298 1.18801856 0.17747038 0.96198401 -0.20758380 0.93620437 -0.33249854 0.25713978 0.90737195 -0.49132478
0.92556428 -0.08995279 0.36774890 1.18567896 0.17850280 0.96030351 -0.21436865 0.94317979 -0.33386750 0.26405618 0.90487945 -0.49787977
0.92484091 -0.08747303 0.37015909 1.18203998 0.17914059 0.95867177 -0.22103639 0.94878006 -0.33552635 0.27073402 0.90228885 -0.50300771
0.92423567 -0.08517562 0.37220094 1.17841411 0.17978196 0.95705926 -0.22741155 0.95322847 -0.33684844 0.27709688 0.89986135 -0.50820440
0.92373363 -0.08295047 0.37394572 1.17486417 0.18038327 0.95544256 -0.23364802 0.95689720 -0.33790244 0.28328209 0.89753730 -0.51270318
0.92335115 -0.08052812 0.37541694 1.17134142 0.18088713 0.95368852 -0.24032904 0.96199507 -0.33867758 0.28981619 0.89515589 -0.51718003
0.92299075 -0.07800447 0.37683337 1.16702080 0.18120553 0.95198094 -0.24677288 0.96574616 -0.33948879 0.29605337 0.89280444 -0.52193898
0.92272093 -0.07585241 0.37793186 1.16319489 0.18169178 0.95028551 -0.25287458 0.96780598 -0.33996202 0.30199978 0.89063009 -0.52485836
0.92249586 -0.07315862 0.37901082 1.15838671 0.18173731 0.94855868 -0.25924501 0.97122186 -0.34054799 0.30803285 0.88833711 -0.52840149
0.92235094 -0.07067328 0.37983422 1.15382504 0.18185300 0.94682616 -0.26542362 0.97369409 -0.34087862 0.31388772 0.88615815 -0.53127640
0.92225870 -0.06839720 0.38047432 1.14886200 0.18212825 0.94502330 -0.27158842 0.97595668 -0.34098121 0.31976990 0.88401302 -0.53385270
0.92214542 -0.06638773 0.38110432 1.14416170 0.18242479 0.94337245 -0.27707331 0.97573400 -0.34112904 0.32502476 0.88203735 -0.53485852
0.92205168 -0.06399159 0.38174045 1.13821697 0.18246989 0.94163635 -0.28288818 0.97631562 -0.34135822 0.33049366 0.87991392 -0.53626198
0.92202450 -0.06146216 0.38222144 1.13180530 0.18232878 0.93990144 -0.28868928 0.97744948 -0.34150702 0.33586856 0.87781847 -0.53730816
0.92195186 -0.05932519 0.38273397 1.12489343 0.18244330 0.93821486 -0.29405324 0.97715497 -0.34164193 0.34093018 0.87581242 -0.53850847
0.92201272 -0.05721046 0.38290927 1.11875737 0.18251955 0.93645108 -0.29957634 0.97733170 -0.34143690 0.34610162 0.87386184 -0.53868675
0.92206796 -0.05505962 0.38309152 1.11204457 0.18246514 0.93476503 -0.30482914 0.97655040 -0.34131678 0.35097403 0.87196335 -0.53858399
0.92220539 -0.05277919 0.38308167 1.10494411 0.18219708 0.93309829 -0.31005128 0.97591472 -0.34108860 0.35572732 0.87012450 -0.53808481
0.92232772 -0.05058995 0.38308255 1.09731555 0.18186548 0.93155602 -0.31484650 0.97374088 -0.34093479 0.36006115 0.86840051 -0.53718519
0.92249768 -0.04871259 0.38291659 1.09000289 0.18166475 0.93006551 -0.31933692 0.97101879 -0.34058179 0.36415002 0.86683263 -0.53538114
0.92275986 -0.04699782 0.38249895 1.08344030 0.18153930 0.92852242 -0.32386664 0.96823144 -0.33993782 0.36828972 0.86533517 -0.53311753
0.92304953 -0.04533880 0.38199996 1.07672322 0.18137875 0.92701292 -0.32825112 0.96519697 -0.33923638 0.37227871 0.86390233 -0.53054845
0.92323806 -0.04363157 0.38174306 1.06845796 0.18119215 0.92556202 -0.33242195 0.96204275 -0.33882279 0.37607345 0.86241978 -0.52819198
0.92341222 -0.04201676 0.38150289 1.05997646 0.18114451 0.92402911 -0.33668512 0.96004766 -0.33837336 0.38000631 0.86087088 -0.52592582
0.92362747 -0.04028316 0.38116868 1.05073822 0.18062750 0.92285833 -0.34015615 0.95529807 -0.33806212 0.38302711 0.85965356 -0.52336848
0.92389648 -0.03892470 0.38065755 1.04243767 0.18030859 0.92172775 -0.34337554 0.95036727 -0.33749684 0.38587928 0.85859948 -0.52036989
0.92422492 -0.03760563 0.37999226 1.03377032 0.17994578 0.92060586 -0.34656077 0.94593203 -0.33679046 0.38867811 0.85761385 -0.51752287
0.92442878 -0.03624928 0.37962801 1.02362680 0.17963945 0.91950121 -0.34963866 0.94215184 -0.33639426 0.39141221 0.85652518 -0.51486099
0.92478509 -0.03490286 0.37888564 1.01520205 0.17919970 0.91838268 -0.35278990 0.93859535 -0.33564863 0.39415104 0.85556119 -0.51008290
0.92505071 -0.03375156 0.37834114 1.00558412 0.17887700 0.91739328 -0.35551734 0.93387723 -0.33508835 0.39654810 0.85467269 -0.50633097
0.92525291 -0.03268901 0.37793978 0.99482173 0.17854009 0.91656460 -0.35781667 0.92875117 -0.33470955 0.39854832 0.85389036 -0.50294948
0.92557462 -0.03177422 0.37722941 0.98552835 0.17823843 0.91568978 -0.36019895 0.92417407 -0.33398008 0.40062778 0.85320261 -0.49835765
0.92576962 -0.03084750 0.37682761 0.97588170 0.17802824 0.91482966 -0.36248122 0.92024565 -0.33355144 0.40266005 0.85241323 -0.49253431
0.92600223 -0.03050001 0.37628395 0.96672231 0.17802657 0.91422486 -0.36400473 0.91475475 -0.33290600 0.40405773 0.85200408 -0.48743427
0.92609236 -0.02967266 0.37612827 0.95498186 0.17782680 0.91355908 -0.36576966 0.91094410 -0.33276204 0.40562217 0.85131667 -0.48259339
0.92629475 -0.02907300 0.37567644 0.94402570 0.17740865 0.91324450 -0.36675694 0.90503663 -0.33242172 0.40637328 0.85109139 -0.47782323
0.92640367 -0.02854107 0.37544860 0.93292814 0.17724090 0.91279916 -0.36794478 0.90052056 -0.33220762 0.40741024 0.85067914 -0.47219148
0.92647663 -0.02798111 0.37531069 0.92026192 0.17687985 0.91260500 -0.36859955 0.89514512 -0.33219659 0.40788377 0.85045650 -0.46753260
0.92675370 -0.02796291 0.37462735 0.91046810 0.17666361 0.91251797 -0.36891860 0.88950020 -0.33153815 0.40807970 0.85061943 -0.46230078
0.92688284 -0.02805704 0.37430068 0.89900887 0.17658574 0.91254992 -0.36887683 0.88351536 -0.33121847 0.40800176 0.85078134 -0.45743522
0.92707655 -0.02798846 0.37382578 0.88831210 0.17634704 0.91254102 -0.36901303 0.87866592 -0.33080325 0.40802640 0.85093106 -0.45199001
0.92726773 -0.02825806 0.37333101 0.87775081 0.17627438 0.91266395 -0.36874363 0.87352228 -0.33030577 0.40773276 0.85126500 -0.44662279
0.92739943 -0.02843875 0.37298999 0.86611694 0.17616117 0.91282158 -0.36840738 0.86896378 -0.32999626 0.40736715 0.85156002 -0.44077131
0.92744226 -0.02860954 0.37287042 0.85392439 0.17608612 0.91303063 -0.36792493 0.86448616 -0.32991595 0.40688643 0.85182093 -0.43462804
0.92743721 -0.02884010 0.37286523 0.84071219 0.17597265 0.91340377 -0.36705201 0.85959131 -0.32999069 0.40603177 0.85219971 -0.42886314
0.92751184 -0.02931153 0.37264276 0.82812446 0.17592126 0.91384029 -0.36598858 0.85504109 -0.32980828 0.40501453 0.85275420 -0.42347276
0.92750507 -0.02981986 0.37261927 0.81539840 0.17592309 0.91434459 -0.36472597 0.85024935 -0.32982634 0.40383752 0.85330525 -0.41710669
0.92764285 -0.03034030 0.37223407 0.80398875 0.17573238 0.91492183 -0.36336781 0.84590304 -0.32954039 0.40248913 0.85405247 -0.41095361
0.92791203 -0.03116868 0.37149399 0.79301220 0.17550742 0.91568364 -0.36155307 0.84074593 -0.32890183 0.40068939 0.85514420 -0.40632457
0.92807943 -0.03196905 0.37100748 0.78153670 0.17542853 0.91635938 -0.35987542 0.83666927 -0.32847131 0.39907827 0.85606258 -0.40058258
0.92831507 -0.03308813 0.37031920 0.77078116 0.17547618 0.91710827 -0.35793928 0.83236015 -0.32777926 0.39726262 0.85717161 -0.39580694
0.92832449 -0.03397389 0.37021536 0.75728041 0.17549216 0.91793170 -0.35581440 0.82812941 -0.32774401 0.39528112 0.85810064 -0.39100438
0.92830023 -0.03476046 0.37020318 0.74318737 0.17553192 0.91866579 -0.35389506 0.82485336 -0.32779144 0.39350334 0.85889923 -0.38505536
0.92836413 -0.03543475 0.36997894 0.72949475 0.17532593 0.91948244 -0.35187051 0.82183814 -0.32772070 0.39153086 0.85982715 -0.37908024
0.92858540 -0.03647247 0.36932224 0.71721870 0.17522765 0.92033400 -0.34968644 0.81907809 -0.32714589 0.38942919 0.86099969 -0.37471983
0.92879750 -0.03721369 0.36871445 0.70615214 0.17497961 0.92109105 -0.34781232 0.81686312 -0.32667620 0.38756473 0.86201870 -0.36841172
0.92902744 -0.03791195 0.36806344 0.69344217 0.17460592 0.92193453 -0.34575931 0.81487095 -0.32622199 0.38548595 0.86312212 -0.36314383
0.92914434 -0.03901214 0.36765315 0.67930770 0.17453157 0.92292335 -0.34314899 0.81200325 -0.32592870 0.38300202 0.86433786 -0.35918450
0.92946810 -0.04010109 0.36671646 0.66855621 0.17426496 0.92389645 -0.34065683 0.80975968 -0.32514732 0.38053549 0.86572049 -0.35487351
0.92966762 -0.04072214 0.36614180 0.65507793 0.17382600 0.92476862 -0.33850779 0.80858088 -0.32481169 0.37834470 0.86680601 -0.35043573
0.92978360 -0.04153523 0.36575576 0.64088213 0.17359165 0.92566618 -0.33616671 0.80685133 -0.32460498 0.37605444 0.86787941 -0.34588635
0.93021914 -0.04292046 0.36448621 0.63028079 0.17342262 0.92667005 -0.33347746 0.80492097 -0.32344545 0.37341727 0.86944959 -0.34307182
0.93054943 -0.04397561 0.36351603 0.61770564 0.17311105 0.92764468 -0.33091980 0.80326086 -0.32266131 0.37086588 0.87083189 -0.34000823
0.93046996 -0.04482107 0.36361617 0.60034239 0.17303336 0.92858267 -0.32831948 0.80189937 -0.32293204 0.36840914 0.87177383 -0.33556432
0.93059235 -0.04552182 0.36321569 0.58558798 0.17266926 0.92950223 -0.32590018 0.80105120 -0.32277422 0.36599640 0.87284789 -0.33055487
0.93066838 -0.04643234 0.36290549 0.57010084 0.17248401 0.93044883 -0.32328663 0.79986537 -0.32265403 0.36346804 0.87394815 -0.32623214
0.93092993 -0.04741375 0.36210689 0.55674732 0.17222599 0.93134956 -0.32082116 0.79898244 -0.32203676 0.36102623 0.87518706 -0.32159454
