9.999939854960147034e-01 -2.985846361013687594e-03 -1.764566038682641906e-03 -1.219026000000000007e-03 2.982702349297805793e-03 9.999939644948730999e-01 -1.781701580506164090e-03 -3.756809999999999967e-04 1.769875275815835413e-03 1.776427689185837433e-03 9.999968559181439121e-01 2.918520000000000142e-02
9.999939854960147034e-01 -2.985846361013687594e-03 -1.764566038682641906e-03 -1.219026000000000007e-03 2.982702349297805793e-03 9.999939644948730999e-01 -1.781701580506164090e-03 -3.756809999999999967e-04 1.769875275815835413e-03 1.776427689185837433e-03 9.999968559181439121e-01 2.918520000000000142e-02
9.999939854960147034e-01 -2.985846361013687594e-03 -1.764566038682641906e-03 -1.219026000000000007e-03 2.982702349297805793e-03 9.999939644948730999e-01 -1.781701580506164090e-03 -3.756809999999999967e-04 1.769875275815835413e-03 1.776427689185837433e-03 9.999968559181439121e-01 2.918520000000000142e-02
9.999900249735391711e-01 -1.758435098157235628e-03 -4.105832367002953433e-03 -3.325678999999999788e-03 1.746840557120699121e-03 9.999944816852197604e-01 -2.825800271868776463e-03 -1.003643999999999934e-03 4.110778696105953957e-03 2.818599849936872376e-03 9.999875784195508821e-01 5.785903299999999722e-02
9.999728586828576793e-01 -1.970213260208656877e-03 -7.099306821279111231e-03 -5.525808999999999582e-03 1.942696777829549734e-03 9.999905827985741125e-01 -3.880752942070816655e-03 -1.891235000000000008e-03 7.106885876582852597e-03 3.866855812837943426e-03 9.999672692639793858e-01 9.834220999999999935e-02
9.999175776171045360e-01 -7.658727490632363669e-04 -1.281606067689572762e-02 -4.361702000000000287e-03 7.040126339172577243e-04 9.999880848569047131e-01 -4.830580755057117641e-03 -1.413034000000000078e-03 1.281960758186129201e-02 4.821159938446932351e-03 9.999062026401750458e-01 1.222230869999999942e-01
9.998611294529030635e-01 -2.006504397087497532e-03 -1.654375257519972650e-02 -6.415968999999999665e-03 1.919069609636006634e-03 9.999841174535779587e-01 -5.299246401344753082e-03 -1.420711000000000066e-03 1.655412277948700370e-02 5.266761879301393862e-03 9.998490997337089459e-01 1.588592980000000099e-01
9.997905743032912129e-01 2.058255803452134296e-05 -2.046477731746675424e-02 -6.977442000000000366e-03 -1.458399488833138932e-04 9.999812671342239723e-01 -6.119159365555609104e-03 -2.285585000000000134e-03 2.046426800558736811e-02 6.120862438420093116e-03 9.997718483624178365e-01 1.874203090000000071e-01
9.996628185439165870e-01 2.563626377123618197e-03 -2.583944737472491926e-02 -8.084578000000000250e-03 -2.739551602090588983e-03 9.999732947390765903e-01 -6.775298199733137058e-03 -2.536800000000000079e-03 2.582138799236294996e-02 6.843802194273313974e-03 9.996431454742604750e-01 2.258597460000000001e-01
9.995907177503585705e-01 3.294600219023958651e-03 -2.841729397250763664e-02 -1.032666900000000013e-02 -3.442915374699835780e-03 9.999806990301464138e-01 -5.171837284988766402e-03 -2.886693999999999979e-03 2.839970635492147441e-02 5.267558882115298650e-03 9.995827677097968156e-01 2.557380499999999945e-01
9.994580790041059926e-01 2.021984993214758809e-03 -3.285513491236084077e-02 -1.197587500000000041e-02 -2.096186130249430915e-03 9.999953295784772545e-01 -2.224145890027274825e-03 -3.407392999999999880e-03 3.285048427541924915e-02 2.291811056782301886e-03 9.994576495704809993e-01 2.945090229999999809e-01
9.993177989719534970e-01 1.686426198584610979e-03 -3.689298882615582587e-02 -1.401403700000000002e-02 -1.693157115946360407e-03 9.999985551774785986e-01 -1.512016402207125494e-04 -3.548911999999999987e-03 3.689268053192734653e-02 2.135641168658469866e-04 9.993192105196102570e-01 3.407804970000000155e-01
9.993149520556837695e-01 3.500447986461028161e-03 -3.684254961102263748e-02 -1.618250499999999981e-02 -3.516825336604501983e-03 9.999937438544794777e-01 -3.797254977141583808e-04 -3.852744999999999868e-03 3.684098990931704287e-02 5.090341794796976026e-04 9.993210106600910470e-01 3.615909520000000210e-01
9.992418327486126683e-01 3.251275835292520133e-03 -3.879676391964189536e-02 -1.807196999999999970e-02 -3.287447305649983820e-03 9.999942191186654838e-01 -8.685732340781067038e-04 -4.028354999999999957e-03 3.879371566898637963e-02 9.954570273121624534e-04 9.992467446481377857e-01 4.005578160000000110e-01
9.990542800678674507e-01 -5.759021624726155374e-04 -4.347658927255435013e-02 -1.885684400000000108e-02 5.451605438368241439e-04 9.999995929642935266e-01 -7.189375693575465742e-04 -4.971996999999999702e-03 4.347698561373099235e-02 6.945559347162502759e-04 9.990541873762388558e-01 4.558239579999999735e-01
9.991544278507731303e-01 -2.637683706765876768e-04 -4.111398463346536969e-02 -2.203234100000000042e-02 2.614285720782170107e-04 9.999999638877468122e-01 -6.228648999828542915e-05 -4.894894999999999802e-03 4.111399957795272564e-02 5.148545198189717354e-05 9.991544607256439559e-01 4.716615080000000071e-01
9.990858368458670480e-01 -1.833092489876159093e-03 -4.270983945084665112e-02 -2.367079600000000089e-02 1.804043847219649220e-03 9.999981144662145605e-01 -7.186722569533939529e-04 -4.968227999999999880e-03 4.271107631271829630e-02 6.409648501791507646e-04 9.990872600149948157e-01 5.121819970000000000e-01
9.990572057011620766e-01 6.179442941548309639e-04 -4.340873047481755981e-02 -2.634431799999999851e-02 -7.288210228935498424e-04 9.999965124891712076e-01 -2.538469895699986198e-03 -5.761022000000000191e-03 4.340701045341203296e-02 2.567713836101715753e-03 9.990541718491311451e-01 5.472213630000000162e-01
9.989946693129085897e-01 6.148781004035316433e-04 -4.482491058902493553e-02 -2.834373199999999995e-02 -8.707622690125581830e-04 9.999834371155743584e-01 -5.689223812889867594e-03 -5.825880999999999768e-03 4.482066998008062131e-02 5.722536102457822897e-03 9.989786584923087132e-01 5.884318950000000381e-01
9.989842999051388173e-01 4.600191054025185369e-03 -4.482417634832872033e-02 -3.138355899999999837e-02 -4.898215356915565713e-03 9.999666096997645859e-01 -6.541175114287996369e-03 -6.675898999999999896e-03 4.479258900037909330e-02 6.754089711054385957e-03 9.989734762459001605e-01 6.238405110000000420e-01
9.989498275395767291e-01 5.871048147651878810e-03 -4.543977170164780616e-02 -3.384922800000000204e-02 -6.176123089961587168e-03 9.999593027280683222e-01 -6.576350901001530233e-03 -7.086440999999999747e-03 4.539931235412671823e-02 6.850086221604349476e-03 9.989454333228261484e-01 6.655792000000000375e-01
9.989204074572599623e-01 4.461359990364050995e-03 -4.623976462373240864e-02 -3.556659100000000157e-02 -4.666600854697753459e-03 9.999797297299607424e-01 -4.331623905368509921e-03 -7.878667000000000656e-03 4.621950239763222140e-02 4.542730041616452503e-03 9.989209784571971840e-01 7.020865080000000535e-01
9.988392774220368198e-01 5.558999349611318426e-03 -4.784553694185617739e-02 -3.768285700000000016e-02 -5.742347079261766497e-03 9.999766841789132776e-01 -3.695476771306236384e-03 -7.916790999999999412e-03 4.782387823090884088e-02 3.965933027295221250e-03 9.988479103678288284e-01 7.443987730000000136e-01
9.989049170398109911e-01 5.351760188252693493e-03 -4.647930051728167700e-02 -4.057991100000000323e-02 -5.498402228134970440e-03 9.999803000511612305e-01 -3.027719030400677098e-03 -8.996350000000000180e-03 4.646218125127131449e-02 3.279965316408622097e-03 9.989146647941941071e-01 7.813456650000000225e-01
9.988139195826931660e-01 4.662958851473722292e-03 -4.846659532716121599e-02 -4.277380199999999966e-02 -4.846798548363304669e-03 9.999814965447364479e-01 -3.676290519119468359e-03 -9.499356999999999940e-03 4.844855613626608548e-02 3.906837966802206678e-03 9.988180384962078717e-01 8.242054580000000019e-01
9.985903870117625036e-01 -3.570563983344917768e-03 -5.295743612127712385e-02 -2.304433700000000154e-02 3.430537361449975415e-03 9.999903760952456588e-01 -2.734799864874736496e-03 -1.078907599999999987e-02 5.296669124185503230e-02 2.549272392284337822e-03 9.985930256261356108e-01 8.367319109999999949e-01
9.985735778669064810e-01 -2.903304369057886896e-03 -5.331397949717981560e-02 -2.534446500000000005e-02 2.855292190288614886e-03 9.999954466705766043e-01 -9.767008866313296039e-04 -1.122360799999999950e-02 5.331657240101971701e-02 8.230807095777218979e-04 9.985773208147440405e-01 8.798598650000000188e-01
9.986200157236612140e-01 -1.667033059859876010e-03 -5.249081059435015822e-02 -2.875438500000000036e-02 1.774121391875531839e-03 9.999964390073396991e-01 1.993606261708323613e-03 -1.126627099999999958e-02 5.248730026741229432e-02 -2.083980186366279214e-03 9.986194171641272765e-01 9.226752520000000013e-01
9.986412907270768580e-01 -1.094609686191630720e-03 -5.209965724064698211e-02 -3.120423099999999894e-02 1.368892565635970379e-03 9.999853907521319973e-01 5.229188794613570321e-03 -1.140597200000000033e-02 5.209317218313500031e-02 -5.293402680777367642e-03 9.986281997319910175e-01 9.669307470000000349e-01
9.987185930263784428e-01 -1.954617228412909753e-03 -5.057026215970614191e-02 -3.292651500000000342e-02 2.394643550981206959e-03 9.999597885489850402e-01 8.642162190843677774e-03 -1.171460099999999983e-02 5.055133653697753415e-02 -8.752185816097332940e-03 9.986831137141378711e-01 1.008975147999999988e+00
9.988127256171036583e-01 -1.590219787012705360e-03 -4.868891399858478464e-02 -3.523236099999999676e-02 2.062172798215174650e-03 9.999513640007587911e-01 9.644536089017019878e-03 -1.183795500000000070e-02 4.867120903247518227e-02 -9.733490332406129555e-03 9.987674266701263015e-01 1.052666783000000050e+00
9.988989034567726799e-01 -1.217073609235717804e-03 -4.689882093066831403e-02 -3.751288700000000170e-02 1.525580138727499011e-03 9.999774312929785580e-01 6.542897671264542858e-03 -1.193211500000000008e-02 4.688979929683545489e-02 -6.607241218997588969e-03 9.988782163434021255e-01 1.094902158000000014e+00
9.989385199205961241e-01 -8.177498010767649201e-04 -4.605610387464092320e-02 -3.953914000000000040e-02 9.006571488334871129e-04 9.999980112466374527e-01 1.779415485525983687e-03 -1.210257600000000031e-02 4.605455716375015524e-02 -1.819007430637228006e-03 9.989372697904599363e-01 1.138889789999999902e+00
9.990232882451975938e-01 -1.370256956849071582e-03 -4.416550621950338790e-02 -4.176923300000000283e-02 1.324208440518302721e-03 9.999985487770453041e-01 -1.071874903840155067e-03 -1.233735400000000003e-02 4.416691086955081696e-02 1.012343654906266554e-03 9.990236529454973313e-01 1.181770444000000087e+00
9.990645375890592206e-01 -3.812135740822138359e-03 -4.307571651235431870e-02 -4.411181399999999919e-02 3.781443213255392295e-03 9.999925351097410653e-01 -7.939848978968681512e-04 -1.196846499999999931e-02 4.307842173506467448e-02 6.303537790082755846e-04 9.990714950567497477e-01 1.226561545999999892e+00
9.990593132613168059e-01 -4.955036295008293304e-03 -4.308057800379522934e-02 -4.591502599999999767e-02 5.169278661101440325e-03 9.999748141664959178e-01 4.863084495030835924e-03 -1.308916299999999915e-02 4.305539622335179811e-02 -5.081205368520198828e-03 9.990597650831771759e-01 1.269623876000000040e+00
9.989939039051959346e-01 -7.885026546447130441e-03 -4.414755164918939684e-02 -4.720552299999999923e-02 8.255524579974620608e-03 9.999321675260194331e-01 8.216243705368175138e-03 -1.375275200000000003e-02 4.407977171181193948e-02 -8.572438572447826921e-03 9.989912347076705945e-01 1.313809871999999990e+00
9.988574764832132136e-01 -1.629872511401102980e-02 -4.492319259853602004e-02 -4.931844800000000084e-02 1.671545692790698395e-02 9.998205283563066370e-01 8.916533912181317384e-03 -1.445160099999999968e-02 4.476980202411600523e-02 -9.657258253443320312e-03 9.989506505277163662e-01 1.358510493999999902e+00
9.987605399902297343e-01 -1.779156926921764484e-02 -4.648487734052248604e-02 -5.089951699999999829e-02 1.804874875085653654e-02 9.998240055385524405e-01 5.118653863376733740e-03 -1.463200299999999933e-02 4.638562737479407644e-02 -5.951303368442696293e-03 9.989058792305026691e-01 1.402532338999999961e+00
9.986645451140621077e-01 -1.852139637515645698e-02 -4.822949521234647097e-02 -5.300703999999999833e-02 1.860549460483145595e-02 9.998260637221501046e-01 1.295327132716353729e-03 -1.484354899999999929e-02 4.819711508620612428e-02 -2.190930894735136462e-03 9.988354408605961687e-01 1.448607564000000014e+00
9.985701370881742145e-01 -1.774040393866583090e-02 -5.042776401743388065e-02 -5.535156299999999946e-02 1.779279724615657685e-02 9.998415214449978272e-01 5.902208985886234563e-04 -1.503226400000000004e-02 5.040930154110640632e-02 -1.486627944355178171e-03 9.987275365461257826e-01 1.493820785999999901e+00
9.985225637056257542e-01 -1.857409561197560788e-02 -5.106557297183322852e-02 -5.817002400000000073e-02 1.871246954251157280e-02 9.998224129799133664e-01 2.232932297262554822e-03 -1.529038500000000009e-02 5.101502969091571693e-02 -3.185196260950030195e-03 9.986928062574668141e-01 1.540447831000000045e+00
9.985123248948980512e-01 -1.511511333188955350e-02 -5.238960184950541832e-02 -6.051938999999999930e-02 1.539709400548564672e-02 9.998690413262755206e-01 4.982940242574565408e-03 -1.569311699999999948e-02 5.230742327023769900e-02 -5.782174871012276361e-03 9.986142898660068656e-01 1.585263252000000067e+00
9.984484360969164696e-01 -1.541538787606151241e-02 -5.350781505773039709e-02 -6.343016799999999511e-02 1.579259274008828345e-02 9.998532821943362237e-01 6.633860094918998113e-03 -1.618797900000000164e-02 5.339770098204055931e-02 -7.468594368676315445e-03 9.985453948759609455e-01 1.632560492000000085e+00
9.984288954238798031e-01 -1.448564715541458651e-02 -5.412861358967245573e-02 -6.660567200000000465e-02 1.499341647240759641e-02 9.998472085357400507e-01 8.986492406559113202e-03 -1.620329200000000108e-02 5.399016804137750369e-02 -9.783946533839878515e-03 9.984935333516621325e-01 1.678004145999999919e+00
9.983836445763586420e-01 -1.480527610090082505e-02 -5.487168707086688413e-02 -6.847018700000000180e-02 1.550371947315914642e-02 9.998038465453294998e-01 1.232489820082226933e-02 -1.653895500000000102e-02 5.467845027910567257e-02 -1.315569202813523728e-02 9.984173450227795676e-01 1.725894927999999995e+00
9.984669465545571443e-01 -8.851579668386847649e-03 -5.463887055378532920e-02 -7.172644899999999768e-02 9.661953495850323509e-03 9.998469482711125345e-01 1.458515298470747235e-02 -1.653412699999999916e-02 5.450140633656286315e-02 -1.509071139202841638e-02 9.983996530132707159e-01 1.770304440999999951e+00
9.984209613241168402e-01 -9.332196798883894001e-03 -5.539398966975887795e-02 -7.436775399999999425e-02 1.011553733965982194e-02 9.998525311099416557e-01 1.387774972295740573e-02 -1.632110200000000053e-02 5.525631088804608404e-02 -1.441617619030780527e-02 9.983681254783195458e-01 1.817974328999999889e+00
9.983957193804343655e-01 -9.491770793340919068e-03 -5.582019177709408170e-02 -7.633049000000000084e-02 1.019342334532924964e-02 9.998724110792883701e-01 1.229860492061703864e-02 -1.631919299999999920e-02 5.569633420008698182e-02 -1.284787335309658593e-02 9.983650887861488243e-01 1.862861276000000066e+00
9.984445668066910251e-01 -6.915374343454632096e-03 -5.532291217830869606e-02 -7.954306199999999771e-02 7.487536998159685479e-03 9.999205386717699984e-01 1.014165331977065487e-02 -1.654549099999999898e-02 5.524838281705770487e-02 -1.054011100734307885e-02 9.984170081965013654e-01 1.908644438000000054e+00
9.983561379821579429e-01 -7.334253309822632606e-03 -5.684391332181335660e-02 -8.144958300000000595e-02 7.915263777717222726e-03 9.999186434685201075e-01 1.000275179156758128e-02 -1.651790399999999992e-02 5.676592598275511520e-02 -1.043624321592336902e-02 9.983329677391499235e-01 1.953588367000000048e+00
9.982855641979180294e-01 -1.014197245563244580e-02 -5.764609881642897282e-02 -8.473859000000000252e-02 1.082672258604675843e-02 9.998743508307469385e-01 1.157862810686850936e-02 -1.652101400000000053e-02 5.752142550466814164e-02 -1.218289561235641645e-02 9.982699347683517965e-01 1.999798417000000050e+00
9.982234953586898163e-01 -9.997322351230047977e-03 -5.873590775399116504e-02 -8.703349500000000238e-02 1.076547558768868595e-02 9.998604264542171327e-01 1.277623364540750317e-02 -1.668538199999999860e-02 5.859998164889339278e-02 -1.338585658808430154e-02 9.981917956956731786e-01 2.043633223000000054e+00
9.982529495568766009e-01 -7.451237705758166630e-03 -5.861337524531706755e-02 -9.068202999999999681e-02 8.020725035422310301e-03 9.999228319114756847e-01 9.486737692215696516e-03 -1.699957599999999888e-02 5.853816422559054988e-02 -9.940285649167431709e-03 9.982356806137069327e-01 2.089662790000000214e+00
9.982120860839092114e-01 -6.638765350872705487e-03 -5.940166656438401749e-02 -9.334211800000000170e-02 6.956664329250005288e-03 9.999625585696803043e-01 5.146482312114998743e-03 -1.724097700000000108e-02 5.936527619257192523e-02 -5.550518299656705644e-03 9.982208952577504846e-01 2.133429527000000103e+00
9.981944721660532815e-01 -6.225028786808604019e-03 -5.974148268780839904e-02 -9.640772599999999914e-02 6.471912680373636574e-03 9.999712952301375024e-01 3.939931727681936224e-03 -1.740706499999999934e-02 5.971524163387372658e-02 -4.319459730635306915e-03 9.982061070661927271e-01 2.179424523999999863e+00
9.981697249427975427e-01 -7.316574949374621620e-03 -6.003055837346703977e-02 -9.895042299999999569e-02 7.763487724211912133e-03 9.999438351710884243e-01 7.214898591888676931e-03 -1.752973299999999873e-02 5.997439842112683300e-02 -7.667739845965695737e-03 9.981704650507741139e-01 2.223514794999999822e+00
9.981426875348954342e-01 -9.564335656038676706e-03 -6.016393275106474148e-02 -1.016469599999999945e-01 1.023903060083453630e-02 9.998879953936335996e-01 1.091599377318020272e-02 -1.814246699999999893e-02 6.005278988499358761e-02 -1.151173971038097626e-02 9.981288204815395027e-01 2.268574715000000186e+00
9.980679596637573869e-01 -1.182820129004341810e-02 -6.099542234353937803e-02 -1.036695239999999990e-01 1.256797181203624623e-02 9.998518758865810874e-01 1.175892727321384626e-02 -1.847347599999999909e-02 6.084730049193957241e-02 -1.250279730008790197e-02 9.980687782325006197e-01 2.311853646999999956e+00
9.980440535160506332e-01 -1.523201277318517871e-02 -6.063046287245527077e-02 -1.066958380000000012e-01 1.590423039090419627e-02 9.998171188178591740e-01 1.061999879603220572e-02 -1.841940900000000117e-02 6.045761074441904914e-02 -1.156350749695825124e-02 9.981037834801770314e-01 2.357048273000000194e+00
9.979789798674248980e-01 -1.769125784422975745e-02 -6.103257440631895681e-02 -1.094881000000000049e-01 1.826855392889476654e-02 9.997933809767586277e-01 8.913769820285345064e-03 -1.839423000000000100e-02 6.086226811515443869e-02 -1.001073178898252702e-02 9.980959721233866322e-01 2.400303363999999995e+00
9.978834089998570578e-01 -2.017549935705014244e-02 -6.181950556675071262e-02 -1.121454540000000055e-01 2.087487748516110228e-02 9.997249623634447691e-01 1.068827008399176465e-02 -1.876353299999999891e-02 6.158686168983906750e-02 -1.195612199262404557e-02 9.980301145827684683e-01 2.444090366000000181e+00
9.977559293904113558e-01 -2.355921530348868004e-02 -6.267430686142677621e-02 -1.149626299999999962e-01 2.456549619997659001e-02 9.995806177373601775e-01 1.533378753753799131e-02 -1.911411099999999960e-02 6.228677036679103329e-02 -1.683900288263187259e-02 9.979162320651935314e-01 2.486369133000000176e+00
9.976815727842602843e-01 -2.444246206913012337e-02 -6.351413523558212260e-02 -1.175540239999999931e-01 2.574070415739183881e-02 9.994744688543951705e-01 1.970284897435620533e-02 -1.858932900000000166e-02 6.299917044062015858e-02 -2.129206791797814621e-02 9.977864262293659747e-01 2.531787634000000065e+00
9.976806700542290018e-01 -2.328454491404000071e-02 -6.396178990843423562e-02 -1.206218669999999937e-01 2.474395627760449246e-02 9.994490639999495940e-01 2.212024180149413724e-02 -1.849562700000000059e-02 6.341149129200970846e-02 -2.365160539520785518e-02 9.977071636178386216e-01 2.574162482999999835e+00
9.976130897711742440e-01 -2.163556287462478980e-02 -6.557457995526237704e-02 -1.232243479999999974e-01 2.286960279524782522e-02 9.995741069115476884e-01 1.812694292949970643e-02 -1.844187099999999857e-02 6.515446558140534916e-02 -1.958334014104601284e-02 9.976830099804854246e-01 2.617911338999999948e+00
9.975635854373055000e-01 -2.023737111355904811e-02 -6.676332690841385586e-02 -1.260665360000000068e-01 2.096867349159367566e-02 9.997273726941010574e-01 1.027107677670371054e-02 -1.824240200000000131e-02 6.653726580999994034e-02 -1.164599057882545648e-02 9.977159731917532026e-01 2.658701658000000023e+00
9.975501103367111488e-01 -1.868911343897041583e-02 -6.741286528609159723e-02 -1.294874850000000133e-01 1.910205640117126208e-02 9.998024873529234302e-01 5.486139275839497197e-03 -1.805469399999999960e-02 6.729701931335375920e-02 -6.760423194795737480e-03 9.977100820728260766e-01 2.702494144000000098e+00
9.975687951451329694e-01 -1.428719487827888844e-02 -6.820832071820809306e-02 -1.326252370000000069e-01 1.476085317131330989e-02 9.998702790680638053e-01 6.445327765698153147e-03 -1.827359599999999959e-02 6.810738701743579426e-02 -7.436470860726294638e-03 9.976502807771844283e-01 2.742521286000000114e+00
9.975401445902667419e-01 -1.102614997028575697e-02 -6.922487954241930697e-02 -1.358825559999999877e-01 1.163949929306550002e-02 9.998964433185509870e-01 8.463137427609261285e-03 -1.856168000000000054e-02 6.912439502112423251e-02 -9.248062269721175552e-03 9.975651815080651685e-01 2.785373449000000168e+00
9.975078614605600302e-01 -8.507622533990835331e-03 -7.004060738742440284e-02 -1.388447730000000047e-01 9.254931215090600807e-03 9.999035859334857168e-01 1.035205706902286686e-02 -1.914768700000000004e-02 6.994578309365145907e-02 -1.097447931227245148e-02 9.974904251326127680e-01 2.824213027999999959e+00
9.974186009012588894e-01 -8.239298327104833605e-03 -7.133196015288106873e-02 -1.423120949999999996e-01 8.980405217469887916e-03 9.999089183771173728e-01 1.007508173829942989e-02 -1.924556100000000131e-02 7.124245151807512277e-02 -1.068966383850972722e-02 9.974017466340804328e-01 2.866043329000000028e+00
9.973591481053895036e-01 -6.150975420381630046e-03 -7.236639545997547440e-02 -1.457840800000000103e-01 6.911394869253028456e-03 9.999234570252093501e-01 1.026219819120064748e-02 -1.903529799999999911e-02 7.229773379195894578e-02 -1.073524997995295611e-02 9.973253190892202857e-01 2.904156684999999793e+00
9.972241418237988153e-01 -6.504396697581892386e-03 -7.417347091371964685e-02 -1.489828529999999984e-01 7.365973459110245966e-03 9.999084777716098493e-01 1.134806218972025937e-02 -1.935042099999999959e-02 7.409287009414342040e-02 -1.186292139662743078e-02 9.971807848615765746e-01 2.944884300000000010e+00
9.971052289394434220e-01 -6.410203284758535930e-03 -7.576326098755395422e-02 -1.513040069999999904e-01 7.339555703136844966e-03 9.999011269621097542e-01 1.199446630673760457e-02 -1.971673599999999860e-02 7.567888307646125634e-02 -1.251581374705548581e-02 9.970536901604387658e-01 2.980925797999999904e+00
9.970046718417375775e-01 -6.662702106817114563e-03 -7.705383005655870587e-02 -1.549232449999999872e-01 7.676046002966156571e-03 9.998878118797945858e-01 1.286242481015688333e-02 -1.973925699999999964e-02 7.695948702732861857e-02 -1.341536637115836941e-02 9.969439629696436045e-01 3.020635604999999835e+00
9.969128551171971830e-01 -3.748375064828259919e-03 -7.842645590903461750e-02 -1.579692659999999971e-01 5.003605385563669912e-03 9.998624184603007725e-01 1.581480584339029286e-02 -1.984367500000000159e-02 7.835638605259902245e-02 -1.615839828361546535e-02 9.967944537013055939e-01 3.056145191000000150e+00
9.968282177894957075e-01 -2.613986281497307669e-03 -7.954037524639913370e-02 -1.611586660000000060e-01 4.192645987162150686e-03 9.997974063639665232e-01 1.968674547790771195e-02 -1.976701100000000100e-02 7.947279998995991634e-02 -1.995778804391234312e-02 9.966372262554464845e-01 3.093650579000000178e+00
9.966984031150372125e-01 7.433565492544607365e-04 -8.118953534154152440e-02 -1.643936039999999987e-01 9.852748961834108601e-04 9.997737253975943483e-01 2.124917028955391682e-02 -1.981306299999999881e-02 8.118695992161359398e-02 -2.125900810612270028e-02 9.964721431696071940e-01 3.127905845999999990e+00
9.966039929042705969e-01 3.282004145498251292e-03 -8.227824606816534769e-02 -1.679759170000000024e-01 -1.881351528753160036e-03 9.998520977995082326e-01 1.709511750026684873e-02 -1.966329500000000077e-02 8.232218318102292598e-02 -1.688226805591014346e-02 9.964627675842175902e-01 3.163854360999999837e+00
9.965180376233405690e-01 3.422926521809227952e-03 -8.330716815108242523e-02 -1.712171439999999878e-01 -2.599510061739839558e-03 9.999467141853651819e-01 9.990562413123516006e-03 -1.996653899999999843e-02 8.333692602181423659e-02 -9.739217828855561976e-03 9.964738352798414578e-01 3.196386336999999855e+00
9.964035717208408194e-01 2.615139324999137677e-03 -8.469405710120467279e-02 -1.741448339999999984e-01 -2.304810751007056041e-03 9.999902687460934247e-01 3.761683202749882462e-03 -1.984972899999999998e-02 8.470307024750234337e-02 -3.552950805549012509e-03 9.963999028659226154e-01 3.230233908000000209e+00
9.963708501159217468e-01 3.765569133464616389e-03 -8.503499002396848472e-02 -1.771532449999999870e-01 -3.587957641732850578e-03 9.999910512606798862e-01 2.241418863470758666e-03 -1.978194700000000111e-02 8.504266928569710615e-02 -1.928182476191048905e-03 9.963754445554657835e-01 3.261171578999999987e+00
9.962822085016377338e-01 6.382548036491877269e-03 -8.591288671474790750e-02 -1.802519260000000068e-01 -5.873946416625553182e-03 9.999637042498329409e-01 6.171461451497375558e-03 -2.030601699999999912e-02 8.594915809124510642e-02 -5.643869551520477867e-03 9.962835384366699465e-01 3.293459176999999904e+00
9.961560970763279066e-01 6.415241502796834895e-03 -8.736060287176529437e-02 -1.827396149999999941e-01 -5.661015960876506110e-03 9.999445611155072244e-01 8.878490513958097602e-03 -2.115706700000000162e-02 8.741271735822080113e-02 -8.349812691104841617e-03 9.961371880780655053e-01 3.322409867999999822e+00
9.961470107539079910e-01 3.692072755210799081e-03 -8.762135336105980610e-02 -1.859576699999999916e-01 -3.261738361599506118e-03 9.999819090987700498e-01 5.053962607650798987e-03 -2.112174600000000027e-02 8.763842780946007327e-02 -4.748691814520335057e-03 9.961410321320655070e-01 3.350350141999999920e+00
9.961044335307324138e-01 -4.505960760636748726e-03 -8.806618998254919783e-02 -1.878391359999999899e-01 4.525846168378631386e-03 9.999897579644947410e-01 2.612606919675500208e-05 -2.163485399999999850e-02 8.806517028246194090e-02 -4.245983218538431541e-04 9.961146246790005820e-01 3.381159782000000114e+00
9.962240877420056595e-01 -8.500711461179600789e-03 -8.640199596804774840e-02 -1.904579399999999922e-01 8.120222767037896597e-03 9.999557287342858425e-01 -4.754214309140018802e-03 -2.206411399999999925e-02 8.643858504639261031e-02 4.034659358275747079e-03 9.962490113114493839e-01 3.407476425000000031e+00
9.964674724460330646e-01 -5.779135880790286540e-03 -8.378053440677984964e-02 -1.926082970000000116e-01 5.376230803184597028e-03 9.999728777978396099e-01 -5.033866412394530539e-03 -2.240769899999999967e-02 8.380735349219153862e-02 4.565660650804760808e-03 9.964715160221372381e-01 3.435652256000000015e+00
9.968204135511053998e-01 -8.090603403302903257e-04 -7.967690097618548850e-02 -1.950179930000000006e-01 6.615246142301130922e-04 9.999980176478181493e-01 -1.878053678335048259e-03 -2.293566199999999902e-02 7.967826248725515259e-02 1.819374013127795413e-03 9.968189727153132784e-01 3.460763930999999793e+00
9.971820222716750726e-01 -2.706140787404621648e-03 -7.497126956515476337e-02 -1.970120220000000089e-01 2.763065772133745275e-03 9.999959678333025792e-01 6.555796482731495638e-04 -2.285556700000000024e-02 7.496919317767278268e-02 -8.608827882540642231e-04 9.971854787125179476e-01 3.487471819000000028e+00
9.975564233871234698e-01 -6.160413433522542517e-03 -6.959332917326424561e-02 -1.981143499999999946e-01 6.533486036191048230e-03 9.999654751356880089e-01 5.134403263539867070e-03 -2.332660400000000078e-02 6.955929642617969533e-02 -5.576544000169572808e-03 9.975622318621074625e-01 3.512144327000000121e+00
9.980621229361996694e-01 -1.086642105282654633e-02 -6.126923904855571118e-02 -1.992372570000000009e-01 1.141613117005094852e-02 9.998975998523581543e-01 8.629122701748920612e-03 -2.368785799999999914e-02 6.116919738883751928e-02 -9.311858192452003233e-03 9.980839737155432490e-01 3.536943196999999817e+00
9.986916964007795938e-01 -7.045110148246607959e-03 -5.064841520849588941e-02 -2.001931220000000011e-01 7.489608549338553842e-03 9.999350418857085865e-01 8.591726997754211767e-03 -2.393320599999999854e-02 5.058459551988925273e-02 -8.959823213955530816e-03 9.986795883886201430e-01 3.559995890000000163e+00
9.993786375753866968e-01 -1.974720053028216488e-03 -3.519146542381948461e-02 -2.015661749999999863e-01 2.270274830151145819e-03 9.999624732485431489e-01 8.360499198746431174e-03 -2.416138199999999861e-02 3.517363515702202903e-02 -8.435198596881151797e-03 9.993456172988761654e-01 3.583684444000000191e+00
9.998569585535961313e-01 2.973640065583693908e-03 -1.664992182301798518e-02 -2.020659740000000093e-01 -2.822576989555693281e-03 9.999547099943665307e-01 9.089060414604372903e-03 -2.430442699999999998e-02 1.667619534217220506e-02 -9.040764616040664406e-03 9.998200683543349010e-01 3.605533599999999783e+00
9.999846022310158178e-01 1.602818691670470459e-03 5.312840400273563524e-03 -2.013274730000000068e-01 -1.654398311116428910e-03 9.999514071603202714e-01 9.718347818620224135e-03 -2.417544500000000027e-02 -5.297005484735909861e-03 -9.726987731931048195e-03 9.999386618400938342e-01 3.628636837000000170e+00
9.994949920403883858e-01 -1.877571943787712016e-03 3.172121702867130438e-02 -1.998072860000000006e-01 1.510667440249039957e-03 9.999317326294641095e-01 1.158654238860156241e-02 -2.473985999999999894e-02 -3.174080607150889938e-02 -1.153277088274065262e-02 9.994295955322201053e-01 3.649325131999999972e+00
9.981105723912038208e-01 -2.477885238803618790e-03 6.139336581135334397e-02 -1.977727860000000060e-01 1.681533099470232644e-03 9.999138277973846911e-01 1.301957856527812159e-02 -2.455854199999999918e-02 -6.142033643133775617e-02 -1.289174403738232132e-02 9.980287296507730499e-01 3.669622659999999925e+00
9.955729445193867155e-01 -3.432376472497524617e-03 9.392939333749203423e-02 -1.944431219999999960e-01 2.068112378090548875e-03 9.998910147657744663e-01 1.461784874259448343e-02 -2.453239100000000061e-02 -9.396933038066110355e-02 -1.435887817417600028e-02 9.954715403091086712e-01 3.691543341000000034e+00
9.912788320226646466e-01 -3.566420056613106831e-03 1.317329033755859080e-01 -1.908954230000000085e-01 1.573637057262617083e-03 9.998828020002755723e-01 1.522845791567980535e-02 -2.448359500000000036e-02 -1.317717756205541990e-01 -1.488834819774876271e-02 9.911682683771453339e-01 3.711324691999999814e+00
9.850152584971345604e-01 -3.559346716878895346e-03 1.724304833223295197e-01 -1.861354560000000047e-01 9.152996950039507182e-04 9.998808234624307900e-01 1.541107064936459922e-02 -2.434281599999999976e-02 -1.724647869980751591e-01 -1.502231417060716223e-02 9.849011256581383655e-01 3.729871750000000041e+00
9.759257563848625638e-01 -3.098954453004914081e-03 2.180809815319347533e-01 -1.809563790000000005e-01 -4.535495206528276316e-04 9.998680538142890040e-01 1.623789562900375405e-02 -2.448847300000000018e-02 -2.181025270772124214e-01 -1.594589109847124875e-02 9.757955811744637442e-01 3.749850749999999788e+00
9.637257509526535593e-01 -1.168616467061077456e-03 2.668919468367242365e-01 -1.750120820000000132e-01 -3.051371276820179397e-03 9.998768134272079111e-01 1.539633410859834670e-02 -2.507087399999999994e-02 -2.668770617420592739e-01 -1.565223007131909608e-02 9.636034669975609424e-01 3.767176866999999874e+00
9.475507573908793502e-01 -1.275510674218771623e-05 3.196053222417896689e-01 -1.678416879999999889e-01 -4.486202172133347404e-03 9.999009491509130987e-01 1.334038519585737347e-02 -2.527606500000000034e-02 -3.195738352212860733e-01 -1.407450618708722297e-02 9.474568444618192142e-01 3.784231662999999912e+00
9.267029422948945827e-01 1.653414634469192214e-03 3.757910629086751442e-01 -1.594863529999999974e-01 -5.985030486348926100e-03 9.999284263780547910e-01 1.035961057108763031e-02 -2.457981600000000086e-02 -3.757470374494824572e-01 -1.184940256526208907e-02 9.266465105458411289e-01 3.802175282999999961e+00
9.014652132555713848e-01 2.367239956042161385e-03 4.328450825238491784e-01 -1.506492200000000004e-01 -6.770071054555212679e-03 9.999398341762898434e-01 8.631000255487153786e-03 -2.451281599999999977e-02 -4.327986083942548245e-01 -1.071093845022289166e-02 9.014270022411753347e-01 3.817452192000000188e+00
8.712127124912264486e-01 2.115458010867172362e-03 4.909011452737546133e-01 -1.414161620000000119e-01 -6.907600091369229742e-03 9.999445399981362614e-01 7.949967854868508071e-03 -2.497229399999999905e-02 -4.908571020721380629e-01 -1.031706185500429543e-02 8.711790077705170443e-01 3.831726312999999884e+00
8.369434063815988090e-01 1.993764209640558685e-03 5.472858114537980656e-01 -1.285303829999999981e-01 -5.271351460926564786e-03 9.999763451940631986e-01 4.418360114222583297e-03 -2.414305500000000007e-02 -5.472640563458751606e-01 -6.582853226369397674e-03 8.369341184796201816e-01 3.847893238000000160e+00
7.996706153405361839e-01 1.921808853288160292e-03 6.004358530364586333e-01 -1.164865199999999962e-01 -4.753783814606956683e-03 9.999838005239631844e-01 3.130531759096666367e-03 -2.416372899999999838e-02 -6.004201100065955643e-01 -5.357736498014360749e-03 7.996667969593871383e-01 3.860258818000000147e+00
7.584558141270473230e-01 2.726710677066119561e-04 6.517244077578856487e-01 -1.041713950000000000e-01 -4.266755269644552026e-03 9.999805589874490863e-01 4.547136089638511257e-03 -2.449144199999999869e-02 -6.517104977030421242e-01 -6.229550355970188587e-03 7.584422323987606296e-01 3.872397660999999935e+00
7.135889272237143643e-01 8.714238739467587876e-04 7.005641180963670944e-01 -8.975577399999999650e-02 -6.906055768232090275e-03 9.999593867664487989e-01 5.790614077434687486e-03 -2.417286100000000035e-02 -7.005306198428693509e-01 -8.970252956278998435e-03 7.135659641718248292e-01 3.886430740000000217e+00
6.682654878001220711e-01 2.099307162431165649e-04 7.439228412573168914e-01 -7.558941800000000544e-02 -7.090523728803872772e-03 9.999563340879978890e-01 6.087231763588473940e-03 -2.421147200000000124e-02 -7.438890792910701766e-01 -9.342689462181051618e-03 6.682377958968626075e-01 3.896011353000000010e+00
6.181134109544336175e-01 1.772520767777898418e-03 7.860869349940903250e-01 -6.057667700000000238e-02 -5.337618704446199860e-03 9.999838686547299904e-01 1.942229874558985521e-03 -2.327181799999999967e-02 -7.860708117115412508e-01 -5.396350660166497268e-03 6.181129009935896201e-01 3.907802820000000121e+00
5.701616093200000401e-01 -3.524038697811049349e-04 8.215324796191203482e-01 -4.528832399999999786e-02 -4.752546771119939024e-05 9.999998921750754555e-01 4.619428182718133343e-04 -2.328720700000000074e-02 -8.215325538278794859e-01 -3.024257760135135313e-04 5.701615310942088621e-01 3.916123867000000036e+00
5.219043276287991251e-01 2.367323089429150453e-03 8.530007436009192645e-01 -2.902507799999999930e-02 -3.061225658956066246e-03 9.999949073826431833e-01 -9.022783626799329168e-04 -2.347887099999999838e-02 -8.529985355789280188e-01 -2.140324781211254412e-03 5.219089166799462109e-01 3.925122737999999778e+00
4.741439078432773679e-01 5.096076640163238122e-03 8.804326122185520687e-01 -1.360142200000000016e-02 -7.082267601935475151e-03 9.999729721496608548e-01 -1.973944221141092463e-03 -2.372724699999999992e-02 -8.804188753887095542e-01 -5.299525738326378577e-03 4.741671845311825617e-01 3.931959152000000124e+00
4.268435030957249410e-01 8.041027099630778524e-03 9.042897576264773418e-01 3.509283000000000194e-03 -9.740746214982446555e-03 9.999433391670913274e-01 -4.293753432925814101e-03 -2.380353799999999909e-02 -9.042730460033326922e-01 -6.975696277108152377e-03 4.268976433916031876e-01 3.939442634999999804e+00
3.840683219062545062e-01 6.433677148362171999e-03 9.232822601493347880e-01 1.995730399999999863e-02 -2.863701585399360677e-03 9.999792132472855588e-01 -5.776875156140162323e-03 -2.371456499999999995e-02 -9.233002346589883613e-01 -4.252901250800722108e-04 3.840787625044713716e-01 3.944302797000000194e+00
3.450755958928293232e-01 -2.756887714046157671e-03 9.385708458551975664e-01 3.973650900000000319e-02 1.288482324540653895e-02 9.999153667841025328e-01 -1.800166366844576163e-03 -2.461576799999999968e-02 -9.384864487296251667e-01 1.271451293388104788e-02 3.450819130463240736e-01 3.948418139999999799e+00
3.093541816691602331e-01 -5.969949494486296963e-03 9.509281518531446098e-01 5.665111500000000189e-02 1.653263788446307156e-02 9.998629226300000949e-01 8.987960702018654713e-04 -2.463395300000000010e-02 -9.508031668901745226e-01 1.544330446594499931e-02 3.094104752247194279e-01 3.952357768999999799e+00
2.775434231425760179e-01 -2.050060267422065645e-03 9.607109063205230282e-01 7.816934600000000066e-02 1.422989350611420997e-02 9.998967949829916657e-01 -1.977248984295592975e-03 -2.473044799999999863e-02 -9.606077026555146503e-01 1.421958633861009069e-02 2.775439514081565751e-01 3.957269668999999990e+00
2.638696305765930172e-01 7.876586988919448591e-04 9.645580322889578673e-01 1.038467879999999954e-01 7.083712410073965057e-03 9.999711166356890502e-01 -2.754435126221540554e-03 -2.664472000000000021e-02 -9.645323421627000071e-01 7.559463482765084626e-03 2.638564295862222409e-01 3.956972599000000201e+00
2.355231769398124786e-01 5.028606110051942954e-03 9.718557229572543088e-01 1.219820979999999971e-01 1.894742666618187774e-03 9.999823376788387064e-01 -5.633318790223311272e-03 -2.680451400000000151e-02 -9.718668854706414839e-01 3.168193642272310560e-03 2.355094891392700562e-01 3.961010932999999845e+00
2.099835477487813629e-01 6.898340034788043307e-03 9.776805831045228823e-01 1.277472970000000096e-01 3.044822097231919544e-03 9.999656454511172132e-01 -7.709537984005281584e-03 -9.137650000000000633e-03 -9.777001783436635174e-01 4.595739580856655036e-03 2.099553296405535230e-01 3.957629203999999845e+00
1.865425407142411451e-01 8.173311919663894462e-03 9.824128854387750298e-01 1.469740870000000033e-01 1.060172475887504427e-02 9.998904227138358802e-01 -1.033179545305440254e-02 -9.809088000000000529e-03 -9.823896802878238077e-01 1.234259038494674686e-02 1.864354486855348547e-01 3.959931135000000157e+00
1.665330388706998399e-01 1.430031033315137291e-02 9.859321721542845252e-01 1.052134039999999965e-01 1.679144408517256604e-02 9.997087065898309088e-01 -1.733635988383635737e-02 -4.213516800000000062e-02 -9.858928919360484544e-01 1.944230163491275989e-02 1.662444060325416473e-01 3.906036376999999948e+00
1.466974672160428483e-01 2.104443359711031733e-02 9.889575243290151807e-01 1.253721710000000045e-01 1.935304258572010869e-02 9.995212462940807896e-01 -2.413996581196308638e-02 -4.194642199999999710e-02 -9.889920691568123701e-01 2.268060892710461324e-02 1.462199614403669745e-01 3.908407449999999894e+00
1.289145204292055646e-01 2.205288165906514955e-02 9.914104683898791182e-01 2.147932049999999871e-01 1.646113245112490117e-02 9.995673568330316616e-01 -2.437478763504298193e-02 -2.100126399999999866e-02 -9.915190757322497328e-01 1.946200309213287280e-02 1.284957310369000405e-01 3.969217776999999892e+00
1.137183453356042234e-01 1.749291986484532643e-02 9.933590165135331995e-01 1.681525710000000007e-01 1.452638728794945940e-02 9.997088275213622532e-01 -1.926769960902516982e-02 -4.329988399999999682e-02 -9.934068260317584498e-01 1.662100870781397371e-02 1.134311247543724477e-01 3.913064480000000067e+00
9.920370723309387961e-02 1.404204048341085864e-02 9.949680625880774620e-01 1.905417440000000129e-01 1.422672211819769883e-02 9.997782098714025345e-01 -1.552840764874181823e-02 -4.427083999999999880e-02 -9.949654390223721112e-01 1.569560974910403153e-02 9.898193262217935828e-02 3.914937018999999907e+00
