9.999922515936726652e-01 -2.992683892896051689e-03 -2.557458843093518910e-03 -8.269409999999999825e-04 2.988778642188653911e-03 9.999943639546627905e-01 -1.529464330267858111e-03 -6.774730000000000509e-04 2.562021632405482412e-03 1.521808800988249614e-03 9.999955600617076446e-01 3.739237000000000116e-02
9.999792110593233030e-01 -1.493113526394896111e-03 -6.272803294416971244e-03 -1.653125000000000080e-03 1.473227286624499222e-03 9.999938787321783762e-01 -3.173657123123414109e-03 -7.684550000000000278e-04 6.277503527286689387e-03 3.164349881176790717e-03 9.999752896143455638e-01 7.515805999999999876e-02
9.998952665782129268e-01 -1.810201767294567724e-03 -1.435893603461544168e-02 5.945699999999999672e-05 1.731304027129218059e-03 9.999833475001710381e-01 -5.505207418229275673e-03 -3.151040000000000243e-04 1.436866245863338207e-02 5.479771155236696362e-03 9.998817498320669017e-01 1.210288780000000064e-01
9.998863549627912128e-01 -2.588294442857060149e-04 -1.507349218137000145e-02 -3.258892000000000212e-03 1.799685855210609664e-04 9.999862921994761011e-01 -5.232879174232732584e-03 -1.259485000000000075e-03 1.507463998015466135e-02 5.229571728417523914e-03 9.998726953012598839e-01 1.534679379999999982e-01
9.998084156309571258e-01 -1.534600759979694957e-03 -1.951350901357057008e-02 -4.311907000000000240e-03 1.429690514051306033e-03 9.999844566590482264e-01 -5.389102461657690156e-03 -1.781372000000000034e-03 1.952147582918007176e-02 5.360171715130310384e-03 9.997950692720158905e-01 1.959546659999999996e-01
9.997260144287576367e-01 1.503049444432793093e-04 -2.340669739231235683e-02 -5.987896000000000364e-03 -2.985180520111653979e-04 9.999799289204672759e-01 -6.328715761499380428e-03 -2.496593000000000076e-03 2.340527635735646997e-02 6.333969106405803497e-03 9.997059937171502986e-01 2.349499459999999929e-01
9.995953610198583528e-01 2.661272858657410915e-03 -2.832016691954227644e-02 -7.507424000000000389e-03 -2.860370026396811920e-03 9.999714644347988957e-01 -6.992038289069113163e-03 -2.773784999999999966e-03 2.830075106584724332e-02 7.070215194425926233e-03 9.995744492263762826e-01 2.780235710000000249e-01
9.994686882393059024e-01 3.462476052559764188e-03 -3.240914205569925266e-02 -9.487943999999999892e-03 -3.645806803220520611e-03 9.999776772896556976e-01 -5.599376316938636453e-03 -3.141061000000000113e-03 3.238903088940196795e-02 5.714558773042104078e-03 9.994590009080286386e-01 3.200196029999999858e-01
9.993126960566481864e-01 2.524567853790971213e-03 -3.698326725892155109e-02 -1.119162500000000018e-02 -2.627153717693614735e-03 9.999928348010367340e-01 -2.725510948450177336e-03 -3.688588000000000023e-03 3.697612152912771455e-02 2.820798422099391259e-03 9.993121682101769876e-01 3.644033669999999780e-01
9.991819011988795074e-01 2.052919950662489973e-03 -4.038952631894596884e-02 -1.330120700000000065e-02 -2.074903314420039821e-03 9.999977211967215895e-01 -5.023719734682304417e-04 -3.843574000000000209e-03 4.038840294971399875e-02 5.857653455860558928e-04 9.991838838702971071e-01 4.091850220000000093e-01
9.990916465095984744e-01 3.632533765650641702e-03 -4.245805663453067202e-02 -1.591691699999999918e-02 -3.664083968613267555e-03 9.999930659119675713e-01 -6.652944116747515563e-04 -4.686108999999999934e-03 4.245534552221377766e-02 8.202599738268201218e-04 9.990980286289052881e-01 4.513547119999999913e-01
9.989985021013098043e-01 3.215769129646546369e-03 -4.462792431028042572e-02 -1.787006899999999884e-02 -3.243864251048896898e-03 9.999945834575134640e-01 -5.571358494860197737e-04 -5.346634999999999756e-03 4.462589096096651609e-02 7.013448073721092850e-04 9.990035225019985310e-01 4.964233040000000097e-01
9.989495686195613011e-01 7.302925208666878956e-04 -4.581731144039716264e-02 -2.081524400000000011e-02 -8.326478203099420966e-04 9.999972003600232640e-01 -2.214942374610956097e-03 -4.875621000000000121e-03 4.581556561257009441e-02 2.250765414138110147e-03 9.989473799968899836e-01 5.422729250000000167e-01
9.988185872120985964e-01 -3.162530821232329738e-04 -4.859351627136515583e-02 -2.259006499999999945e-02 2.943424680990866819e-04 9.999998517759007832e-01 -4.580509667041531355e-04 -5.623386000000000183e-03 4.859365392866496491e-02 4.432066839216515421e-04 9.988185322498258634e-01 5.879710320000000046e-01
9.987393007994809224e-01 -2.057205137033053625e-03 -5.015552756763774767e-02 -2.464174100000000173e-02 2.015749967062042264e-03 9.999975837202056406e-01 -8.771008041018521755e-04 -5.782401999999999855e-03 5.015721075412980789e-02 7.748940407769011000e-04 9.987410343770758425e-01 6.349713209999999775e-01
9.986686181479503821e-01 5.867054362418741955e-04 -5.158145890913051063e-02 -2.792798399999999945e-02 -7.344092353457938463e-04 9.999956844412893897e-01 -2.844598719013470989e-03 -6.811135999999999753e-03 5.157956736478384180e-02 2.878693371698087550e-03 9.986647392167872228e-01 6.809296609999999639e-01
9.985843847322463107e-01 1.126939072056871299e-03 -5.317853492950792155e-02 -3.033660200000000071e-02 -1.409545701886820695e-03 9.999850826247256297e-01 -5.277092848812102791e-03 -7.470146000000000425e-03 5.317179468322764252e-02 5.344580090948496814e-03 9.985710769463614911e-01 7.286257149999999516e-01
9.984912566935989497e-01 4.742311930765836722e-03 -5.470576554613512665e-02 -3.378389400000000181e-02 -5.151848700103571141e-03 9.999597349626526688e-01 -7.347578403301691097e-03 -7.753971000000000127e-03 5.466871830771807828e-02 7.618328620684480107e-03 9.984754840794132225e-01 7.759224770000000548e-01
9.984115485933908740e-01 5.824623487713868550e-03 -5.603974836286791661e-02 -3.650978199999999757e-02 -6.223336954152697276e-03 9.999565318148720960e-01 -6.942950232268924396e-03 -8.393855999999999887e-03 5.599687234571465444e-02 7.280675930094513901e-03 9.984043980499578419e-01 8.246345520000000207e-01
9.983519988303516390e-01 4.873524684824326325e-03 -5.717984949777384085e-02 -3.974775199999999731e-02 -5.182372520646700426e-03 9.999727673102096759e-01 -5.254298527743033430e-03 -9.394437000000000274e-03 5.715268538309381530e-02 5.541966718395608359e-03 9.983500674404711672e-01 8.726640940000000013e-01
9.982925709587836538e-01 5.600509808904766129e-03 -5.814273005615054613e-02 -4.294290800000000186e-02 -5.830553359529809174e-03 9.999758289275062495e-01 -3.787638877784625657e-03 -9.961354000000000389e-03 5.812011197531974371e-02 4.120176043228179416e-03 9.983010952279623984e-01 9.211130140000000077e-01
9.982529316839214850e-01 5.265754849705636675e-03 -5.885028640812849793e-02 -4.630920300000000017e-02 -5.499334772920087128e-03 9.999776287449475554e-01 -3.807798141607806469e-03 -1.057930999999999976e-02 5.882891892183047394e-02 4.124783084561108037e-03 9.982595576617305788e-01 9.704199430000000071e-01
9.981298762687219606e-01 5.276110148796009890e-03 -6.090084368449619201e-02 -4.917251699999999892e-02 -5.581891214596607260e-03 9.999726502661746563e-01 -4.851928494025017219e-03 -1.117707599999999933e-02 6.087357875346312286e-02 5.182796671729886923e-03 9.981320283551697869e-01 1.019418477999999961e+00
9.980087429721652414e-01 3.635322505401297061e-03 -6.297089312849500631e-02 -5.104231099999999993e-02 -3.993117977928178561e-03 9.999765871050665389e-01 -5.557000136558016938e-03 -1.167018000000000048e-02 6.294921730993137399e-02 5.797384926420004990e-03 9.979998929699752663e-01 1.068753719000000046e+00
9.980227555361066427e-01 4.358720303177383328e-03 -6.270232044697718332e-02 -5.533205699999999699e-02 -4.617552226123399113e-03 9.999814042723410568e-01 -3.983631629025566508e-03 -1.237271600000000062e-02 6.268379091564074690e-02 4.265286254803927167e-03 9.980243231953862537e-01 1.119041562000000045e+00
9.980221741661799983e-01 5.333421456337559402e-03 -6.263620748560709550e-02 -5.872952199999999928e-02 -5.343095704735909349e-03 9.999857254771273851e-01 1.304887868041590447e-05 -1.342316300000000011e-02 6.263538297880021088e-02 3.216481809062350953e-04 9.980364248571024222e-01 1.169973731000000017e+00
9.980970771546809894e-01 6.358334728073925142e-03 -6.133348314557481723e-02 -6.243396200000000257e-02 -6.160860982121004088e-03 9.999752135078573412e-01 3.408249092142712645e-03 -1.374670100000000006e-02 6.135363369224124813e-02 -3.023896393873588568e-03 9.981115106456579511e-01 1.220014810999999977e+00
9.981530773850140204e-01 5.417341524557444353e-03 -6.050691297391138507e-02 -6.519740100000000205e-02 -5.102385503271984930e-03 9.999726252399947501e-01 5.358584963300403424e-03 -1.350690799999999976e-02 6.053428589652461861e-02 -5.039958475941535947e-03 9.981533945489333703e-01 1.270861626000000077e+00
9.983054637658548280e-01 4.888592457932201471e-03 -5.798536607646568447e-02 -6.876833699999999883e-02 -4.495927076825076071e-03 9.999660854751982741e-01 6.900328914489950623e-03 -1.419596499999999963e-02 5.801713242621838601e-02 -6.627938079714031268e-03 9.982935854656435071e-01 1.322276710999999993e+00
9.983659518861817128e-01 4.973501010397118893e-03 -5.692706212424827883e-02 -7.174155899999999642e-02 -4.760954187362951076e-03 9.999811831191595113e-01 3.868684896955558276e-03 -1.465016199999999956e-02 5.694523184274760674e-02 -3.591336144902019731e-03 9.983708443634911056e-01 1.373815417000000094e+00
9.984135584712156009e-01 6.326044784884832760e-03 -5.594950775676288401e-02 -7.459627800000000197e-02 -6.385196508443010018e-03 9.999792285085773447e-01 -8.785311257145135555e-04 -1.474796500000000003e-02 5.594278797479623755e-02 1.234385989029937979e-03 9.984332129716223525e-01 1.425080775999999938e+00
9.984742863704799687e-01 6.496847003246077057e-03 -5.483512046104310061e-02 -7.746277699999999655e-02 -6.725233411571796341e-03 9.999694591243858399e-01 -3.981463806563472450e-03 -1.491627300000000073e-02 5.480757878724961535e-02 4.344168217220529572e-03 9.984874849040321632e-01 1.476402401999999947e+00
9.985317026678942609e-01 3.418749969871522944e-03 -5.406247234264800750e-02 -8.038830800000000554e-02 -3.591493953946500207e-03 9.999887503722291182e-01 -3.098435115713054668e-03 -1.545719000000000086e-02 5.405127138499929429e-02 3.288050734252970751e-03 9.985327479777686976e-01 1.529259324000000086e+00
9.985107282870929746e-01 1.603584797955236304e-03 -5.453213741799407821e-02 -8.266027300000000633e-02 -1.509034513254192212e-03 9.999972861318814354e-01 1.774977101224649171e-03 -1.612682500000000088e-02 5.453483575126114036e-02 -1.690042800591464106e-03 9.985104383254663762e-01 1.581832289999999919e+00
9.984834902362887954e-01 -1.298955936819607424e-03 -5.503664632799835227e-02 -8.604063100000000630e-02 1.578859049721708470e-03 9.999860396797949358e-01 5.042583625545156260e-03 -1.647877299999999864e-02 5.502932790485529774e-02 -5.121831605363980598e-03 9.984716019553816491e-01 1.633827447999999904e+00
9.983721987973916967e-01 -7.290932272087986658e-03 -5.656673028437408934e-02 -8.792172400000000665e-02 7.529715498732390648e-03 9.999636138831660137e-01 4.009276022736602517e-03 -1.705713400000000157e-02 5.653544068077516471e-02 -4.428681104140069248e-03 9.983907705556518408e-01 1.685688614999999890e+00
9.982637599823691588e-01 -9.886592050926786696e-03 -5.806652050434317480e-02 -9.063537400000000466e-02 9.916777273176791835e-03 9.999508007126556297e-01 2.316951294601156115e-04 -1.720429199999999950e-02 5.806137299769063842e-02 -8.071256019743812665e-04 9.983126892481561931e-01 1.739489435999999944e+00
9.981886599683975625e-01 -1.039852471539180583e-02 -5.925596842714030144e-02 -9.440212000000000603e-02 1.020396689598625402e-02 9.999415117168686251e-01 -3.584997206296549211e-03 -1.787940400000000152e-02 5.928978132933598877e-02 2.973857617123455092e-03 9.982363838293977221e-01 1.792478323000000096e+00
9.980649818643901883e-01 -8.513417818221829386e-03 -6.159394201613369035e-02 -9.733509299999999753e-02 8.268680650770160456e-03 9.999568789071376917e-01 -4.227203164232592493e-03 -1.857173399999999946e-02 6.162727396477987729e-02 3.709722812893431320e-03 9.980923389448099758e-01 1.845772385999999932e+00
9.980133942123520230e-01 -8.138447604010695668e-03 -6.247423983800933639e-02 -1.006534250000000047e-01 7.994698625805179981e-03 9.999647890811866890e-01 -2.550566937050512909e-03 -1.957061900000000090e-02 6.249279771800018285e-02 2.046037246630428869e-03 9.980433176796298378e-01 1.898970604000000062e+00
9.979782826018890329e-01 -5.422358945891783688e-03 -6.332413030153673239e-02 -1.046355219999999947e-01 5.442940413483086590e-03 9.999851754598096942e-01 1.525131761401837458e-04 -2.021299500000000096e-02 6.332236456923705237e-02 -4.968743055654431875e-04 9.979930016093725431e-01 1.953012465999999892e+00
9.978966997789558979e-01 -4.647303306213230317e-03 -6.465739820197211052e-02 -1.082720380000000010e-01 4.715675907847282494e-03 9.999884717228936237e-01 9.048878625188920815e-04 -2.051322200000000109e-02 6.465244752521343008e-02 -1.207887946642763896e-03 9.979071109255148730e-01 2.008739948000000108e+00
9.978476930840474157e-01 -4.112855868646924686e-03 -6.544513598006017341e-02 -1.121587899999999943e-01 4.390113842601519982e-03 9.999819859472001138e-01 4.093248287447059063e-03 -2.123537099999999941e-02 6.542712210768426850e-02 -4.371749958246276026e-03 9.978477737084994192e-01 2.060534477000000031e+00
9.978328811905058382e-01 -4.756102291214090935e-03 -6.562713391615875025e-02 -1.153116450000000043e-01 5.251899255801384392e-03 9.999589439576764827e-01 7.384304520757383784e-03 -2.146285399999999996e-02 6.558931901812091458e-02 -7.712968951310068648e-03 9.978168926915875758e-01 2.114775895999999822e+00
9.978475937345210323e-01 1.697042268727448882e-03 -6.555379261159906268e-02 -1.201286169999999931e-01 -1.080279337493925997e-03 9.999548322240345843e-01 9.442801933529731614e-03 -2.198392000000000054e-02 6.556685652659711983e-02 -9.351660779831653600e-03 9.978043564576573043e-01 2.168231726000000137e+00
9.978347357584277377e-01 1.685939564715455185e-03 -6.574950738745402590e-02 -1.235945819999999945e-01 -1.133328131012307843e-03 9.999637302616256607e-01 8.441192368510003902e-03 -2.189265199999999856e-02 6.576135401021029891e-02 -8.348399190195834180e-03 9.978004552763568569e-01 2.221440315000000165e+00
9.978097113205520730e-01 1.838174948551876296e-03 -6.612413407565477519e-02 -1.269184800000000002e-01 -1.362722079324645398e-03 9.999729007355867560e-01 7.234693012909655489e-03 -2.262182299999999924e-02 6.613564079171814492e-02 -7.128738129223080068e-03 9.977851763329388390e-01 2.275048255999999824e+00
9.978209613867341510e-01 4.426379412467884751e-03 -6.583111864878611608e-02 -1.311279830000000035e-01 -4.132356540605910088e-03 9.999808732710184778e-01 4.601817201141097935e-03 -2.268165700000000090e-02 6.585022890374024607e-02 -4.319752010044905499e-03 9.978201677135498660e-01 2.328361750000000008e+00
9.977366644632439385e-01 4.521521675059503656e-03 -6.709026924601095565e-02 -1.347307120000000025e-01 -4.199861707438967695e-03 9.999790047003107585e-01 4.934705686689576029e-03 -2.346686300000000100e-02 6.711117304442430764e-02 -4.641766939197367742e-03 9.977347064487049888e-01 2.381543159000000021e+00
9.976716927302083926e-01 2.301802890449098065e-03 -6.816080419342375463e-02 -1.383323519999999918e-01 -1.903109356350462860e-03 9.999807031862604223e-01 5.913664675122511614e-03 -2.366918299999999989e-02 6.817310099752323105e-02 -5.770178382471436405e-03 9.976568214279978308e-01 2.434531688999999943e+00
9.975672838053585290e-01 2.483969752546768758e-03 -6.966594702914599702e-02 -1.421083360000000018e-01 -2.018811857058168922e-03 9.999752036616506023e-01 6.746588806668048742e-03 -2.371808499999999986e-02 6.968097789128066544e-02 -6.589533830923854744e-03 9.975475624570520061e-01 2.488974570999999969e+00
9.975748384571131444e-01 5.452980068789116397e-03 -6.938808749082192584e-02 -1.457204820000000123e-01 -5.222966660011811590e-03 9.999802495351515219e-01 3.495877412702327273e-03 -2.458960199999999860e-02 6.940577999369343387e-02 -3.124987677675849108e-03 9.975836166234294256e-01 2.539296627000000139e+00
9.974955109268517361e-01 5.678672826380889126e-03 -7.050147768458500663e-02 -1.496512889999999929e-01 -5.757302014044098949e-03 9.999830106011975417e-01 -9.121307386383676295e-04 -2.478901999999999842e-02 7.049510021482485733e-02 1.315744616636711512e-03 9.975112579123133205e-01 2.592005729999999897e+00
9.974940916081351805e-01 6.928881170193182046e-03 -7.040971390788773598e-02 -1.539378760000000013e-01 -7.083080079618020788e-03 9.999730316844722688e-01 -1.940587630358469543e-03 -2.575674500000000103e-02 7.039436897541574700e-02 2.434442337522968545e-03 9.975162686929263112e-01 2.643135548000000057e+00
9.974618326569624216e-01 5.523012767652644463e-03 -7.098865206906196379e-02 -1.574587669999999995e-01 -5.428680930046925722e-03 9.999841068100533414e-01 1.521693352650938143e-03 -2.622111099999999834e-02 7.099592816474573076e-02 -1.132456298540068969e-03 9.974759624806796010e-01 2.695876837000000137e+00
9.974891962209926355e-01 3.657607066026814444e-03 -7.072429096815727179e-02 -1.612776959999999982e-01 -3.330611538029838378e-03 9.999832153156957837e-01 4.740897980923097083e-03 -2.701302100000000164e-02 7.074044422521508224e-02 -4.493439376839183236e-03 9.974846357480329218e-01 2.746720790999999995e+00
9.974793271636525072e-01 1.445024206474726037e-03 -7.094296149858479728e-02 -1.647808550000000039e-01 -1.042808530821494285e-03 9.999831753548957813e-01 5.706273521990191076e-03 -2.781478100000000023e-02 7.095001361180298949e-02 -5.617909947874076028e-03 9.974640518115439614e-01 2.798121929000000119e+00
9.975114552111780108e-01 -1.747828156944816183e-03 -7.048291863431702109e-02 -1.689359400000000067e-01 2.085973381949433100e-03 9.999866650957284220e-01 4.724229648662419713e-03 -2.838846500000000161e-02 7.047372160974443855e-02 -4.859498683742334742e-03 9.975017994144246281e-01 2.849290609000000085e+00
9.974430625406598416e-01 -3.930997377576476472e-03 -7.135744004045282973e-02 -1.723328680000000002e-01 4.138123272909234769e-03 9.999876427322473837e-01 2.755053281067390645e-03 -2.849828800000000009e-02 7.134572815023715320e-02 -3.043294665457174381e-03 9.974470038214018341e-01 2.900464295999999997e+00
9.973173422227232798e-01 -5.439395238005942726e-03 -7.299679363676338240e-02 -1.754685340000000093e-01 5.740595137549181493e-03 9.999758508993712436e-01 3.917037853430520647e-03 -2.899175099999999963e-02 7.297372451280122185e-02 -4.325574819977012070e-03 9.973244832717216291e-01 2.951618670999999861e+00
9.972211397486776541e-01 -9.161679252095164885e-03 -7.393282134228373881e-02 -1.792507620000000079e-01 9.800664024795941939e-03 9.999176527265041248e-01 8.284609260034499212e-03 -2.952790799999999855e-02 7.385083224325497686e-02 -8.986178231045038184e-03 9.972288118469996299e-01 3.002234935999999799e+00
9.972063070570926779e-01 -9.447913337314052182e-03 -7.409668075646870522e-02 -1.832754159999999966e-01 1.047066926545292022e-02 9.998550339317668900e-01 1.342669752541001196e-02 -2.993275600000000133e-02 7.395908497736390641e-02 -1.416502929315555451e-02 9.971606719553449683e-01 3.052782296999999812e+00
9.971890031559977885e-01 -8.046595465860102367e-03 -7.449392113559556716e-02 -1.873317509999999908e-01 9.232088747259946035e-03 9.998359510209131606e-01 1.558331105602589646e-02 -2.999765799999999996e-02 7.435630788379858636e-02 -1.622724090888350360e-02 9.970997022015275491e-01 3.103196143999999990e+00
9.970645969029519051e-01 -6.827011369248653372e-03 -7.625996012665024748e-02 -1.906938999999999995e-01 7.747874548606533546e-03 9.999005254875329429e-01 1.178599040108628364e-02 -3.032839699999999999e-02 7.617191111382982938e-02 -1.234224637250417624e-02 9.970183092159076166e-01 3.152811766000000127e+00
9.969665231848119369e-01 -5.438486346598595499e-03 -7.764131963745629639e-02 -1.950544859999999991e-01 5.764395294140990493e-03 9.999754887494074485e-01 3.974122202024868260e-03 -3.038755599999999960e-02 7.761780334227888489e-02 -4.409622052013351286e-03 9.969734358736332958e-01 3.202324152000000090e+00
9.969192851141912559e-01 -3.817345040147996672e-03 -7.834134824123405172e-02 -1.992182429999999893e-01 3.752113775648591859e-03 9.999924807525387704e-01 -9.798370263289523686e-04 -3.073800200000000038e-02 7.834449954926277215e-02 6.828727758774563077e-04 9.969261121442990481e-01 3.250833511000000176e+00
9.968454996893612030e-01 1.075382316873751140e-03 -7.935926727194630992e-02 -2.035272419999999971e-01 -1.064004479694706821e-03 9.999994167127818079e-01 1.856571121494020034e-04 -3.164623700000000067e-02 7.935942063507547828e-02 -1.006328408488140060e-04 9.968460624537253123e-01 3.298927068999999879e+00
9.967885502306464973e-01 3.721860982660869788e-03 -7.999208635803693734e-02 -2.080100179999999910e-01 -3.545224897200246854e-03 9.999909542134227669e-01 2.350079095793403735e-03 -3.233918499999999946e-02 8.000010943438866373e-02 -2.058941998687750883e-03 9.967927283283781748e-01 3.346777438999999799e+00
9.966655462523315023e-01 6.829296158987981959e-03 -8.130897630344625926e-02 -2.119773630000000020e-01 -6.520085659627119536e-03 9.999704702519294219e-01 4.067813555963228564e-03 -3.333273900000000012e-02 8.133435557335337573e-02 -3.524108129411669069e-03 9.966806425657916968e-01 3.393251896000000212e+00
9.966018717934617133e-01 7.373840294054859017e-03 -8.203862271568293507e-02 -2.159010170000000006e-01 -7.116783604195175451e-03 9.999688087213074450e-01 3.425343139062265573e-03 -3.350019500000000344e-02 8.206132175939803708e-02 -2.829852258870619707e-03 9.966232645324377692e-01 3.438984631999999930e+00
9.964313062419088984e-01 9.172176136094108839e-03 -8.390782517722460143e-02 -2.201207880000000117e-01 -8.813090955713580310e-03 9.999503572362600234e-01 4.648923626215575172e-03 -3.417306800000000089e-02 8.394630050722627634e-02 -3.892845746305863275e-03 9.964626758605391599e-01 3.485227822999999781e+00
9.963288853876238749e-01 1.009396416658111389e-02 -8.501096417321055143e-02 -2.243516740000000009e-01 -9.674382631766887536e-03 9.999389106783335146e-01 5.346141797775099888e-03 -3.475407900000000022e-02 8.505973467481120487e-02 -4.504086903194388231e-03 9.963656732034775754e-01 3.529441117999999822e+00
9.962074722170181085e-01 9.637675007618270659e-03 -8.647420146741295610e-02 -2.285472450000000100e-01 -9.185124700635398029e-03 9.999419681641792401e-01 5.629723632775111494e-03 -3.520518200000000153e-02 8.652344065750607049e-02 -4.814096425621245193e-03 9.962381837153161390e-01 3.573822736999999972e+00
9.961070899090583852e-01 9.461578764000567673e-03 -8.764213575786350408e-02 -2.325268689999999971e-01 -8.917554715195537621e-03 9.999384778652268269e-01 6.596794863783066350e-03 -3.555260200000000259e-02 8.769915992076923739e-02 -5.789560593512629687e-03 9.961301814207446093e-01 3.616981029999999819e+00
9.959758048022113730e-01 1.212582505965595359e-02 -8.879842687351023611e-02 -2.370725419999999972e-01 -1.135985321443937907e-02 9.998938268028216836e-01 9.126272873156593413e-03 -3.566967699999999686e-02 8.889966244893125757e-02 -8.080809874730521952e-03 9.960078064594848346e-01 3.660381317000000134e+00
9.958279132568029768e-01 1.336471833488079956e-02 -9.026711185382364777e-02 -2.404185379999999872e-01 -1.219261329460183570e-02 9.998342092297062278e-01 1.352383950867585075e-02 -3.622675300000000043e-02 9.043288870565678594e-02 -1.236682488909033803e-02 9.958257650224324742e-01 3.701508522000000134e+00
9.956450678687713829e-01 1.712692022164275657e-02 -9.163824219348094824e-02 -2.451571670000000092e-01 -1.580096242439376492e-02 9.997599875770573075e-01 1.517553380890046717e-02 -3.656067000000000344e-02 9.187615803380376478e-02 -1.366147296757085246e-02 9.956767225065090710e-01 3.743136643999999791e+00
9.954828982882132360e-01 1.986236099204363031e-02 -9.284010895900982052e-02 -2.493518439999999892e-01 -1.890356527827628114e-02 9.997586289418898264e-01 1.119549355779425950e-02 -3.709162800000000149e-02 9.304006897820432664e-02 -9.389913314531123101e-03 9.956180869653165066e-01 3.783099174000000176e+00
9.953818473207906026e-01 1.979871943591873101e-02 -9.393076563590983807e-02 -2.537437679999999807e-01 -1.951669199728052473e-02 9.998018454200716665e-01 3.920284186430958787e-03 -3.741949399999999759e-02 9.398976943121913064e-02 -2.068961893527336126e-03 9.955710133581378019e-01 3.822069406999999863e+00
9.952465060872209834e-01 1.881345894887911235e-02 -9.555336667830248432e-02 -2.573174240000000168e-01 -1.910757050535081408e-02 9.998150921685132753e-01 -2.163844137272783255e-03 -3.761745600000000050e-02 9.549498871963039981e-02 3.979351008167358178e-03 9.954219567073008257e-01 3.859912157000000121e+00
9.951797194103594313e-01 1.998292804620255964e-02 -9.601046120615484847e-02 -2.611765859999999884e-01 -2.039839193484278140e-02 9.997863266535915727e-01 -3.347632445524393544e-03 -3.812995599999999957e-02 9.592305083133466359e-02 5.289954935354146057e-03 9.953746956277275126e-01 3.897388934999999943e+00
9.950710059542189345e-01 2.269101589722917478e-02 -9.653398835027272862e-02 -2.654869850000000087e-01 -2.275866695203057621e-02 9.997409078355421475e-01 4.003482642018488984e-04 -3.879975499999999827e-02 9.651806145911474843e-02 1.798609940423696874e-03 9.953296081271052476e-01 3.933496236999999951e+00
9.949147759078411646e-01 2.302516621856910695e-02 -9.805320188988010666e-02 -2.687401469999999848e-01 -2.283859962536971544e-02 9.997345891455101663e-01 3.024836063362256779e-03 -3.993053700000000206e-02 9.809682485892388948e-02 -7.700562741894990959e-04 9.951765772795962972e-01 3.968174218999999781e+00
9.949696742561296992e-01 1.975677154772336949e-02 -9.820904891435544570e-02 -2.728153770000000256e-01 -1.988097775721234597e-02 9.998023128761662770e-01 -2.861658362212547929e-04 -4.051258399999999732e-02 9.818398053689011973e-02 2.237218245871574855e-03 9.951657654986187929e-01 4.000962257000000299e+00
9.950191439015542150e-01 1.177842094281339805e-02 -9.898571649239046311e-02 -2.753115890000000232e-01 -1.238994405276869562e-02 9.999077534377883714e-01 -5.565420142645224368e-03 -4.123512700000000336e-02 9.891103353917229946e-02 6.764127075151259334e-03 9.950732907827060103e-01 4.034539223000000341e+00
9.951887771861097631e-01 7.574671815297876788e-03 -9.768276260275460254e-02 -2.784351709999999813e-01 -8.634008866724846715e-03 9.999083666167117856e-01 -1.042651719361861046e-02 -4.182642000000000304e-02 9.759483415481015611e-02 1.121974673466561573e-02 9.951629844550615722e-01 4.065583705999999964e+00
9.954611990784126840e-01 9.885248903139548515e-03 -9.465348901911542490e-02 -2.815584540000000136e-01 -1.095112483621486429e-02 9.998822698581644186e-01 -1.074798995656969444e-02 -4.232181599999999821e-02 9.453609889449883508e-02 1.173576914428122939e-02 9.954522578850287795e-01 4.097635269000000413e+00
9.957616644165805386e-01 1.482882489807908592e-02 -9.076791079706070242e-02 -2.845548989999999723e-01 -1.559213944665143077e-02 9.998487386336579741e-01 -7.706168967722293144e-03 -4.295969399999999966e-02 9.063990768859617186e-02 9.088773560003541446e-03 9.958422572523107918e-01 4.127708434999999731e+00
9.962026674414370397e-01 1.359869783642825639e-02 -8.599605107049392017e-02 -2.871870100000000203e-01 -1.405003666710567464e-02 9.998905029565909874e-01 -4.645273605322303677e-03 -4.370867500000000239e-02 8.592346508503055647e-02 5.835881627384111904e-03 9.962846483979428402e-01 4.157790660999999943e+00
9.967307510864289455e-01 9.858219736159596486e-03 -8.019117995338954918e-02 -2.890230719999999920e-01 -1.000567583167717364e-02 9.999489091852363787e-01 -1.437174452611229575e-03 -4.355974900000000177e-02 8.017291493911583855e-02 2.234842922766722747e-03 9.967784654512134024e-01 4.186666964999999685e+00
9.973784886011118900e-01 5.222789014198489857e-03 -7.217252213048160059e-02 -2.903963030000000223e-01 -5.034593022679252974e-03 9.999834363215479582e-01 2.789257185098124609e-03 -4.489142100000000080e-02 7.218589438981605488e-02 -2.418585839245672529e-03 9.973882629616616091e-01 4.215246201000000248e+00
9.980945813790914611e-01 8.974762125004531743e-03 -6.104637799653471475e-02 -2.922227079999999977e-01 -8.841009565424790689e-03 9.999578897196563787e-01 2.460759491623841326e-03 -4.518742500000000328e-02 6.106589204752749245e-02 -1.916359102865022998e-03 9.981318972942546663e-01 4.242782593000000269e+00
9.988324288564601749e-01 1.407564436976948760e-02 -4.621315072877012903e-02 -2.936387360000000113e-01 -1.399849045711458809e-02 9.999000306197365351e-01 1.992744733242271873e-03 -4.572344200000000303e-02 4.623657999491660037e-02 -1.343503712525410433e-03 9.989296139709483713e-01 4.269716263000000289e+00
9.994314972811111364e-01 1.910329047941526637e-02 -2.778032640728755887e-02 -2.945300639999999803e-01 -1.903783250684507045e-02 9.998153341530012783e-01 2.618878760767915075e-03 -4.604467000000000282e-02 2.782522553147898092e-02 -2.088512719944553026e-03 9.996106216616252871e-01 4.295834064000000119e+00
9.998259468099979230e-01 1.768566263792431537e-02 -5.940826756322578096e-03 -2.936930950000000151e-01 -1.766836029726685797e-02 9.998395432691266072e-01 2.952415924336741597e-03 -4.625918700000000022e-02 5.992088942687229074e-03 -2.846937379332547917e-03 9.999779946667132213e-01 4.321532726000000046e+00
9.996879402481263499e-01 1.428835436379360252e-02 2.049060887414880586e-02 -2.922205629999999887e-01 -1.436682955531187744e-02 9.998899913966410313e-01 3.687724685195848708e-03 -4.663868599999999864e-02 -2.043566321378639458e-02 -3.980958979925065290e-03 9.997832443257953505e-01 4.346495628000000444e+00
9.986678918010598593e-01 1.325347355635685120e-02 4.986769820552759691e-02 -2.897832100000000133e-01 -1.352198373129059536e-02 9.998958166071554299e-01 5.050929368011498020e-03 -4.694239399999999840e-02 -4.979556046072122766e-02 -5.718511187440155318e-03 9.987430604455791450e-01 4.370833397000000176e+00
9.964340861166625096e-01 1.305753545282542678e-02 8.335833967126492217e-02 -2.869846220000000225e-01 -1.362446572776913715e-02 9.998877375753645325e-01 6.235878450694338875e-03 -4.718804699999999686e-02 -8.326755645799037431e-02 -7.349354687127089385e-03 9.965001259544317147e-01 4.394981860999999768e+00
9.926308800570928792e-01 1.260907986455136846e-02 1.205194883081181917e-01 -2.825990319999999723e-01 -1.354838586808603494e-02 9.998838707838728634e-01 6.977548755026206570e-03 -4.780332000000000331e-02 -1.204175120049020137e-01 -8.558974893565605632e-03 9.926864392905347945e-01 4.418324471000000031e+00
9.866815433769108301e-01 1.312087508918632038e-02 1.621338169422140707e-01 -2.777211960000000035e-01 -1.438206909133980284e-02 9.998747410237803779e-01 6.607446653604631681e-03 -4.793580599999999747e-02 -1.620268127440928629e-01 -8.851265419264784870e-03 9.867466579890040723e-01 4.440963267999999964e+00
9.781678507002428136e-01 1.267453470393394184e-02 2.074295350872344956e-01 -2.718154489999999868e-01 -1.436266890743850312e-02 9.998748419800128628e-01 6.634313626858607746e-03 -4.849363899999999811e-02 -2.073194867790357221e-01 -9.468714035337463461e-03 9.782274652943425686e-01 4.462967395999999809e+00
9.664666300779893859e-01 1.464473510640610515e-02 2.563743058096071281e-01 -2.648187880000000272e-01 -1.635415417712718714e-02 9.998559691796603532e-01 4.536798094785237691e-03 -4.901224400000000342e-02 -2.562709398016979612e-01 -8.577448890275601173e-03 9.665669313522416983e-01 4.484243392999999855e+00
9.508144702283424232e-01 1.552772285734930167e-02 3.093715129537008557e-01 -2.564546169999999958e-01 -1.693862270284713506e-02 9.998547734867391235e-01 1.874832449076614324e-03 -4.987384000000000261e-02 -3.092974721288991868e-01 -7.022945154767411616e-03 9.509394049969882579e-01 4.504728316999999649e+00
9.308064959805697480e-01 1.597470493080848861e-02 3.651630811606604299e-01 -2.469746019999999875e-01 -1.682738764306470833e-02 9.998580504955018045e-01 -8.472806172733797145e-04 -4.990527000000000157e-02 -3.651247815000832064e-01 -5.356086417149844535e-03 9.309431810120359918e-01 4.524581909000000124e+00
9.063770507660902087e-01 1.676292838214362910e-02 4.221369991799100441e-01 -2.364552020000000032e-01 -1.711768633734972109e-02 9.998491296564664399e-01 -2.950040620493464896e-03 -5.016912500000000191e-02 -4.221227625454712640e-01 -4.552159626108721359e-03 9.065272478992112415e-01 4.542790412999999639e+00
8.771849947509550161e-01 1.694296160831771161e-02 4.798535412349336227e-01 -2.244390549999999984e-01 -1.634355076266316362e-02 9.998517073940029753e-01 -5.426930049795929481e-03 -5.042774199999999762e-02 -4.798743307702917349e-01 -3.082089102572776323e-03 8.773318228552572373e-01 4.560839175999999995e+00
8.432196825460713807e-01 1.598053369558862652e-02 5.373315452397212644e-01 -2.120197420000000110e-01 -1.396684289153849595e-02 9.998718874382328536e-01 -7.818951998119083244e-03 -5.079877399999999793e-02 -5.373876573448125304e-01 -9.117310513338562628e-04 8.433348531158570971e-01 4.577159882000000124e+00
8.066949102352862777e-01 1.558334127058615126e-02 5.907626268437499162e-01 -1.972461940000000136e-01 -1.219647854846052024e-02 9.998783698433921785e-01 -9.720670261744293605e-03 -5.119729800000000219e-02 -5.908422528149964714e-01 6.363915186926461659e-04 8.067868536945397295e-01 4.592745304000000139e+00
7.666051451457434052e-01 1.420511581636923343e-02 6.419616547121153038e-01 -1.824955339999999870e-01 -1.133576544456261007e-02 9.998988621194520032e-01 -8.588710846862281090e-03 -5.194192400000000043e-02 -6.420187317032576280e-01 -6.929768168461520120e-04 7.666886381871533818e-01 4.607132911999999969e+00
7.237219848088578544e-01 1.375856720967573790e-02 6.899544843920243364e-01 -1.666420100000000071e-01 -1.245015113375490950e-02 9.998988261431462909e-01 -6.879768477565195370e-03 -5.237068599999999963e-02 -6.899793347927704046e-01 -3.610997908483747770e-03 7.238200593055093002e-01 4.620833873999999675e+00
6.782309192579993873e-01 1.219781764167947140e-02 7.347475984358367018e-01 -1.500699520000000065e-01 -1.126788320681193327e-02 9.999173011816365753e-01 -6.198839058231774696e-03 -5.302018299999999851e-02 -7.347624479860732638e-01 -4.074805812863633095e-03 6.783122739469635842e-01 4.633314610000000222e+00
6.320666970205564006e-01 1.140181079164267336e-02 7.748301034602331772e-01 -1.323935990000000007e-01 -7.703822633255013458e-03 9.999347918548964209e-01 -8.429896496415175550e-03 -5.317385899999999693e-02 -7.748756943112613538e-01 -6.408968532499695510e-04 6.321133186516987301e-01 4.644264697999999747e+00
5.851083948333850593e-01 9.156087634986966040e-03 8.109034050703697316e-01 -1.142921449999999978e-01 -2.191423318854412560e-03 9.999504610412305317e-01 -9.709434961320113217e-03 -5.364436699999999836e-02 -8.109521341974120778e-01 3.904039273747507508e-03 5.850994740366904923e-01 4.654279708999999876e+00
5.381357058185259890e-01 1.102962318101880640e-02 8.427860401879481156e-01 -9.612715199999999349e-02 -3.819288230470983987e-03 9.999360191140114207e-01 -1.064756854103264885e-02 -5.432919399999999732e-02 -8.428495566591998056e-01 2.510994007984661443e-03 5.381434007292873467e-01 4.663661957000000413e+00
4.905338279199650819e-01 1.419335967330215796e-02 8.713065546679711337e-01 -7.771897299999999675e-02 -7.792814680005083830e-03 9.998988158438836260e-01 -1.190084506925210769e-02 -5.481745300000000209e-02 -8.713873052240025396e-01 -9.521634226985400268e-04 4.905947998901611928e-01 4.672453402999999561e+00
4.447311578756988348e-01 1.635551037749203782e-02 8.955147650903539924e-01 -5.871295900000000206e-02 -8.579431175134565046e-03 9.998651788646076843e-01 -1.400062337030874918e-02 -5.543370499999999979e-02 -8.956230181137884161e-01 -1.456493850950511988e-03 4.448115196916675451e-01 4.680070399999999964e+00
4.023087090842234481e-01 1.367672749404509613e-02 9.154019061155811432e-01 -3.952646299999999779e-02 -6.765790325761232918e-04 9.998925752682624735e-01 -1.464172681805792423e-02 -5.586633800000000150e-02 -9.155038202191174701e-01 5.271152478878718232e-03 4.022747445661311039e-01 4.686227798000000000e+00
3.630247537999935492e-01 6.244387546724869918e-03 9.317585716013673247e-01 -1.935291299999999937e-02 1.486985285975189058e-02 9.998113766977251293e-01 -1.249393859953581640e-02 -5.615027999999999686e-02 -9.316608372172693331e-01 1.839072184461365556e-02 3.628634257481052616e-01 4.691005707000000413e+00
3.278812788703981407e-01 2.662402860436601654e-03 9.447151838397228607e-01 1.017808999999999945e-03 1.901719161543433817e-02 9.997747999196314739e-01 -9.417848412606814532e-03 -5.647839600000000015e-02 -9.445275080109495347e-01 2.105376585482335305e-02 3.277568085546908039e-01 4.695961952000000217e+00
2.948253582469157474e-01 6.819910477288885706e-03 9.555268164503074590e-01 2.145361900000000016e-02 1.645950021381845096e-02 9.997899249721040604e-01 -1.221436764576276472e-02 -5.688360700000000270e-02 -9.554093850215670258e-01 1.932859915659464536e-02 2.946511704835984569e-01 4.701218605000000217e+00
2.634741529148084127e-01 1.439164196774464673e-02 9.645590968869126591e-01 4.192566899999999874e-02 5.786455879800941546e-03 9.998471423328542107e-01 -1.649875441286966296e-02 -5.771680900000000086e-02 -9.646491007999620226e-01 9.928374000677055861e-03 2.633506022691564086e-01 4.706828594000000088e+00
2.348890768486827652e-01 1.869737518640555984e-02 9.718423379017362418e-01 6.304073300000000157e-02 1.495633914047266380e-03 9.998068441516426708e-01 -1.959687390192624626e-02 -5.863900899999999888e-02 -9.720210309743142485e-01 6.056611979616319426e-03 2.348157422213417167e-01 4.711570262999999592e+00
2.094311864539316337e-01 2.024174733726420358e-02 9.776138551622685080e-01 8.508849100000000221e-02 2.513880635734665886e-03 9.997712651417701712e-01 -2.123906309076985591e-02 -5.963353099999999657e-02 -9.778201565444678556e-01 6.905726721988181098e-03 2.093323969045246535e-01 4.715119362000000258e+00
1.860910163866660583e-01 2.165139942724456090e-02 9.822939226743792052e-01 1.075139050000000068e-01 9.946595955394064992e-03 9.996644263404713682e-01 -2.391861070957681037e-02 -6.036043199999999859e-02 -9.824821621022326035e-01 1.422151933578329544e-02 1.858132114213201236e-01 4.717806339000000015e+00
1.661067624314726265e-01 2.796139134799678974e-02 9.857112681046201752e-01 1.308062080000000071e-01 1.708504760647792595e-02 9.993662614216933804e-01 -3.122781901305099125e-02 -6.047197800000000262e-02 -9.859597581153191070e-01 2.202807585586304476e-02 1.655237724656782872e-01 4.720295905999999597e+00
1.465614873835368592e-01 3.482193690764238264e-02 9.885884700551215154e-01 1.544859409999999877e-01 1.958518494647311717e-02 9.990821694466586189e-01 -3.809513386734009188e-02 -6.048199499999999673e-02 -9.890076597006405290e-01 2.494496750365277071e-02 1.457449746979424532e-01 4.722905158999999742e+00
1.285699700086365971e-01 3.573432710474548635e-02 9.910564164962302192e-01 1.793344020000000039e-01 1.724470927435904979e-02 9.991189240574145369e-01 -3.826219534210065221e-02 -6.128008699999999698e-02 -9.915504943340108790e-01 2.200984908456406208e-02 1.278404620190868313e-01 4.726169108999999757e+00
1.133663942051748169e-01 3.114478264058035545e-02 9.930649843686908396e-01 2.047517299999999929e-01 1.518531319867716563e-02 9.993375048959870499e-01 -3.307502942282904146e-02 -6.274856600000000562e-02 -9.934371982807846946e-01 1.882959963817421034e-02 1.128183462451523011e-01 4.728520869999999654e+00
9.874869047680565060e-02 2.775413634746501032e-02 9.947252907434909197e-01 2.312343119999999974e-01 1.548312836172274429e-02 9.994471291908323396e-01 -2.942292793618786484e-02 -6.417473399999999717e-02 -9.949919441207806248e-01 1.830693496492542122e-02 9.826437435276091925e-02 4.730745791999999561e+00
8.553973887504741358e-02 2.545283667205287467e-02 9.960095914089053259e-01 2.584609990000000246e-01 1.805440975955084973e-02 9.994698952578380258e-01 -2.709182093401010794e-02 -6.505983299999999747e-02 -9.961711656946425908e-01 2.029979257608396231e-02 8.503485791100628965e-02 4.732500553000000387e+00
7.414667381362792520e-02 2.465855288507906931e-02 9.969424389261343222e-01 2.864851950000000258e-01 2.192954692418258231e-02 9.994121968753565399e-01 -2.635063013428246004e-02 -6.603307299999999769e-02 -9.970062014521652305e-01 2.381630757248989066e-02 7.356233927450261945e-02 4.733857632000000315e+00
