9.999913507733602103e-01 -2.727709133236184708e-03 -3.139742243388284407e-03 -3.026579999999999744e-04 2.721856540522212421e-03 9.999945532585364782e-01 -1.866802140837593412e-03 -5.335210000000000169e-04 3.144817235273530097e-03 1.858240066482065448e-03 9.999933285119516624e-01 3.772107100000000185e-02
9.999740305470042889e-01 -1.371043625390181439e-03 -7.075201124787762301e-03 -8.832879999999999768e-04 1.346662729405146948e-03 9.999931434275296516e-01 -3.449579310756544122e-03 -6.237130000000000235e-04 7.079882136882798514e-03 3.439961817410981844e-03 9.999690204859461584e-01 7.591538899999999979e-02
9.999484716478134194e-01 -1.083492695801582936e-03 -1.009356690076250625e-02 -2.030964000000000120e-03 1.030764818412427440e-03 9.999858045117276939e-01 -5.227647551421862361e-03 -6.876640000000000487e-04 1.009908773559013186e-02 5.216974085704127913e-03 9.999353937171631124e-01 1.196786980000000000e-01
9.998770787677198069e-01 2.134549699448954176e-06 -1.567888230629890106e-02 -2.671413999999999993e-03 -8.926628669769068910e-05 9.999845581649372539e-01 -5.556569373739344078e-03 -1.158598999999999957e-03 1.567862833481087348e-02 5.557285948987727292e-03 9.998616390213298510e-01 1.545001719999999912e-01
9.998023081913467447e-01 -1.197773084878580360e-03 -1.984716289277809256e-02 -3.700048000000000052e-03 1.084740819472568632e-03 9.999831384597969164e-01 -5.704921861789569344e-03 -1.800893000000000025e-03 1.985366144090044624e-02 5.682265017727968111e-03 9.997867492578896842e-01 1.969347889999999990e-01
9.997009459319201596e-01 3.776744996962100179e-04 -2.445150434628163769e-02 -5.098171000000000300e-03 -5.393879091951356329e-04 9.999780255477930258e-01 -6.607380889643285626e-03 -2.511929999999999892e-03 2.444847159859619631e-02 6.618593771314901578e-03 9.996791817643213562e-01 2.369051130000000005e-01
9.995688209575185335e-01 3.191982453583778068e-03 -2.918875498564839355e-02 -6.895148000000000249e-03 -3.404714080384623528e-03 9.999679849266922549e-01 -7.241342671173039459e-03 -3.022405000000000144e-03 2.916470626677099276e-02 7.337599721062337647e-03 9.995476874760435004e-01 2.812647220000000226e-01
9.994345865525743333e-01 3.571164890536802222e-03 -3.343282793616770415e-02 -8.648660000000000722e-03 -3.758741604199296836e-03 9.999775378327887543e-01 -5.549386581093967118e-03 -3.471938999999999841e-03 3.341225918787383425e-02 5.671914244605763718e-03 9.994255601718240456e-01 3.227813540000000203e-01
9.992858866534428675e-01 2.893811145105738662e-03 -3.767416345851617304e-02 -1.070477899999999934e-02 -3.016693237094880166e-03 9.999903128563248922e-01 -3.205269945366179176e-03 -3.635811999999999985e-03 3.766452305759094427e-02 3.316632413437387971e-03 9.992849361679972953e-01 3.683557809999999932e-01
9.991698177187141594e-01 2.106265944132250205e-03 -4.068462859267901049e-02 -1.322162799999999916e-02 -2.109746659208485559e-03 9.999977735738572182e-01 -4.261880438136563768e-05 -4.590099000000000262e-03 4.068444824482205652e-02 1.284176822596611750e-04 9.991720368284499054e-01 4.178604189999999829e-01
9.990452970267501565e-01 3.822685666115581242e-03 -4.351874955729477523e-02 -1.498700000000000032e-02 -3.846622718125473211e-03 9.999924929946605312e-01 -4.663131866626030100e-04 -5.140318999999999965e-03 4.351664029307490689e-02 6.332682067883336173e-04 9.990525016178986029e-01 4.557762739999999813e-01
9.989456369417806236e-01 3.132255115485532183e-03 -4.580178394857289254e-02 -1.740627499999999883e-02 -3.163404056856283439e-03 9.999948118264018193e-01 -6.076142298195487271e-04 -5.487442000000000361e-03 4.579964311818706529e-02 7.518631329761490479e-04 9.989503628269403857e-01 5.026384590000000374e-01
9.989215233377231051e-01 6.595711702882312878e-04 -4.642580293881848341e-02 -2.064768399999999948e-02 -7.507796404261164649e-04 9.999978223735134231e-01 -1.947197515053333654e-03 -5.301921999999999711e-03 4.642441752541655309e-02 1.979953055613404948e-03 9.989198432523619386e-01 5.498387810000000542e-01
9.987611661492755699e-01 -4.217418236099112144e-05 -4.976073967976674117e-02 -2.152320900000000148e-02 2.268571870979131715e-05 9.999999228290865627e-01 -3.922080812794062838e-04 -6.066084000000000233e-03 4.976075238074015306e-02 3.905933424886233506e-04 9.987610900307156703e-01 5.941294430000000348e-01
9.987016807262718565e-01 -1.963780414069393829e-03 -5.090281407746616998e-02 -2.436988799999999927e-02 1.910160857728872459e-03 9.999975684404156517e-01 -1.101997619691061879e-03 -6.093552000000000343e-03 5.090485438558262771e-02 1.003334311942788264e-03 9.987030034601083184e-01 6.430847640000000309e-01
9.985968842893114816e-01 2.489135010345810864e-04 -5.295470451006466933e-02 -2.699730200000000080e-02 -3.895738529354119610e-04 9.999964236277545382e-01 -2.645933467309027464e-03 -7.360023000000000259e-03 5.295385651576634684e-02 2.662850684758651717e-03 9.985934099053218604e-01 6.886073350000000426e-01
9.985271967450304320e-01 7.449427813197910487e-04 -5.424834025814862654e-02 -2.987758299999999922e-02 -1.060212530448167208e-03 9.999827159622362016e-01 -5.783055090512429636e-03 -7.363844999999999939e-03 5.424309458264333500e-02 5.832052558249159468e-03 9.985107279609249931e-01 7.364947200000000471e-01
9.984195552058706680e-01 4.661797249058735951e-03 -5.600588744873090385e-02 -3.318368599999999696e-02 -5.073631671917367553e-03 9.999611112573612015e-01 -7.213475902845059573e-03 -8.214489999999999639e-03 5.597008168806762163e-02 7.486228646780552012e-03 9.984043801669136853e-01 7.862024899999999761e-01
9.983493046447953212e-01 5.810681149273640156e-03 -5.713932008551562969e-02 -3.622515099999999710e-02 -6.237459713486539700e-03 9.999539478573339357e-01 -7.293576684656552338e-03 -8.581775999999999294e-03 5.709430804884289834e-02 7.637941418589777078e-03 9.983395724097637869e-01 8.335453269999999470e-01
9.982619297711016193e-01 4.937899133479613581e-03 -5.872594589977973151e-02 -3.897413999999999740e-02 -5.269517671348422638e-03 9.999710271654287386e-01 -5.493360831834949096e-03 -9.499680999999999403e-03 5.869711878097273045e-02 5.793270394602079848e-03 9.982590276400947760e-01 8.829904790000000503e-01
9.981905264287984636e-01 5.704293497283402861e-03 -5.985928485619430861e-02 -4.252275500000000236e-02 -5.961989671238232535e-03 9.999737096325427288e-01 -4.127314246713884548e-03 -1.006862099999999982e-02 5.983416772178093423e-02 4.476726418704749140e-03 9.981982925719787847e-01 9.341115949999999613e-01
9.981237735743120343e-01 5.236359325734725109e-03 -6.100420614012799780e-02 -4.565806299999999873e-02 -5.494579733605460536e-03 9.999766389752994256e-01 -4.065845202973488066e-03 -1.072799399999999938e-02 6.098149079291594055e-02 4.393409231483150386e-03 9.981292279740124895e-01 9.825451370000000129e-01
9.979457935477055175e-01 4.988923644855711506e-03 -6.386942759494577959e-02 -4.797506299999999835e-02 -5.325143527456487405e-03 9.999728414065408577e-01 -5.095026569207902929e-03 -1.138516900000000054e-02 6.384227429260498632e-02 5.424674201714400380e-03 9.979452574780607321e-01 1.034800767999999982e+00
9.979708767840206329e-01 3.376636801137262132e-03 -6.358244580736423235e-02 -5.230153399999999675e-02 -3.756881440768715039e-03 9.999757626717779013e-01 -5.861732750324243416e-03 -1.181013099999999975e-02 6.356111179623284702e-02 6.088710282927062636e-03 9.979593742604542239e-01 1.082924723999999950e+00
9.979279712021924542e-01 3.022925340459667494e-03 -6.426994799019428162e-02 -5.542715299999999984e-02 -3.309547835170655213e-03 9.999850461083494846e-01 -4.353671187496395943e-03 -1.221164199999999998e-02 6.425582608139893126e-02 4.557354722657196676e-03 9.979230528114524379e-01 1.135298609999999986e+00
9.979425111831329298e-01 4.776109619241273446e-03 -6.393694667723491543e-02 -5.952929700000000185e-02 -4.832075140172004124e-03 9.999880657356841063e-01 -7.207191165193757272e-04 -1.321145900000000005e-02 6.393274140330852673e-02 1.028184375574604532e-03 9.979536799939902059e-01 1.185013293999999995e+00
9.980103596767043728e-01 6.127589495061384374e-03 -6.275169021592232055e-02 -6.336032599999999460e-02 -5.953840801291176814e-03 9.999779083108377709e-01 2.955447511714089873e-03 -1.379011200000000020e-02 6.276841369421366779e-02 -2.575953660613857204e-03 9.980247946344070753e-01 1.237971066999999925e+00
9.980695672312680511e-01 4.284786810615371332e-03 -6.195788544468589648e-02 -6.576368200000000386e-02 -3.928728511464430091e-03 9.999750686724735438e-01 5.867463316031351107e-03 -1.407962700000000081e-02 6.198148158177933104e-02 -5.612720861520166700e-03 9.980615177961016382e-01 1.289111494999999996e+00
9.981430780441883366e-01 4.431673525531837354e-03 -6.075159275472955672e-02 -6.901682200000000544e-02 -4.067019697969173619e-03 9.999729732431940077e-01 6.124715009104953964e-03 -1.375472500000000063e-02 6.077709357356387426e-02 -5.866263966914971734e-03 9.981341251774837886e-01 1.342887163000000106e+00
9.982507880735629335e-01 4.890750471159931514e-03 -5.891896698296236745e-02 -7.232053600000000471e-02 -4.675895244178291527e-03 9.999819087344676838e-01 3.783940728434203107e-03 -1.467591000000000034e-02 5.893640737418621989e-02 -3.501822896675563582e-03 9.982555970903566056e-01 1.393674969999999957e+00
9.982976138508725672e-01 5.625595681646011065e-03 -5.805365494851155023e-02 -7.552613299999999530e-02 -5.712892013916285455e-03 9.999827863505360570e-01 -1.337859280958219634e-03 -1.479216199999999933e-02 5.804512937785154952e-02 1.667235989582837967e-03 9.983125679263301633e-01 1.447529792999999954e+00
9.983613774261869134e-01 4.847782758634231956e-03 -5.701805912175388763e-02 -7.866528600000000093e-02 -5.076169460704100037e-03 9.999796609861411056e-01 -3.861362149378582114e-03 -1.545691299999999921e-02 5.699818038580659746e-02 4.144468164617410959e-03 9.983656799070866894e-01 1.499166489000000047e+00
9.984089782860768869e-01 3.104782578669862403e-03 -5.630161989579998694e-02 -8.156399400000000077e-02 -3.275023109665351623e-03 9.999903396101893494e-01 -2.931707681410998783e-03 -1.589782699999999979e-02 5.629197368526982215e-02 3.111432377101338350e-03 9.984095015008518370e-01 1.553262590999999970e+00
9.984195687510468709e-01 1.392005768073513190e-03 -5.618208838157681684e-02 -8.479008100000000325e-02 -1.284290977933514981e-03 9.999972675955772772e-01 1.953304395988635436e-03 -1.664807600000000123e-02 5.618465388037606478e-02 -1.878063183452575091e-03 9.984186284054505922e-01 1.605958938999999974e+00
9.983667962729479983e-01 -2.857922460727903031e-03 -5.705762331974788271e-02 -8.792642500000000250e-02 3.141235986463237085e-03 9.999831769200929754e-01 4.876321695234735534e-03 -1.677158499999999858e-02 5.704272728549292237e-02 -5.047589128141830375e-03 9.983589780774380085e-01 1.661045074000000010e+00
9.982524042919624918e-01 -9.726236462820409684e-03 -5.828840064357203310e-02 -9.001755000000000173e-02 1.002303741584345542e-02 9.999382391251511182e-01 4.801734712846578851e-03 -1.762638399999999841e-02 5.823809789370587575e-02 -5.377570042431469716e-03 9.982882377821357123e-01 1.713760971999999994e+00
9.981373730757808760e-01 -1.169870067445538155e-02 -5.987424214058146427e-02 -9.267406899999999781e-02 1.178652424711825429e-02 9.999299161615934350e-01 1.113827294018688479e-03 -1.825891199999999867e-02 5.985701559175480441e-02 -1.817461856079712361e-03 9.982053067965779292e-01 1.766732573999999945e+00
9.980818211954184394e-01 -1.172300306289239882e-02 -6.078856305609004612e-02 -9.688410199999999972e-02 1.156355425482870347e-02 9.999287167908071927e-01 -2.974146950873260333e-03 -1.834789100000000159e-02 6.081909578604776517e-02 2.265510158258210883e-03 9.981462343021139105e-01 1.821622968000000009e+00
9.979668729856552289e-01 -1.073266921182508375e-02 -6.282459896268932642e-02 -1.005168929999999961e-01 1.054836592706126681e-02 9.999390354295246697e-01 -3.264567435449473691e-03 -1.931213000000000027e-02 6.285580641040267036e-02 2.595233296126990725e-03 9.980192444861154533e-01 1.876679301000000022e+00
9.978871496201299207e-01 -1.112258639249503328e-02 -6.401191057103250426e-02 -1.043475489999999978e-01 1.097894434975128092e-02 9.999363615350344014e-01 -2.595315210516663511e-03 -1.889221199999999851e-02 6.403670356894897164e-02 1.887048493907619124e-03 9.979457598707477395e-01 1.932616353000000009e+00
9.978145571569598804e-01 -7.952101409880564867e-03 -6.559629264544465654e-02 -1.078559230000000063e-01 8.015301745561446631e-03 9.999676316959456024e-01 7.003558589943544325e-04 -2.026119800000000110e-02 6.558860010388574413e-02 -1.224599350238126088e-03 9.978459980842955268e-01 1.987883448999999914e+00
9.977673013373152822e-01 -7.772542963891094885e-03 -6.633249548995966138e-02 -1.122315079999999937e-01 7.921192208361021656e-03 9.999666700528434538e-01 1.978256157806861180e-03 -2.078001399999999943e-02 6.631490855041007049e-02 -2.499271754365089016e-03 9.977956136126520104e-01 2.042715310999999812e+00
9.977095299216885982e-01 -6.258161569170464164e-03 -6.735376245776690529e-02 -1.164234209999999992e-01 6.558663977275535836e-03 9.999694969734782557e-01 4.241349955154619621e-03 -2.078953000000000051e-02 6.732516491087355004e-02 -4.673385965556419060e-03 9.977201419402840221e-01 2.099479913999999781e+00
9.977134837679323409e-01 -6.387656591648437077e-03 -6.728300046016787161e-02 -1.200267230000000018e-01 6.906474791433069374e-03 9.999481647877542789e-01 7.481199339509661712e-03 -2.154680700000000115e-02 6.723172549928403685e-02 -7.928781802354668146e-03 9.977058832669674082e-01 2.153666496000000041e+00
9.977378420205270659e-01 -3.481852527434010653e-04 -6.722408323846121303e-02 -1.245908740000000042e-01 1.005220432524014679e-03 9.999520575948911416e-01 9.740228109527704695e-03 -2.179899299999999915e-02 6.721746895044342085e-02 -9.785769196816845525e-03 9.976903580716427467e-01 2.207661152000000016e+00
9.977006320311806453e-01 -8.038842242263142092e-04 -6.777021923187839803e-02 -1.285811960000000087e-01 1.414964560830428431e-03 9.999587727880188126e-01 8.969425821708360697e-03 -2.195290999999999909e-02 6.776021487476566185e-02 -9.044694269768040196e-03 9.976606370834183446e-01 2.264112711000000111e+00
9.977069169408807614e-01 -9.628220389791557372e-04 -6.767555586800616529e-02 -1.321679500000000063e-01 1.452848158958163546e-03 9.999730820409699072e-01 7.191969529319010811e-03 -2.190394299999999864e-02 6.766680959339949064e-02 -7.273800052578930329e-03 9.976814595411932496e-01 2.318423270999999897e+00
9.977228059555743878e-01 1.827273114188239945e-03 -6.742301943032071032e-02 -1.366961449999999911e-01 -1.500432985765901527e-03 9.999868794269273220e-01 4.897925566096161289e-03 -2.234374199999999977e-02 6.743108464936971302e-02 -4.785608316813819325e-03 9.977124569614471694e-01 2.372931003999999788e+00
9.976111908664281325e-01 2.036875669901452510e-03 -6.904898982296826804e-02 -1.402703080000000102e-01 -1.710457884974880133e-03 9.999870835638947630e-01 4.786129877028504585e-03 -2.283036499999999830e-02 6.905784670760260757e-02 -4.656591337171551818e-03 9.976017892752737648e-01 2.427721738999999879e+00
9.975471095263767074e-01 -8.675325456159245800e-04 -6.999294009293551000e-02 -1.440376790000000018e-01 1.289181848963139509e-03 9.999812932837069956e-01 5.979221755803498621e-03 -2.284121700000000046e-02 6.998644358539206356e-02 -6.054789007642383779e-03 9.975295671028210354e-01 2.482014894000000194e+00
9.974595155534299318e-01 -8.144333024361871914e-05 -7.123558239321617358e-02 -1.476982089999999970e-01 5.585342299348662479e-04 9.999775494352977079e-01 6.677474439533398476e-03 -2.313279199999999924e-02 7.123343927840858347e-02 -6.700297930733352392e-03 9.974371675129258819e-01 2.536286592000000173e+00
9.974403659902674191e-01 2.736775050606732231e-03 -7.145086672338993306e-02 -1.520596590000000137e-01 -2.524017487362698303e-03 9.999921089572291200e-01 3.067793832165126387e-03 -2.348619899999999927e-02 7.145869876316487956e-02 -2.879598165640411250e-03 9.974394028137647528e-01 2.589674950000000031e+00
9.973942509872577578e-01 2.104416960616617080e-03 -7.211296365302730105e-02 -1.560694129999999902e-01 -2.143460830903842936e-03 9.999975951163821986e-01 -4.640443066815464683e-04 -2.455801900000000038e-02 7.211181368703292738e-02 6.174064366781988403e-04 9.973963631054900691e-01 2.643122910999999853e+00
9.973360321524219474e-01 2.713484719184960665e-03 -7.289359348490140333e-02 -1.601515560000000005e-01 -2.850467034740323657e-03 9.999943616537094737e-01 -1.775246031978627284e-03 -2.495128699999999908e-02 7.288836538259840792e-02 1.978297618900369276e-03 9.973381435252458571e-01 2.697093010000000124e+00
9.973374730992485837e-01 1.628294447262268419e-03 -7.290619595890729387e-02 -1.640997979999999912e-01 -1.496150451745645359e-03 9.999971377388523486e-01 1.867096121909283396e-03 -2.581052099999999946e-02 7.290902746458299832e-02 -1.753046290239435642e-03 9.973370546324211716e-01 2.749948977999999933e+00
9.973276532342911782e-01 -2.004155699028708647e-04 -7.305827761301729451e-02 -1.679127810000000109e-01 5.705583523992010554e-04 9.999871082613700501e-01 5.045569762626225807e-03 -2.627928699999999840e-02 7.305632455405809689e-02 -5.073770261093920805e-03 9.973149102956346823e-01 2.803073168000000059e+00
9.973285121223157690e-01 -2.174458306446015038e-03 -7.301445500009778877e-02 -1.721156239999999948e-01 2.605884967001687209e-03 9.999797029258216119e-01 5.814043336989409110e-03 -2.701932900000000165e-02 7.300033062546040785e-02 -5.988778461352887474e-03 9.973139356597371386e-01 2.855973243999999855e+00
9.972906174533001655e-01 -5.373688343228163501e-03 -7.336584909346524630e-02 -1.755162779999999978e-01 5.755723982372429846e-03 9.999709512026069280e-01 4.996838239542627028e-03 -2.785959799999999931e-02 7.333686645237852408e-02 -5.405573470342102393e-03 9.972925768270827218e-01 2.908563374999999951e+00
9.972495474111765512e-01 -8.153649631952208238e-03 -7.366721242101489930e-02 -1.798038040000000115e-01 8.412357969924736528e-03 9.999594880920266160e-01 3.202250477069525612e-03 -2.810847199999999893e-02 7.363811799326086538e-02 -3.813157800486872279e-03 9.972777383487506642e-01 2.960907698000000199e+00
9.971675976733320734e-01 -9.277345431694292502e-03 -7.463720930029968392e-02 -1.835880880000000104e-01 9.680965936021834403e-03 9.999403975738393457e-01 5.047791439604494557e-03 -2.921033099999999910e-02 7.458593063669116674e-02 -5.756054344182357993e-03 9.971979777303229264e-01 3.012522697000000083e+00
9.970345830837801238e-01 -1.299652047503626132e-02 -7.584939413399983954e-02 -1.872590329999999914e-01 1.368563149121869091e-02 9.998695989986955412e-01 8.572542730979718431e-03 -2.905574099999999951e-02 7.572809006993012904e-02 -9.585168424700378845e-03 9.970824343657002098e-01 3.064397097000000070e+00
9.969996814657060558e-01 -1.321951847945622080e-02 -7.626846981847681950e-02 -1.913977709999999943e-01 1.426483445201016595e-02 9.998114193054796761e-01 1.317726543782777628e-02 -2.895451699999999906e-02 7.607988995350439820e-02 -1.422568653997205619e-02 9.970002408159834850e-01 3.115929364999999951e+00
9.969546956551295080e-01 -1.210784431838310589e-02 -7.703723072093141000e-02 -1.954286249999999947e-01 1.337101697934372189e-02 9.997841434443824893e-01 1.590227726209979264e-02 -2.952191599999999874e-02 7.682805943225640144e-02 -1.688391610807137705e-02 9.969013906403829672e-01 3.168069362999999861e+00
9.968451436258095599e-01 -1.078455640451910814e-02 -7.863493481142490305e-02 -1.992061139999999897e-01 1.176243405188469142e-02 9.998590154398980800e-01 1.198308761266599944e-02 -2.972651999999999933e-02 7.849461621547278167e-02 -1.287022092722233356e-02 9.968314564852326365e-01 3.218691111000000049e+00
9.967703467275382812e-01 -9.073814374249491999e-03 -7.979061208791939086e-02 -2.038017209999999912e-01 9.437468923978793722e-03 9.999467224774440943e-01 4.181672742622386321e-03 -2.997367500000000171e-02 7.974841731954369906e-02 -4.921188811569797428e-03 9.968028751140863841e-01 3.269485234999999879e+00
9.966865172414853813e-01 -8.094751931074407533e-03 -8.093492040036122381e-02 -2.078715560000000129e-01 8.061615745349024961e-03 9.999672336556966190e-01 -7.361837730834202599e-04 -3.010882299999999984e-02 8.093822768391202571e-02 8.127821219608806968e-05 9.967191162475210753e-01 3.318760156999999822e+00
9.966747697747283530e-01 -3.483015171250330218e-03 -8.140805795379839338e-02 -2.128735780000000077e-01 3.520227418932128042e-03 9.999937548118459363e-01 3.135860723776382007e-04 -3.096754100000000121e-02 8.140645732011163316e-02 -5.991182042225205598e-04 9.966808063587691002e-01 3.368022918999999948e+00
9.966218121435362898e-01 -9.780180256416492720e-05 -8.212766887317135556e-02 -2.174037100000000000e-01 3.048173803623529751e-04 9.999968082017395288e-01 2.508121348325784757e-03 -3.178416900000000100e-02 8.212716143943180058e-02 -2.524682384125520335e-03 9.966186609394591667e-01 3.416193246999999822e+00
9.964871770277886620e-01 2.258221529085556543e-03 -8.371503123522232304e-02 -2.215058649999999962e-01 -1.922849405276757595e-03 9.999898014222371456e-01 4.086526847999921198e-03 -3.237069000000000057e-02 8.372340574387369949e-02 -3.911200204588336816e-03 9.964813564957482050e-01 3.464723348999999786e+00
9.964128312450671876e-01 2.848648007338965872e-03 -8.457750844473575780e-02 -2.257523539999999884e-01 -2.551869935838801430e-03 9.999902031303773420e-01 3.616849885893852305e-03 -3.286923099999999875e-02 8.458698298213281064e-02 -3.388044833943617933e-03 9.964103388976769393e-01 3.511021375999999972e+00
9.962883725029995086e-01 4.641124070532049763e-03 -8.595311967977813106e-02 -2.305285330000000077e-01 -4.262944456253269822e-03 9.999804121547524183e-01 4.582860610391555241e-03 -3.314013799999999954e-02 8.597270566806207437e-02 -4.199437363898521867e-03 9.962886422146642884e-01 3.558237790999999817e+00
9.961645296417463991e-01 5.762835467050930922e-03 -8.730990557215090320e-02 -2.346092310000000014e-01 -5.303739091653040215e-03 9.999708685087456139e-01 5.489306469181440447e-03 -3.397823099999999763e-02 8.733899607441042434e-02 -5.005183437659973221e-03 9.961660744592085726e-01 3.603066443999999979e+00
9.960068609316723443e-01 4.385818977977143374e-03 -8.916892714913980666e-02 -2.381275150000000118e-01 -3.876494716996279483e-03 9.999751737221532766e-01 5.884278040548299692e-03 -3.420686299999999708e-02 8.919252079488103335e-02 -5.515118425001817003e-03 9.959991353927034607e-01 3.647326946000000181e+00
9.959208045077303506e-01 4.997862767293697814e-03 -9.009313245988585794e-02 -2.430591729999999895e-01 -4.420285368642952462e-03 9.999683887567649698e-01 6.609278664060131217e-03 -3.465526199999999918e-02 9.012331677171563082e-02 -6.184080769098897201e-03 9.959114141926008745e-01 3.693755388000000028e+00
9.957847135100993397e-01 7.807035654321880895e-03 -9.138848140713158597e-02 -2.468489859999999925e-01 -6.973765218176238186e-03 9.999311837811596382e-01 9.433679064418745014e-03 -3.510117199999999993e-02 9.145584146620293342e-02 -8.756591591529441082e-03 9.957706318050396632e-01 3.735625504999999791e+00
9.956785588861449821e-01 9.265551055858448418e-03 -9.240323012774330491e-02 -2.515764830000000174e-01 -8.049616679932118310e-03 9.998761578212188583e-01 1.352304300011934572e-02 -3.539304399999999851e-02 9.251708515574603997e-02 -1.272079338359831217e-02 9.956298360183749585e-01 3.780070305000000186e+00
9.954714093220013993e-01 1.240782100613647444e-02 -9.424817876408991824e-02 -2.558766900000000177e-01 -1.102418697699880483e-02 9.998238914943555766e-01 1.518727423138174770e-02 -3.563936399999999977e-02 9.442002183840217389e-02 -1.407948773793636990e-02 9.954328844784428032e-01 3.821696997000000096e+00
9.953425278584564495e-01 1.546248068805172564e-02 -9.515337055149140910e-02 -2.604155839999999777e-01 -1.447067802383340991e-02 9.998336313631357442e-01 1.110446183908083209e-02 -3.604855399999999654e-02 9.530924254167770504e-02 -9.675809329285335603e-03 9.954006866583702262e-01 3.862838267999999964e+00
9.952200691557194778e-01 1.531057599643155000e-02 -9.644998814070628035e-02 -2.643267209999999867e-01 -1.501828433861759730e-02 9.998801655102801389e-01 3.755762859835475118e-03 -3.648570899999999811e-02 9.649593299828403137e-02 -2.289297226744522063e-03 9.953307460502756054e-01 3.901755570999999811e+00
9.950688407853452988e-01 1.451094530870247756e-02 -9.811949125610595901e-02 -2.682973149999999807e-01 -1.476397678883943632e-02 9.998892892017605671e-01 -1.853194263038355268e-03 -3.702194200000000213e-02 9.808173676830879428e-02 3.292689758509510529e-03 9.951729151794005412e-01 3.941388368999999781e+00
9.950295199494469944e-01 1.518642936713098142e-02 -9.841558206021125410e-02 -2.724592690000000039e-01 -1.557496001096326556e-02 9.998736437694687451e-01 -3.180741395078822038e-03 -3.746626499999999860e-02 9.835484253370510577e-02 4.697750338472078159e-03 9.951403198001412820e-01 3.978775023999999938e+00
9.948880837018493350e-01 1.801582666383724773e-02 -9.936362965230551014e-02 -2.762425239999999893e-01 -1.803737575997409887e-02 9.998370810109564744e-01 6.815505729465251355e-04 -3.837157800000000341e-02 9.935972012719972157e-02 1.114192581448872951e-03 9.950509557762033941e-01 4.014762877999999979e+00
9.947585917104392328e-01 1.828814368904447055e-02 -1.006026243130489772e-01 -2.802665529999999738e-01 -1.809070260143459327e-02 9.998322174698698328e-01 2.874611046622321895e-03 -3.901446599999999765e-02 1.006383162500747441e-01 -1.039571879082071010e-03 9.949225339656642131e-01 4.051776885999999855e+00
9.947200664675575066e-01 1.494974973772726819e-02 -1.015307556829817409e-01 -2.836263780000000123e-01 -1.505913079398155975e-02 9.998865565260974808e-01 -3.108988792370827618e-04 -3.949588200000000299e-02 1.015145898209107861e-01 1.838222283261208793e-03 9.948323522042945566e-01 4.085407256999999959e+00
9.947792595322052511e-01 7.237542725939381978e-03 -1.017931371942511765e-01 -2.863053380000000203e-01 -7.845237200523821203e-03 9.999537080197529182e-01 -5.570823172047278254e-03 -4.013656799999999747e-02 1.017481059176285341e-01 6.340330656748405583e-03 9.947899894698067902e-01 4.118416308999999664e+00
9.949520180164118655e-01 3.233373409249016509e-03 -1.002996866468979370e-01 -2.900370059999999861e-01 -4.274819487738520593e-03 9.999391450533817727e-01 -1.017015773029909288e-02 -4.122325000000000295e-02 1.002606989972481960e-01 1.054758201239852124e-02 9.949052923521288783e-01 4.152291775000000129e+00
9.952824540245025497e-01 5.457080332383935049e-03 -9.686618081255150836e-02 -2.936870750000000196e-01 -6.522803242301610828e-03 9.999215986758424046e-01 -1.068875761769402279e-02 -4.152619099999999702e-02 9.680025696673656699e-02 1.127017195048508717e-02 9.952400180234817206e-01 4.183695315999999664e+00
9.956394840377961186e-01 1.029187887909336664e-02 -9.271512850710561526e-02 -2.968513070000000087e-01 -1.102572671490402965e-02 9.999117859999155922e-01 -7.406319522353996612e-03 -4.255051900000000192e-02 9.263072479128772740e-02 8.396275817112145226e-03 9.956651301401709953e-01 4.214077950000000072e+00
9.960610156675315796e-01 8.911237804674629684e-03 -8.822155580216174686e-02 -2.993799149999999964e-01 -9.353719526877727133e-03 9.999456567010103214e-01 -4.603430872467778080e-03 -4.291484500000000007e-02 8.817573928455550714e-02 5.410497719583739172e-03 9.960902396450075358e-01 4.245346546000000387e+00
9.966021709145815866e-01 5.577739577319110881e-03 -8.217664966126736470e-02 -3.016707299999999980e-01 -5.631033996189364205e-03 9.999840587458883601e-01 -4.167855964214870423e-04 -4.353360500000000299e-02 8.217301494089665481e-02 8.781089381351223772e-04 9.966176922673086747e-01 4.274562836000000310e+00
9.972213176384870925e-01 7.206906393864111800e-04 -7.449244426357709559e-02 -3.027557129999999819e-01 -4.942950581793155961e-04 9.999952034677810353e-01 3.057566651254791257e-03 -4.428400500000000128e-02 7.449429051783296174e-02 -3.012249397660614770e-03 9.972168906681290190e-01 4.303853989000000269e+00
9.979825410594898027e-01 4.298334567988429736e-03 -6.334328741378598970e-02 -3.049764340000000185e-01 -4.123773959740638373e-03 9.999873318925471821e-01 2.886267962902531233e-03 -4.463424500000000295e-02 6.335489111957202935e-02 -2.619231636634727651e-03 9.979876238695852830e-01 4.331776141999999830e+00
9.987734628548238236e-01 9.701820261798312084e-03 -4.855352284429761273e-02 -3.061211110000000013e-01 -9.604867736720659743e-03 9.999513862116048424e-01 2.229737484572758954e-03 -4.487987999999999700e-02 4.857279498591853678e-02 -1.760652463652614920e-03 9.988180933934658334e-01 4.359452248000000196e+00
9.994272476026078156e-01 1.479485887307162469e-02 -3.043499466734988362e-02 -3.067862690000000003e-01 -1.469702712568156898e-02 9.998860903367896569e-01 3.435657822918115542e-03 -4.570525500000000019e-02 3.048235789998375578e-02 -2.986386099467404527e-03 9.995308436236083338e-01 4.385943890000000067e+00
9.998801900939591203e-01 1.310734153796707518e-02 -8.234261076461977039e-03 -3.062839509999999987e-01 -1.307992090220076731e-02 9.999087578811559629e-01 3.375141738671546144e-03 -4.550764300000000040e-02 8.277748900542060764e-03 -3.267033879688767493e-03 9.999604018973794473e-01 4.412301064000000217e+00
9.997818839128039814e-01 9.604749208657715337e-03 1.854544128359293317e-02 -3.050953750000000020e-01 -9.680250270598433904e-03 9.999452021030000859e-01 3.985667558736242198e-03 -4.563709700000000147e-02 -1.850614369508091564e-02 -4.164322733527335042e-03 9.998200743442331451e-01 4.437531948000000170e+00
9.988380206614154710e-01 8.614572970175283020e-03 4.741727125981941293e-02 -3.023422960000000104e-01 -8.921618146156192267e-03 9.999405594569795719e-01 6.267557938860269899e-03 -4.651080400000000281e-02 -4.736046041625806280e-02 -6.683313953744748730e-03 9.988555051176100097e-01 4.462115765000000067e+00
9.966782949180420514e-01 8.086151690975556042e-03 8.103697051404937235e-02 -2.997904719999999745e-01 -8.715227432719371489e-03 9.999345505194177086e-01 7.412117668121379586e-03 -4.661108900000000138e-02 -8.097173117860548275e-02 -8.093752427683623824e-03 9.966835354923743173e-01 4.486584187000000057e+00
9.929582789658086828e-01 7.923873731148473043e-03 1.181992743562838427e-01 -2.952441570000000071e-01 -8.954110100999928407e-03 9.999263909252994464e-01 8.187590818087987776e-03 -4.710423600000000072e-02 -1.181256963812633703e-01 -9.188305404049371128e-03 9.929561394634928151e-01 4.510647297000000222e+00
9.870947707668162874e-01 8.382689945207379839e-03 1.599176163969713849e-01 -2.902437449999999974e-01 -9.799579707352668728e-03 9.999193899266907160e-01 8.073529971076466930e-03 -4.722034600000000332e-02 -1.598370475276792990e-01 -9.536464644570715951e-03 9.870973478232616394e-01 4.533892631999999701e+00
9.787642879426734499e-01 7.975178244934986657e-03 2.048337501000088157e-01 -2.842434939999999854e-01 -9.867806167272006809e-03 9.999175255051987454e-01 8.220011496669598836e-03 -4.767535600000000207e-02 -2.047513004830897043e-01 -1.006671344192072888e-02 9.787622623655664045e-01 4.556023598000000341e+00
9.671820899837924035e-01 9.824750391481801987e-03 2.538942281626909159e-01 -2.772089839999999916e-01 -1.180007367988400793e-02 9.999107919987407778e-01 6.258298938242427140e-03 -4.819925900000000124e-02 -2.538100925411217457e-01 -9.048885246049694075e-03 9.672117423811971149e-01 4.577707766999999706e+00
9.517349097632836763e-01 1.086542306485370653e-02 3.067288772181320233e-01 -2.687785030000000019e-01 -1.260885299745086001e-02 9.999136487768760517e-01 3.702946907921473609e-03 -4.879525299999999677e-02 -3.066621567196755604e-01 -7.391723164185455379e-03 9.517897268119157594e-01 4.598395823999999799e+00
9.318545876623218760e-01 1.110655774569156533e-02 3.626619249765896669e-01 -2.591400150000000013e-01 -1.256867516796233812e-02 9.999196125246254674e-01 1.672391438908487314e-03 -4.922720800000000146e-02 -3.626141969879367322e-01 -6.116605565532748888e-03 9.319192729411434062e-01 4.618563651999999742e+00
9.075631203804723768e-01 1.228580393051782391e-02 4.197359188192511525e-01 -2.481147649999999871e-01 -1.309160276836563927e-02 9.999138396717570654e-01 -9.608172765232362612e-04 -4.888316599999999873e-02 -4.197115586473827986e-01 -4.623013591199707714e-03 9.076457653088676469e-01 4.637869835000000052e+00
8.781844642871758921e-01 1.247548735224666798e-02 4.781593969587651372e-01 -2.368573549999999917e-01 -1.274112609136866629e-02 9.999152151472764372e-01 -2.688163480839735140e-03 -4.946003100000000152e-02 -4.781523924342216403e-01 -3.731585762086835848e-03 8.782689593041134168e-01 4.655651093000000351e+00
8.448017681797057588e-01 1.136896959610582056e-02 5.349586142971860525e-01 -2.228262719999999919e-01 -1.022433915166411425e-02 9.999347014365553843e-01 -5.104483509469258384e-03 -4.954246100000000291e-02 -5.349817149859932286e-01 -1.157321610234922273e-03 8.448628440388037397e-01 4.673249722000000439e+00
8.080493210698445061e-01 1.066607030857167487e-02 5.890182761703884884e-01 -2.087057230000000096e-01 -9.020758736447906379e-03 9.999428835064907428e-01 -5.731983648225311492e-03 -5.032534200000000207e-02 -5.890457712524402867e-01 -6.816662653596058594e-04 8.080993841729620097e-01 4.688714026999999618e+00
7.685354329925792038e-01 9.526354118896051756e-03 6.397363025591950025e-01 -1.930748220000000070e-01 -7.950650912157729636e-03 9.999541399947029507e-01 -5.339012785790232113e-03 -5.056540999999999814e-02 -6.397578255754138299e-01 -9.830995144024662347e-04 7.685759286696162151e-01 4.703405856999999912e+00
7.255635538177394039e-01 8.842354184076615248e-03 6.880983520862813396e-01 -1.774966119999999981e-01 -9.526100725246764572e-03 9.999506914302668248e-01 -2.805015704733032893e-03 -5.115777999999999992e-02 -6.880892258830573205e-01 -4.519677047609556644e-03 7.256120104732557419e-01 4.717083931000000341e+00
6.808977273250546025e-01 8.218363543746255717e-03 7.323323995456149094e-01 -1.601581569999999954e-01 -8.547338731615714003e-03 9.999581088516649174e-01 -3.274682031702249880e-03 -5.114940199999999659e-02 -7.323286338278617302e-01 -4.029769529955056287e-03 6.809394488743860663e-01 4.729639052999999649e+00
6.342640832688950514e-01 6.729957301571640876e-03 7.730871751295497196e-01 -1.426796909999999974e-01 -5.239134466155457442e-03 9.999765657213471881e-01 -4.406753701492276826e-03 -5.168253200000000325e-02 -7.730987156535144011e-01 -1.255262067895175854e-03 6.342844788988827309e-01 4.740966320000000067e+00
5.875930141101683990e-01 4.444403484563571108e-03 8.091444228607114209e-01 -1.239947079999999952e-01 4.100565577332426249e-04 9.999831513822586837e-01 -5.790406309244036306e-03 -5.193183600000000205e-02 -8.091565247976109099e-01 3.734197272918552638e-03 5.875812915232920819e-01 4.751298428000000129e+00
5.406039502463122481e-01 6.526114683206817035e-03 8.412519116205467995e-01 -1.056780820000000065e-01 -1.733653180576874130e-03 9.999764298152560293e-01 -6.643362144562920540e-03 -5.251172600000000162e-02 -8.412754385008112124e-01 2.132988766020191013e-03 5.406025221308090600e-01 4.760880470000000031e+00
4.937432751136708320e-01 9.215927449612330499e-03 8.695588795252852110e-01 -8.684587500000000293e-02 -5.936388683671410191e-03 9.999562625078581846e-01 -7.227195909338681237e-03 -5.323734100000000052e-02 -8.695874525137895494e-01 -1.593660114034889386e-03 4.937763893484768962e-01 4.769534110999999577e+00
4.474152014093530361e-01 1.159413701253026591e-02 8.942512027024411836e-01 -6.764888800000000424e-02 -6.898676354332802969e-03 9.999309558008827592e-01 -9.512722832674366455e-03 -5.361688500000000301e-02 -8.942997516562252169e-01 -1.913012824784648958e-03 4.474642941839560573e-01 4.777777672000000031e+00
4.051632375681890608e-01 9.562409938490522288e-03 9.141943509120100675e-01 -4.791307399999999994e-02 2.793969447056334973e-04 9.999439576410110719e-01 -1.058317129121568757e-02 -5.371322500000000333e-02 -9.142443179263464170e-01 4.543335052599623350e-03 4.051378595564593121e-01 4.784037589999999618e+00
3.657071794394177733e-01 1.566445931903316310e-03 9.307286420614808709e-01 -2.730727200000000049e-02 1.557957950666834408e-02 9.998481725496765060e-01 -7.804393087719573539e-03 -5.419877900000000248e-02 -9.305995570646168336e-01 1.735448346147671489e-02 3.656272504818595115e-01 4.789004325999999701e+00
3.304009468700281893e-01 -2.598607274959982907e-03 9.438370948143642858e-01 -6.814002999999999900e-03 1.923514213216252766e-02 9.998070627557306134e-01 -3.980775164968092771e-03 -5.483301000000000147e-02 -9.436446490149478228e-01 1.947009255214380771e-02 3.303871848021145974e-01 4.794222831999999990e+00
2.971549630916647255e-01 2.142760324063719066e-03 9.548268620478714830e-01 1.424241099999999996e-02 1.698144095281582666e-02 9.998274605332593268e-01 -7.528600585764539180e-03 -5.477310700000000143e-02 -9.546782487168949949e-01 1.845149700722310132e-02 2.970673049748744354e-01 4.799768925000000408e+00
2.659653132021439492e-01 9.760542598596058661e-03 9.639331843968576008e-01 3.535842899999999678e-02 5.905405250894755348e-03 9.999134779180290922e-01 -1.175427014721831462e-02 -5.561136500000000288e-02 -9.639645109453501837e-01 8.818644229816437197e-03 2.658846613700003303e-01 4.805581570000000191e+00
2.376264867696326888e-01 1.415220520968510018e-02 9.712535034033207282e-01 5.698227899999999679e-02 1.161573916859600340e-03 9.998890038226440069e-01 -1.485364536389370549e-02 -5.643897099999999750e-02 -9.713559098145010395e-01 4.657802299755906678e-03 2.375836723055251287e-01 4.810404777999999659e+00
2.117723013811201316e-01 1.586349481962285105e-02 9.771902792700365437e-01 7.934212699999999840e-02 1.910023290204395513e-03 9.998596307865352806e-01 -1.664543584422565475e-02 -5.730367499999999836e-02 -9.773171666244152567e-01 5.391498448590563777e-03 2.117122754251721251e-01 4.814270973000000176e+00
1.885731412215199410e-01 1.720777489668936025e-02 9.819083780541612017e-01 1.022956369999999948e-01 9.427715066755635448e-03 9.997686819169618877e-01 -1.933134363257206154e-02 -5.790135300000000262e-02 -9.820138943001105458e-01 1.290252460278154718e-02 1.883672908453212225e-01 4.817046164999999824e+00
1.685478503416596441e-01 2.341086862964954218e-02 9.854154217258885851e-01 1.258106230000000103e-01 1.654070991310219174e-02 9.995099702393890340e-01 -2.657488114039491256e-02 -5.794826499999999880e-02 -9.855546798939043285e-01 2.077860972396385758e-02 1.680780244920884181e-01 4.819583892999999897e+00
1.489466006862205927e-01 3.023902087224249191e-02 9.883827759328406293e-01 1.496644020000000019e-01 1.843565431735211257e-02 9.992736741301464498e-01 -3.335042488977933012e-02 -5.797742699999999805e-02 -9.886733721477031223e-01 2.318891560909649291e-02 1.482809407812195612e-01 4.822217940999999897e+00
1.310803496926397638e-01 3.107814351339107176e-02 9.908844992834511256e-01 1.748020650000000065e-01 1.593929990322805537e-02 9.993132470842592818e-01 -3.345105260689588966e-02 -5.864070700000000025e-02 -9.912436030779969709e-01 2.017878087683769306e-02 1.304949660303965642e-01 4.825467109999999948e+00
1.156796432545734721e-01 2.654463873978422581e-02 9.929318215721909535e-01 2.006211280000000097e-01 1.427292899899368014e-02 9.994952186332308752e-01 -2.838294253772510531e-02 -5.986638700000000007e-02 -9.931840230462249952e-01 1.745537405742044260e-02 1.152423805821072289e-01 4.828132628999999731e+00
1.011317917862222110e-01 2.323825308030358708e-02 9.946016007848990093e-01 2.275590899999999916e-01 1.431221749755482234e-02 9.995897261689669078e-01 -2.481007391670619205e-02 -6.111486299999999844e-02 -9.947700845524107827e-01 1.674404166339477779e-02 1.007577091262182867e-01 4.830454826000000423e+00
8.785572702176829007e-02 2.078172295142069470e-02 9.959164077474809140e-01 2.552695269999999961e-01 1.639775845104612939e-02 9.996167160613596003e-01 -2.230548113097530205e-02 -6.210909800000000147e-02 -9.959982353133249866e-01 1.829046095300892322e-02 8.748127965952934293e-02 4.832331657000000114e+00
7.637323064667236872e-02 1.996736909615415972e-02 9.968793476705032353e-01 2.839093209999999923e-01 2.030178395689275633e-02 9.995610508515458958e-01 -2.157644986370064327e-02 -6.289181100000000579e-02 -9.968725932679450841e-01 2.188629232947151421e-02 7.593433346853761812e-02 4.833821773999999571e+00
