9.999912253888708635e-01 -2.809747017757448315e-03 -3.107163812998858365e-03 -2.219099999999999946e-04 2.803293705289353500e-03 9.999939089623681721e-01 -2.079322621610784315e-03 -2.947809999999999818e-04 3.112987257682171393e-03 2.070594083605084915e-03 9.999930109508138321e-01 3.613589300000000226e-02
9.999736616692156410e-01 -1.570216042205729943e-03 -7.085928975213115141e-03 -7.934539999999999692e-04 1.543337746871740763e-03 9.999916001560319456e-01 -3.797068076528157740e-03 -3.295560000000000004e-04 7.091831671722465674e-03 3.786032086434049093e-03 9.999676854201741127e-01 7.299628900000000586e-02
9.999391489995087534e-01 -1.696257011814603609e-03 -1.090050504739038806e-02 -1.688007000000000049e-03 1.639452902151134622e-03 9.999850423837243207e-01 -5.217969241246550767e-03 -5.410919999999999619e-04 1.090919301873157637e-02 5.199780857962831189e-03 9.999269732268998290e-01 1.108682529999999999e-01
9.998825063240496247e-01 -7.437620703007462341e-05 -1.532866645592078671e-02 -3.004627000000000166e-03 -1.440622070358532481e-05 9.999832276910588513e-01 -5.791729364612740842e-03 -9.027819999999999769e-04 1.532884012565361408e-02 5.791269701191638537e-03 9.998657349142685558e-01 1.511639800000000033e-01
9.997988011240546147e-01 -1.031143250845071701e-03 -2.003232424106913059e-02 -3.525874000000000022e-03 9.101021881783242498e-04 9.999812816196093079e-01 -6.050464809465819216e-03 -1.425779999999999973e-03 2.003818816435663439e-02 6.031016000621112691e-03 9.997810249555100226e-01 1.890268330000000052e-01
9.997169578342489649e-01 7.945267233862089414e-04 -2.377757233024971328e-02 -5.534861999999999768e-03 -9.641815171511606978e-04 9.999741558597269320e-01 -7.124462550145925152e-03 -2.021144999999999799e-03 2.377129724344920203e-02 7.145371922599471834e-03 9.996918870769389009e-01 2.304796729999999960e-01
9.995663962731442531e-01 3.260135381596558982e-03 -2.926415826250870766e-02 -6.661542000000000331e-03 -3.490947990993943477e-03 9.999631763857381728e-01 -7.839588934969641404e-03 -2.398041999999999969e-03 2.923752252916908545e-02 7.938349314485056846e-03 9.995409695887995660e-01 2.703252139999999804e-01
9.994306453454423478e-01 3.548641701139397357e-03 -3.355282829314865101e-02 -8.466526999999999734e-03 -3.761044410910518998e-03 9.999732742121750784e-01 -6.269402389481927053e-03 -2.767804000000000011e-03 3.352968370461822945e-02 6.392026553372368199e-03 9.994172813731054816e-01 3.142391440000000258e-01
9.992812285505631165e-01 2.708900618797424956e-03 -3.781121690602809449e-02 -1.036980300000000035e-02 -2.850106416470681546e-03 9.999891631678210491e-01 -3.681092274828267740e-03 -3.192436999999999792e-03 3.780083543907486465e-02 3.786212402716814061e-03 9.992781201626249610e-01 3.547399039999999948e-01
9.991620835040933013e-01 2.357233090149209523e-03 -4.086042510691734880e-02 -1.271882600000000078e-02 -2.406571837189757333e-03 9.999964333129862659e-01 -1.158349385460017778e-03 -3.575523000000000156e-03 4.085754887106838457e-02 1.255712333719825836e-03 9.991641926564338583e-01 3.991551999999999878e-01
9.990486784167752488e-01 3.942162187658565693e-03 -4.343037544139800171e-02 -1.494978599999999963e-02 -4.000049840865458305e-03 9.999912234275084577e-01 -1.246061485343083345e-03 -4.505869000000000020e-03 4.342508209508858658e-02 1.418599746531142665e-03 9.990556790388580577e-01 4.439645409999999903e-01
9.989237887736128751e-01 3.135665097896168322e-03 -4.627560725224692806e-02 -1.656892899999999960e-02 -3.210960490330729260e-03 9.999936391547927794e-01 -1.552862738158920612e-03 -4.442462999999999794e-03 4.627044364278246058e-02 1.699780676400102723e-03 9.989275032707589652e-01 4.847802219999999829e-01
9.988335388070260779e-01 3.893291260482323974e-05 -4.828623239041629489e-02 -1.844619200000000014e-02 -1.436576988588588821e-04 9.999976452761530910e-01 -2.165364776321932003e-03 -4.677703000000000069e-03 4.828603438571581197e-02 2.169775651373491692e-03 9.988311924228858718e-01 5.305683610000000439e-01
9.987285114010685527e-01 5.375298094530412123e-06 -5.041190817368464833e-02 -2.086317000000000033e-02 -7.821409553481769401e-05 9.999989559601722977e-01 -1.442900246325822368e-03 -4.982608999999999823e-03 5.041184778562577545e-02 1.445008536915212824e-03 9.987274691091495571e-01 5.743859409999999555e-01
9.986845426956116878e-01 -1.368774208260086379e-03 -5.125729838787534270e-02 -2.382611299999999946e-02 1.280880931378894447e-03 9.999976526929788001e-01 -1.747556171362810162e-03 -5.515904000000000293e-03 5.125957008107379781e-02 1.679602839733334609e-03 9.986839517131553823e-01 6.210809950000000246e-01
9.985593641592700465e-01 6.602776599082450402e-04 -5.365407983784782620e-02 -2.623474400000000081e-02 -8.805757570533606247e-04 9.999912794238037250e-01 -4.082359940057382446e-03 -5.987733999999999765e-03 5.365091645228824146e-02 4.123725227985190582e-03 9.985512375707485955e-01 6.652104260000000213e-01
9.984672445549132025e-01 1.167696121528155563e-03 -5.533351639546130879e-02 -2.887116199999999883e-02 -1.566909569036518219e-03 9.999730543771795377e-01 -7.171841742309253975e-03 -6.000725000000000156e-03 5.532365086761247691e-02 7.247551679155916915e-03 9.984421699073694478e-01 7.133069039999999639e-01
9.983696386732755501e-01 4.790146975070697262e-03 -5.687810710062742720e-02 -3.220326099999999692e-02 -5.269220831933363151e-03 9.999518717993318706e-01 -8.275832093328655895e-03 -7.220421999999999778e-03 5.683572720760720481e-02 8.562042803552790890e-03 9.983468292811935596e-01 7.580931779999999787e-01
9.982893688034352175e-01 6.124650346935575466e-03 -5.814486041058702231e-02 -3.519010200000000088e-02 -6.594154889785249461e-03 9.999471602752877386e-01 -7.886303232658996992e-03 -8.051720000000000058e-03 5.809348720233955404e-02 8.256228891915993323e-03 9.982770063610379996e-01 8.066104649999999987e-01
9.982228412697343733e-01 4.813922679878849392e-03 -5.939684600894926808e-02 -3.808790399999999882e-02 -5.198545060947549687e-03 9.999664991005354775e-01 -6.322642316935546229e-03 -8.644178000000000625e-03 5.936441944993636061e-02 6.620183158399343092e-03 9.982144253006571821e-01 8.525186179999999503e-01
9.981030021063420632e-01 5.975966488404977142e-03 -6.127548458263552822e-02 -4.074890199999999657e-02 -6.280378787382646585e-03 9.999688702958864361e-01 -4.776534460865766371e-03 -9.369749999999999607e-03 6.124503268506220621e-02 5.152306638613896733e-03 9.981094627883794201e-01 9.018517729999999677e-01
9.980815692063849109e-01 5.159405271787488936e-03 -6.169733987589479107e-02 -4.425370700000000324e-02 -5.478349249616706190e-03 9.999724862202082898e-01 -5.001448997505960128e-03 -1.009573300000000083e-02 6.166983784654740675e-02 5.329853639348904396e-03 9.980823732338747201e-01 9.475347400000000420e-01
9.979545257741171405e-01 5.322039580245756588e-03 -6.370588969368067012e-02 -4.716695500000000346e-02 -5.736585569159829284e-03 9.999635357362675059e-01 -6.326040138210494053e-03 -1.059245699999999957e-02 6.366989926931578003e-02 6.678554673643140142e-03 9.979486664325507572e-01 9.973874689999999710e-01
9.979248570696338527e-01 3.723293422004538000e-03 -6.428154267474094075e-02 -5.044660699999999748e-02 -4.144043820865707037e-03 9.999708475535273866e-01 -6.413341086435277692e-03 -1.145266300000000008e-02 6.425578995982873798e-02 6.666418016736710452e-03 9.979111946097530828e-01 1.043924332000000010e+00
9.978947708019472174e-01 2.825845060219282258e-03 -6.479229125308674786e-02 -5.409513800000000094e-02 -3.126479525970147361e-03 9.999848109613415081e-01 -4.539049722547509533e-03 -1.201787200000000062e-02 6.477848046923359582e-02 4.732065754583660022e-03 9.978884486864206815e-01 1.095187664000000005e+00
9.979045348241082358e-01 4.964543507432836282e-03 -6.451273273736722602e-02 -5.760488700000000045e-02 -5.057151961999518421e-03 9.999864031543252985e-01 -1.272289475120822258e-03 -1.290554399999999970e-02 6.450553923124284494e-02 1.595874129768780087e-03 9.979160729210891922e-01 1.141596437000000019e+00
9.979142953203541389e-01 5.775402028605085974e-03 -6.429388716424888628e-02 -6.083273499999999889e-02 -5.606252877137124155e-03 9.999803339785217071e-01 2.810975788212109576e-03 -1.368842999999999969e-02 6.430885727455259993e-02 -2.444665132959364384e-03 9.979270486806283147e-01 1.192211746999999988e+00
9.980338608398144906e-01 4.331979645082075121e-03 -6.252716665201100976e-02 -6.362766000000000255e-02 -3.998836831674026059e-03 9.999771415457022750e-01 5.452127115187219326e-03 -1.382629500000000060e-02 6.254935588131511903e-02 -5.191371537571458881e-03 9.980283702081776953e-01 1.241173862999999988e+00
9.981187839083119906e-01 4.782013318190454776e-03 -6.112303623035193062e-02 -6.674773200000000406e-02 -4.402491848705964578e-03 9.999701961673549411e-01 6.342305774997768555e-03 -1.444535199999999985e-02 6.115154352029344292e-02 -6.061280858543153724e-03 9.981100889177703106e-01 1.292261719999999947e+00
9.982286978042366199e-01 5.030038540386601482e-03 -5.928039804471873370e-02 -7.020024199999999603e-02 -4.844401450804125715e-03 9.999829035535088284e-01 3.274809197101629342e-03 -1.444958200000000074e-02 5.929585697703942254e-02 -2.981830474088015791e-03 9.982359991667212329e-01 1.341055392999999984e+00
9.982874023135535069e-01 6.298866167901925189e-03 -5.816000917345424959e-02 -7.366017299999999546e-02 -6.384608285149490775e-03 9.999787879966528514e-01 -1.288539401984712448e-03 -1.501124399999999998e-02 5.815065914589982732e-02 1.657661528819184566e-03 9.983064424309568974e-01 1.391757010999999933e+00
9.983464699686654953e-01 5.040155017507678623e-03 -5.726187857994262387e-02 -7.642022499999999441e-02 -5.304194373863282269e-03 9.999759865352433330e-01 -4.460030819539374108e-03 -1.516032200000000038e-02 5.723802427712609830e-02 4.756384158839161228e-03 9.983492301727812102e-01 1.441034912999999973e+00
9.984273431057670845e-01 2.957024808856118306e-03 -5.598300226889053877e-02 -7.967848299999999440e-02 -3.153921557626150618e-03 9.999891471207612570e-01 -3.429055190710891821e-03 -1.564513699999999993e-02 5.597225489085762284e-02 3.600228461141002576e-03 9.984258335186747546e-01 1.492427111000000028e+00
9.984017473568245205e-01 1.393233400391026772e-03 -5.649787407975269404e-02 -8.220502000000000364e-02 -1.331052937796918566e-03 9.999984664021802638e-01 1.138196540274581106e-03 -1.607549900000000004e-02 5.649937320817230435e-02 -1.061175753372498856e-03 9.984020706774922038e-01 1.542925357999999969e+00
9.983558292743586193e-01 -2.195654229224538664e-03 -5.727841876669986093e-02 -8.541449199999999464e-02 2.436198340754132906e-03 9.999885036673495931e-01 4.130069101083610333e-03 -1.649030699999999919e-02 5.726869207125524081e-02 -4.262820151133186325e-03 9.983497008928318150e-01 1.594910979000000006e+00
9.982386218738594774e-01 -9.673372874456701020e-03 -5.853272295570717543e-02 -8.731136500000000189e-02 9.917452243598481876e-03 9.999432897753510741e-01 3.880898638759407594e-03 -1.704189700000000030e-02 5.849186217221835626e-02 -4.454558393388334883e-03 9.982779467508766658e-01 1.644837378999999933e+00
9.980990304465708896e-01 -1.138464392128035046e-02 -6.056992078912439015e-02 -8.976186799999999466e-02 1.139844038014815875e-02 9.999350287355848188e-01 -1.177474635599888391e-04 -1.752632299999999990e-02 6.056732599773045900e-02 -5.728790017283631004e-04 9.981639498755372486e-01 1.697379827000000008e+00
9.980388223930333202e-01 -1.182172636118590872e-02 -6.147158516069586853e-02 -9.364394800000000463e-02 1.159993947972602635e-02 9.999248628556188789e-01 -3.963590195572881149e-03 -1.794938199999999984e-02 6.151382284002625267e-02 3.242750223651234658e-03 9.981009639162727876e-01 1.747874737000000067e+00
9.979165912207873523e-01 -1.093512765488406299e-02 -6.358380257153026238e-02 -9.706601500000000549e-02 1.067077547816966399e-02 9.999329595833202911e-01 -4.495652303754875574e-03 -1.821210599999999874e-02 6.362870041874532645e-02 3.807797540987878544e-03 9.979663767687307896e-01 1.799790502000000014e+00
9.978688307726641948e-01 -1.080911748976149181e-02 -6.435028788971146330e-02 -1.011589910000000037e-01 1.058672041815950787e-02 9.999367537590746480e-01 -3.796028523528659562e-03 -1.832730299999999965e-02 6.438724969420527022e-02 3.106680037636775325e-03 9.979201524250123079e-01 1.853681922000000037e+00
9.977899316894208726e-01 -8.054447574841583357e-03 -6.595739604839581660e-02 -1.036745530000000026e-01 8.044493760085178607e-03 9.999675557968765727e-01 -4.165018178840658686e-04 -1.953309599999999979e-02 6.595861080529791254e-02 -1.150125405277252293e-04 9.978223531434594618e-01 1.904766678999999963e+00
9.977310921987528891e-01 -7.926970502765615795e-03 -6.685679321155013621e-02 -1.080702620000000003e-01 8.022741165805060554e-03 9.999671397026930197e-01 1.164104377279367693e-03 -2.041816000000000117e-02 6.684536845638738844e-02 -1.697837878888311955e-03 9.977619024910034939e-01 1.957837343000000008e+00
9.976677419177911732e-01 -6.572935709936562898e-03 -6.794021822756081408e-02 -1.114901300000000067e-01 6.816879862656825828e-03 9.999711220279132728e-01 3.359353981681907023e-03 -2.035615400000000130e-02 6.791617543408674795e-02 -3.814659406707098747e-03 9.976837382096678253e-01 2.010060071999999920e+00
9.976821706240120990e-01 -7.181504194014578721e-03 -6.766618369962139334e-02 -1.152096239999999966e-01 7.657505570995516708e-03 9.999477106264559323e-01 6.777803577825652556e-03 -2.095551199999999906e-02 6.761397065244527382e-02 -7.280247964236149366e-03 9.976849948566879345e-01 2.062508583000000062e+00
9.976541317416812715e-01 -1.113693343299420593e-03 -6.844700947367275690e-02 -1.191344559999999997e-01 1.740481200691568501e-03 9.999570947412672606e-01 9.098318624567839491e-03 -2.146983900000000098e-02 6.843394000013440504e-02 -9.196105900934881811e-03 9.976132654953605572e-01 2.115474224000000181e+00
9.976414005202621782e-01 -1.610144000280605385e-03 -6.862247011197042390e-02 -1.227729540000000036e-01 2.191510218528997661e-03 9.999623388348838349e-01 8.397511228405395156e-03 -2.147143500000000052e-02 6.860636450747115145e-02 -8.528091707262069887e-03 9.976073568297803007e-01 2.167198895999999930e+00
9.976453899021641147e-01 -9.407424496919595050e-04 -6.857689851985329654e-02 -1.265339109999999989e-01 1.426212038442359591e-03 9.999742680752025104e-01 7.030583665976342621e-03 -2.223036100000000057e-02 6.856851993575704962e-02 -7.111834580910809077e-03 9.976210602642234804e-01 2.219685077999999923e+00
9.976302725424300855e-01 9.453055709266871285e-04 -6.879640764090964866e-02 -1.306150409999999873e-01 -6.164358983919577531e-04 9.999882831921345083e-01 4.801404506022609667e-03 -2.241069999999999868e-02 6.880014036104729891e-02 -4.747617910579524092e-03 9.976191662204948463e-01 2.272856951000000070e+00
9.976063465756431770e-01 8.060935449400858082e-04 -6.914425128088648453e-02 -1.350808890000000095e-01 -5.227957339550943442e-04 9.999913958790481727e-01 4.115197746542221396e-03 -2.204033199999999929e-02 6.914697358972497765e-02 -4.069199069767139021e-03 9.975981844722414671e-01 2.323814630999999853e+00
9.974745977089769511e-01 -1.368189604015333696e-04 -7.102399739444818783e-02 -1.379928139999999914e-01 4.617691765310368620e-04 9.999895019173326016e-01 4.558818306602871635e-03 -2.206795699999999916e-02 7.102262804587079759e-02 -4.580102149197796436e-03 9.974641893169702289e-01 2.375155209999999961e+00
9.974445532464218944e-01 -6.125063318475985202e-04 -7.144220065926885910e-02 -1.421139539999999868e-01 1.048092069241670374e-03 9.999810905336157241e-01 6.059709416719976163e-03 -2.276559400000000011e-02 7.143713811499018129e-02 -6.119102155883543448e-03 9.974263340652008702e-01 2.426655293000000047e+00
9.974370668570124998e-01 1.148734011830930329e-03 -7.154004521839248121e-02 -1.466905470000000045e-01 -9.585406282235010194e-04 9.999959149178629936e-01 2.692832607129576686e-03 -2.323923300000000150e-02 7.154284631983566511e-02 -2.617357017305471135e-03 9.974340933528893505e-01 2.477949618999999881e+00
9.973974659010550470e-01 1.487037174294949214e-03 -7.208386597981687738e-02 -1.509077699999999966e-01 -1.610832034376229269e-03 9.999973260181569401e-01 -1.659269927726075974e-03 -2.359830400000000050e-02 7.208120583280334948e-02 1.771066621641786401e-03 9.973971942454574746e-01 2.528029679999999946e+00
9.973147903511292434e-01 3.328232804438388277e-03 -7.315826551581602888e-02 -1.538098009999999960e-01 -3.547047404346687863e-03 9.999896157777944383e-01 -2.861256942414596837e-03 -2.458414399999999875e-02 7.314798289491306060e-02 3.113069703469307972e-03 9.973162394122673247e-01 2.579643964999999817e+00
9.973100343413092705e-01 2.388629670276991648e-03 -7.325974235850624128e-02 -1.577343639999999880e-01 -2.362399830582732202e-03 9.999971106557331568e-01 4.446877847011357007e-04 -2.498355500000000104e-02 7.326059288032621408e-02 -2.704227868951806146e-04 9.973127956676076655e-01 2.629994631000000194e+00
9.972864610430425270e-01 -1.753071269697517771e-04 -7.361850234591355013e-02 -1.610222159999999958e-01 4.511743178442743788e-04 9.999929393575239800e-01 3.730640271342948889e-03 -2.569893200000000072e-02 7.361732854416114247e-02 -3.753731811208899701e-03 9.972794986539683659e-01 2.681275605999999812e+00
9.972869787308518141e-01 -2.357541500699303523e-03 -7.357393595535074993e-02 -1.652432980000000107e-01 2.705630390512477924e-03 9.999856127280969398e-01 4.631835597522763852e-03 -2.656348799999999968e-02 7.356195768248360856e-02 -4.818333206101903070e-03 9.972790091278546099e-01 2.731677055000000021e+00
9.972448043396269224e-01 -5.291417051018924844e-03 -7.399189903774124055e-02 -1.682275980000000060e-01 5.552440967470552088e-03 9.999790655427986952e-01 3.322480316554245975e-03 -2.698632499999999851e-02 7.397276942849891068e-02 -3.724161884682500572e-03 9.972533078417613606e-01 2.781788349000000160e+00
9.971764346150661096e-01 -7.639040794819273485e-03 -7.470477430606387026e-02 -1.717040840000000068e-01 7.792301853602859145e-03 9.999680901803689181e-01 1.760299079091645017e-03 -2.743031300000000131e-02 7.468894349371391073e-02 -2.337450910842915879e-03 9.972041406066424196e-01 2.831689835000000155e+00
9.971294532226951945e-01 -8.750908556898223667e-03 -7.520821175402081504e-02 -1.756416110000000030e-01 9.015448183572177115e-03 9.999543079110392307e-01 3.178645026407371857e-03 -2.830504799999999932e-02 7.517695930175782859e-02 -3.847556313218120951e-03 9.971627856576670279e-01 2.880744457000000036e+00
9.969963646528018364e-01 -1.155763982544212760e-02 -7.658113234186857132e-02 -1.788803039999999900e-01 1.214938734723029247e-02 9.998997961856298522e-01 7.265670996048230988e-03 -2.888960800000000065e-02 7.648948461183664727e-02 -8.174261410134255057e-03 9.970368800572095846e-01 2.930310964999999879e+00
9.969339789810010011e-01 -1.280562295700441756e-02 -7.719234141928785209e-02 -1.826601479999999944e-01 1.380863368803344170e-02 9.998268465810995487e-01 1.247391243211361592e-02 -2.913034700000000088e-02 7.701923908205382530e-02 -1.350158792058816018e-02 9.969381846106828426e-01 2.980359315999999925e+00
9.969313077090652397e-01 -1.084449126166650047e-02 -7.752654202767322866e-02 -1.870456640000000004e-01 1.199151379611852579e-02 9.998251966977240723e-01 1.434502161848401174e-02 -2.916298100000000101e-02 7.735742567052270036e-02 -1.523066175952028471e-02 9.968870826909116412e-01 3.029506921999999935e+00
9.968164286156863119e-01 -1.010667504693925529e-02 -7.908769032766070628e-02 -1.905748399999999954e-01 1.099688962380058511e-02 9.998808978335248510e-01 1.082859945820121433e-02 -2.956850999999999924e-02 7.896882967646366713e-02 -1.166384443996849526e-02 9.968088476094150163e-01 3.078595160999999969e+00
9.967323542591164376e-01 -8.444381195276687985e-03 -8.033247412664498710e-02 -1.947898120000000066e-01 8.716021418403208793e-03 9.999574199215331971e-01 3.031388214076580559e-03 -2.991877100000000025e-02 8.030345536596270040e-02 -3.721662276371047288e-03 9.967635147246248772e-01 3.126180172000000201e+00
9.966508457484086758e-01 -7.091291394383015395e-03 -8.146658981043462811e-02 -1.985890869999999975e-01 6.959268182833272184e-03 9.999739705539197887e-01 -1.904416180255815404e-03 -3.013475200000000076e-02 8.147797405029820472e-02 1.331090150277225610e-03 9.966742536775347050e-01 3.174504279999999845e+00
9.966017943409667401e-01 -2.131578683988982065e-03 -8.234269784673937942e-02 -2.030664090000000033e-01 2.035052301844666317e-03 9.999971403048082408e-01 -1.256162543035445290e-03 -3.073448499999999889e-02 8.234513998102262200e-02 1.084322147579929807e-03 9.966032822377147715e-01 3.221760750000000062e+00
9.965214671798792168e-01 6.093409813640694251e-05 -8.333643702904861006e-02 -2.074862269999999953e-01 4.899649564408582215e-05 9.999991314596968772e-01 1.317072205766905328e-03 -3.149121299999999707e-02 8.333644490260136428e-02 -1.316573920246563766e-03 9.965205986752648792e-01 3.269176482999999855e+00
9.964069331428353493e-01 2.363564131094958963e-03 -8.466189904252963139e-02 -2.112249140000000136e-01 -2.100766814581375014e-03 9.999926956324604044e-01 3.193033121697071760e-03 -3.231847300000000034e-02 8.466882757945826121e-02 -3.003705432245688204e-03 9.964046203174673488e-01 3.314958572000000103e+00
9.963579763834207181e-01 3.447342182666587960e-03 -8.519917094086343345e-02 -2.157364639999999889e-01 -3.228202023965702581e-03 9.999911179987663878e-01 2.709729741079088851e-03 -3.291894100000000017e-02 8.520775556736209788e-02 -2.424820705296036258e-03 9.963602554476567175e-01 3.359982490999999794e+00
9.962019072448451418e-01 4.971719309215402727e-03 -8.693124874775129407e-02 -2.197673470000000018e-01 -4.695631996436896993e-03 9.999832627552234232e-01 3.380125673963795679e-03 -3.308501099999999751e-02 8.694659879424310178e-02 -2.959090490019844304e-03 9.962085789339423236e-01 3.404345751000000142e+00
9.960594881346435114e-01 6.460795893132420531e-03 -8.845198818217282766e-02 -2.235549239999999882e-01 -6.111155789226531410e-03 9.999724091562549599e-01 4.223115100873544268e-03 -3.428832799999999986e-02 8.847683240188790321e-02 -3.665929986061703706e-03 9.960714889431708796e-01 3.447916984999999990e+00
9.959001394114419536e-01 5.629480360535408894e-03 -9.028411416822310076e-02 -2.268784050000000052e-01 -5.195647099273653820e-03 9.999738039785516230e-01 5.039504726159178133e-03 -3.527693099999999748e-02 9.031011887651463343e-02 -4.549759063457926855e-03 9.959032995833351221e-01 3.490542888999999871e+00
9.958178372202791673e-01 5.936183146014056139e-03 -9.116795930359827826e-02 -2.320216300000000065e-01 -5.432596034878030625e-03 9.999685913459007702e-01 5.770894386208810095e-03 -3.544005399999999861e-02 9.119935292669242854e-02 -5.251480872280459011e-03 9.958188088073054445e-01 3.533898591999999894e+00
9.957192318663335984e-01 8.666391383983432575e-03 -9.202230681687043057e-02 -2.365275619999999968e-01 -7.928454859800848284e-03 9.999334414845189034e-01 8.381658813286044576e-03 -3.561512800000000284e-02 9.208882068446050395e-02 -7.616184169638563414e-03 9.957216693653098138e-01 3.576167344999999997e+00
9.955753566740882521e-01 1.034990420590346620e-02 -9.339479999545348410e-02 -2.407061610000000018e-01 -9.249367569193379587e-03 9.998826891176728626e-01 1.220889849172688071e-02 -3.566285200000000183e-02 9.351020469891020703e-02 -1.129103563628947732e-02 9.955542949188799229e-01 3.617223500999999786e+00
9.953861066841991345e-01 1.363577259814844657e-02 -9.497665147668536700e-02 -2.452380809999999967e-01 -1.237867827413992490e-02 9.998279771426141771e-01 1.381247432915722051e-02 -3.602791200000000221e-02 9.514865708068355465e-02 -1.257305963399024673e-02 9.953836703639369343e-01 3.657916069000000103e+00
9.952177302906353162e-01 1.595502153620377561e-02 -9.636963527447509059e-02 -2.485139969999999865e-01 -1.502368008216641015e-02 9.998332356622522399e-01 1.038219157691740516e-02 -3.693233099999999880e-02 9.651921234627225399e-02 -8.884714566623520826e-03 9.952914666041926539e-01 3.696456909000000124e+00
9.950698650227660647e-01 1.633734543555521654e-02 -9.782154602997017445e-02 -2.522959710000000078e-01 -1.606314468151324656e-02 9.998645344026272364e-01 3.590017654333115503e-03 -3.788989799999999825e-02 9.786694593433986622e-02 -2.000996735877881745e-03 9.951974964325162043e-01 3.734070539000000188e+00
9.949975235832433373e-01 1.554245060115952773e-02 -9.868313073936954560e-02 -2.567517160000000187e-01 -1.590160527565084511e-02 9.998694884713228426e-01 -2.853940040091252923e-03 -3.765886999999999707e-02 9.862589423103032549e-02 4.408883464728760408e-03 9.951148148498865087e-01 3.771125317000000088e+00
9.948790394392875713e-01 1.577176204598468648e-02 -9.983460525451727519e-02 -2.600596550000000007e-01 -1.624737546573877187e-02 9.998601897007033390e-01 -3.952700614631610328e-03 -3.829488200000000231e-02 9.975830629494349122e-02 5.554509306719738158e-03 9.949961948427369363e-01 3.808300733999999910e+00
9.947540979196149991e-01 1.862567060770110514e-02 -1.005851334270942143e-01 -2.641130389999999939e-01 -1.876687499928153188e-02 9.998237819323018138e-01 -4.576956961220371174e-04 -3.880292199999999664e-02 1.005588836199680092e-01 2.342963295129898808e-03 9.949283499067173020e-01 3.843365191999999819e+00
9.946478026506562209e-01 1.905607944544402202e-02 -1.015510439059597453e-01 -2.678697110000000103e-01 -1.896381262968959910e-02 9.998184145190166516e-01 1.873979515847932955e-03 -3.997073300000000134e-02 1.015683144133408405e-01 6.184536133151498968e-05 9.948285649710627565e-01 3.877066850999999925e+00
9.945839557992328661e-01 1.556292658022960518e-02 -1.027645375750213946e-01 -2.712492639999999899e-01 -1.577445560467827940e-02 9.998747992068179880e-01 -1.245978130435324883e-03 -4.051569499999999741e-02 1.027322803072414775e-01 2.860284493520165970e-03 9.947049297934993373e-01 3.910623074000000088e+00
9.946829922497947285e-01 7.601003755070567976e-03 -1.027033089579408864e-01 -2.741744219999999732e-01 -8.353286991657984592e-03 9.999413272874360104e-01 -6.896707843285463345e-03 -4.085687200000000241e-02 1.026448611740005956e-01 7.717948208950412177e-03 9.946881248662889918e-01 3.942452192000000188e+00
9.947752334996404766e-01 3.441458364461971557e-03 -1.020313245041019889e-01 -2.766813340000000010e-01 -4.641426914435105473e-03 9.999228045594410474e-01 -1.152571378179117860e-02 -4.166946199999999739e-02 1.019837828869553376e-01 1.193906555420014455e-02 9.947144146647111107e-01 3.973097801000000207e+00
9.951096328714248429e-01 5.962004442754006983e-03 -9.859651651819559270e-02 -2.802146669999999729e-01 -7.101184796957779252e-03 9.999119835450802629e-01 -1.120706640574001267e-02 -4.277448699999999993e-02 9.852102182264296792e-02 1.185241182071362920e-02 9.950643841445911963e-01 4.004570484000000263e+00
9.954701340029484813e-01 1.052178155515027212e-02 -9.449076368120519487e-02 -2.833644450000000203e-01 -1.136767084318887448e-02 9.998999494601261695e-01 -8.418261651785271388e-03 -4.323575999999999808e-02 9.439273471911162339e-02 9.454267953824053300e-03 9.954901448280161214e-01 4.034155368999999602e+00
9.958676747364120230e-01 9.228475656184561421e-03 -9.034605498944063562e-02 -2.854971889999999846e-01 -9.765111893898437839e-03 9.999371967641121906e-01 -5.499556093783483646e-03 -4.377681399999999723e-02 9.028962844530631637e-02 6.359069475342812167e-03 9.958952481213153574e-01 4.062942028000000150e+00
9.964181007739646434e-01 5.785426975381802867e-03 -8.436526112516788689e-02 -2.877254490000000220e-01 -5.920216619656139614e-03 9.999815673341893030e-01 -1.347600472897986625e-03 -4.434310300000000177e-02 8.435590960437559793e-02 1.842234124841957187e-03 9.964339851130368242e-01 4.091621875999999602e+00
9.970765891127437719e-01 1.223883607078864871e-03 -7.639880596065075358e-02 -2.890745699999999752e-01 -1.116343530905210962e-03 9.999983251951091168e-01 1.450304829327272787e-03 -4.437734900000000343e-02 7.640045301186275395e-02 -1.360777679596322223e-03 9.970762854785429896e-01 4.119692326000000016e+00
9.978390578657302390e-01 4.670477037267676927e-03 -6.553931066067421318e-02 -2.909298840000000275e-01 -4.547750622221368756e-03 9.999876154188486188e-01 2.021626375750644900e-03 -4.561070700000000033e-02 6.554794094332859478e-02 -1.719201317298493098e-03 9.978479402117943486e-01 4.146405696999999613e+00
9.986876146206157268e-01 1.005721742572051117e-02 -5.021853025563564193e-02 -2.926403879999999735e-01 -9.991131910526258875e-03 9.999488598712837906e-01 1.566820112872925434e-03 -4.583367299999999839e-02 5.023171992407658021e-02 -1.063023880927856449e-03 9.987370245934100721e-01 4.172246933000000269e+00
9.993742016801139272e-01 1.499868424772450061e-02 -3.203505091414645539e-02 -2.933877109999999955e-01 -1.493321487872632282e-02 9.998858893414692695e-01 2.281970465384799626e-03 -4.640967399999999798e-02 3.206562192786351767e-02 -1.802156113149645106e-03 9.994841410066110932e-01 4.198328971999999659e+00
9.998564971830381509e-01 1.367594725403747588e-02 -9.997675108245967016e-03 -2.927545910000000084e-01 -1.365088121955553360e-02 9.999035166728520441e-01 2.571145113206222549e-03 -4.652336199999999866e-02 1.003187334423846257e-02 -2.434299071265287086e-03 9.999467164330491098e-01 4.223199368000000398e+00
9.998160732013764429e-01 1.002853479062659064e-02 1.634772944885987123e-02 -2.913191620000000204e-01 -1.008624525539848424e-02 9.999431755741288175e-01 3.451561874709076997e-03 -4.684984700000000002e-02 -1.631218639017711913e-02 -3.615814248573311854e-03 9.998604094884905313e-01 4.247975826000000232e+00
9.989136043593365155e-01 9.268606669134080156e-03 4.566950794843047806e-02 -2.888019980000000042e-01 -9.508901778721840642e-03 9.999420517509555184e-01 5.047170202396255266e-03 -4.724513000000000323e-02 -4.562008124501195500e-02 -5.475953844054867216e-03 9.989438533354596528e-01 4.271777629999999881e+00
9.968375914506960589e-01 8.695719606246580038e-03 7.898861140256056845e-02 -2.862137260000000016e-01 -9.245877828974362680e-03 9.999354618065492417e-01 6.601966744447029106e-03 -4.772837099999999860e-02 -7.892610476861798563e-02 -7.311407679280575167e-03 9.968536569144944570e-01 4.295486926999999788e+00
9.931088417348640229e-01 8.737954777074077861e-03 1.168694853858378846e-01 -2.825431230000000071e-01 -9.623320652645091927e-03 9.999290984181641306e-01 7.013546624485414611e-03 -4.791153599999999763e-02 -1.167999151012240333e-01 -8.089887697073713455e-03 9.931225168877179099e-01 4.318436623000000196e+00
9.874232793353078241e-01 8.535552474127714589e-03 1.578683368211246663e-01 -2.773157359999999794e-01 -9.777683907672026636e-03 9.999270394345755042e-01 7.093144930597309293e-03 -4.820486200000000110e-02 -1.577962747472458904e-01 -8.547523124637867314e-03 9.874346943086036443e-01 4.340729236999999685e+00
9.791223227115567473e-01 8.685474051503917770e-03 2.030862863622918124e-01 -2.717884780000000000e-01 -1.024968184553923592e-02 9.999253467469011447e-01 6.651688143224663251e-03 -4.822981700000000121e-02 -2.030133522455884187e-01 -8.594386167152620604e-03 9.791382513906902174e-01 4.361862658999999809e+00
9.677276831032498583e-01 1.077383427954195158e-02 2.517678610357821922e-01 -2.645641269999999823e-01 -1.234168691829128778e-02 9.999130305192528434e-01 4.649103334473477477e-03 -4.871186599999999950e-02 -2.516958762467650379e-01 -7.606306115369104205e-03 9.677764876187333609e-01 4.383130074000000320e+00
9.524182304095550888e-01 1.201480359394685275e-02 3.045573162446282289e-01 -2.564348280000000035e-01 -1.329639399197726952e-02 9.999093212431123812e-01 2.134290970873991503e-03 -4.932231799999999694e-02 -3.045040562789627092e-01 -6.082251699586694454e-03 9.524916198707058523e-01 4.402743816000000088e+00
9.327489446017821484e-01 1.211034086912686492e-02 3.603231133140019082e-01 -2.470055220000000051e-01 -1.297454707258696022e-02 9.999158268148545803e-01 -2.033290191601373753e-05 -4.971110100000000059e-02 -3.602930300082458626e-01 -4.656063702230750327e-03 9.328275583398455417e-01 4.422551632000000232e+00
9.087784328812718027e-01 1.238896275726464324e-02 4.170950413654648248e-01 -2.366690780000000049e-01 -1.284840041173838932e-02 9.999160005216470859e-01 -1.706021000190957766e-03 -5.005103300000000172e-02 -4.170811414302010300e-01 -3.808609010197999689e-03 9.088612743211629263e-01 4.440310955000000170e+00
8.792170106333486723e-01 1.280613180959155016e-02 4.762493582158754957e-01 -2.255598600000000009e-01 -1.262247300429126910e-02 9.999139084073034311e-01 -3.584543051291323550e-03 -5.045214299999999791e-02 -4.762542612808980391e-01 -2.859853441348032647e-03 8.793029624936333777e-01 4.458510876000000067e+00
8.459856773593823487e-01 1.156215632744593200e-02 5.330802474710976124e-01 -2.125363949999999891e-01 -9.593700836174466617e-03 9.999330936161233696e-01 -6.462909217600884548e-03 -5.041614500000000249e-02 -5.331193061661272381e-01 3.533162162527208119e-04 8.460399993857254941e-01 4.475060463000000155e+00
8.090955885353610100e-01 1.132304629244731443e-02 5.875679681834918844e-01 -1.990885729999999909e-01 -8.893089497996291629e-03 9.999357875367159698e-01 -7.023799720112105203e-03 -5.122658599999999757e-02 -5.876097698062877628e-01 4.576308410869766446e-04 8.091443313786574887e-01 4.490115165999999824e+00
7.699847324785645819e-01 9.770119561262903193e-03 6.379875049824030864e-01 -1.839828490000000039e-01 -7.124990827099698075e-03 9.999520764795579719e-01 -6.714108275427659728e-03 -5.146137600000000312e-02 -6.380225280157645340e-01 6.241057434834369408e-04 7.700174441117512147e-01 4.504125594999999649e+00
7.267026285430100430e-01 9.685137437104232930e-03 6.868838968715925697e-01 -1.690660119999999877e-01 -8.978512859607603105e-03 9.999491100520206954e-01 -4.600392700821384455e-03 -5.179657800000000284e-02 -6.868934968213850079e-01 -2.824078433101997673e-03 7.267526048150730889e-01 4.517705441000000377e+00
6.830037793741313701e-01 8.640396405896109966e-03 7.303637319244445925e-01 -1.521308419999999884e-01 -7.417252157782644635e-03 9.999605181737861725e-01 -4.893512444153027760e-03 -5.181874300000000044e-02 -7.303771777178423852e-01 -2.075004472811910802e-03 6.830409011364964034e-01 4.529101372000000403e+00
6.367079669563602273e-01 8.188047889689508210e-03 7.710615544079829631e-01 -1.351026300000000013e-01 -3.602374029835758631e-03 9.999642944462856509e-01 -7.644130682508360440e-03 -5.155617700000000164e-02 -7.710966137363383099e-01 2.089426787004523313e-03 6.367147293569186406e-01 4.540001869000000134e+00
5.897758596874405068e-01 4.747204391286519339e-03 8.075530319306639671e-01 -1.175563339999999984e-01 1.151768390014305853e-03 9.999767603827695028e-01 -6.719533016279932887e-03 -5.290794399999999842e-02 -8.075661637039509566e-01 4.893132416812590209e-03 5.897566858422508274e-01 4.549984454999999706e+00
5.440032006691242206e-01 6.606602517178932106e-03 8.390571318241257792e-01 -9.940624200000000577e-02 -4.842711593211973878e-04 9.999713082682579746e-01 -7.559637670750228057e-03 -5.344817799999999897e-02 -8.390830013432477585e-01 3.706135918821817400e-03 5.439907916622839235e-01 4.558906077999999695e+00
4.958227918222783970e-01 9.800260805941554687e-03 8.683684206589373789e-01 -8.188486100000000323e-02 -4.618457974470536673e-03 9.999519377947427845e-01 -8.648233720061623137e-03 -5.391258000000000161e-02 -8.684114399036321208e-01 2.774683302418671713e-04 4.958442235781577168e-01 4.567781447999999855e+00
4.501484735215472988e-01 1.182154301357543798e-02 8.928754688684188423e-01 -6.340026899999999521e-02 -5.623470599294218622e-03 9.999300660628612780e-01 -1.040382439013205415e-02 -5.455011099999999835e-02 -8.929360158290400307e-01 -3.377932800084082476e-04 4.501834709660720302e-01 4.575438023000000243e+00
4.077973660968783332e-01 9.036555150322634483e-03 9.130277371884515381e-01 -4.470944400000000096e-02 1.783260374345983085e-03 9.999412354767052147e-01 -1.069324907396002403e-02 -5.504624899999999849e-02 -9.130707136837136195e-01 5.988844991785726574e-03 4.077572875483386206e-01 4.581418514000000108e+00
3.684094399725620361e-01 1.674023392373009261e-03 9.296621333499525131e-01 -2.470731699999999947e-02 1.674363472282103596e-02 9.998242303689858224e-01 -8.435583165014862855e-03 -5.523191000000000211e-02 -9.295128483433522382e-01 1.867367164611524397e-02 3.683166555450365642e-01 4.586354255999999907e+00
3.336821008654152765e-01 -2.051080231110226706e-03 9.426834297005164398e-01 -4.723787000000000125e-03 2.069360358924578203e-02 9.997726021834441035e-01 -5.149630456253774871e-03 -5.565372899999999901e-02 -9.424585032416727959e-01 2.122585671369641575e-02 3.336486665254870809e-01 4.591121674000000041e+00
3.003060811944879838e-01 2.280494701361610380e-03 9.538401632042585732e-01 1.520228399999999994e-02 1.879582343968055208e-02 9.997888247016617491e-01 -8.308009562719239141e-03 -5.561809200000000092e-02 -9.536576820950135591e-01 2.042315709156987402e-02 3.001998001924370829e-01 4.596671580999999840e+00
2.690883543557470170e-01 1.010409255874996325e-02 9.630624927094191268e-01 3.530526199999999698e-02 7.703884055098563985e-03 9.998903962032781312e-01 -1.264301194008898149e-02 -5.631696399999999714e-02 -9.630846835666018180e-01 1.082140905870617592e-02 2.689810204929014015e-01 4.602332115000000279e+00
2.405670954383834492e-01 1.440402546466230428e-02 9.705256290499251204e-01 5.600190199999999924e-02 2.791946083752468513e-03 9.998754784045822408e-01 -1.553166836735280290e-02 -5.727907299999999979e-02 -9.706284961968738578e-01 6.446063575653620398e-03 2.404969243773681375e-01 4.607081413000000403e+00
2.149258783882128931e-01 1.618209058474330553e-02 9.764962912081961433e-01 7.746910999999999381e-02 3.761327745380222895e-03 9.998415889221574648e-01 -1.739682371030314145e-02 -5.806954200000000177e-02 -9.766231203553635831e-01 7.411950210484063821e-03 2.148309656018665414e-01 4.610737323999999582e+00
1.916883632999322185e-01 1.755599329883498691e-02 9.812988120214375387e-01 9.956359900000000263e-02 1.182037597969086071e-02 9.997261893337041627e-01 -2.019467929949577897e-02 -5.852615099999999848e-02 -9.813846595943366280e-01 1.547040592880474449e-02 1.914283585399667587e-01 4.613520622000000238e+00
1.717926412526542823e-01 2.361508992764516091e-02 9.848500474382616554e-01 1.221506599999999942e-01 1.877533464905840194e-02 9.994525761520848262e-01 -2.724031629362753601e-02 -5.867373599999999717e-02 -9.849541995546050588e-01 2.317057510443439397e-02 1.712552166477770976e-01 4.615913391000000310e+00
1.522987773290708224e-01 3.040583297214851516e-02 9.878666750859348422e-01 1.452898980000000007e-01 2.073378241219093338e-02 9.992083917747475175e-01 -3.395143699177641944e-02 -5.867639899999999714e-02 -9.881169934228204443e-01 2.565297503589883399e-02 1.515477884393352515e-01 4.618554115000000238e+00
1.345595392198608853e-01 3.091660091957812440e-02 9.904230884791197509e-01 1.693127160000000020e-01 1.833242104291408353e-02 9.992644102089933700e-01 -3.368324254548249463e-02 -5.946464800000000189e-02 -9.907359147339133143e-01 2.268925466497350926e-02 1.338937824512547170e-01 4.621766566999999881e+00
1.190139575798799948e-01 2.690202693970519116e-02 9.925280645139007429e-01 1.945486070000000123e-01 1.637314803877872732e-02 9.994437733937364676e-01 -2.905277693766548583e-02 -6.054647999999999974e-02 -9.927575725848052368e-01 1.970849489496565368e-02 1.185072879805303403e-01 4.624432086999999747e+00
1.045306646034392106e-01 2.362011079030964383e-02 9.942411329872731240e-01 2.201704979999999923e-01 1.681517842571390170e-02 9.995330410857654613e-01 -2.551371302560150045e-02 -6.166831799999999975e-02 -9.943794999556629932e-01 1.938530742843248833e-02 1.040846767004175444e-01 4.626781939999999871e+00
9.112950099113423241e-02 2.202166961126360289e-02 9.955955303820118729e-01 2.463605399999999890e-01 1.902731737983302113e-02 9.995344510614533329e-01 -2.385041581621407877e-02 -6.220681599999999811e-02 -9.956572579168165849e-01 2.111698863028437304e-02 9.066806245175018653e-02 4.628829479000000191e+00
7.948591597871659808e-02 2.024578534851770653e-02 9.966303714701084671e-01 2.743372920000000104e-01 2.248845576687828404e-02 9.995028570003605672e-01 -2.209769683333115409e-02 -6.363850799999999641e-02 -9.965822888844882987e-01 2.416913369855031718e-02 7.899110366374195724e-02 4.630447864999999830e+00
