0.9999536859666489,0.005056356446528329,-0.008188967040999806,-0.10891001961074281,0.0017215872674009637,-0.9311208504667424,-0.3647067287059167,0.1323958158514885,-0.009469005174444284,0.364675739644929,-0.9310864314634976,-0.06965352381604416,0.0,0.0,0.0,1.0
0.9999946407503532,0.002446090710048924,-0.0021760309762815086,-0.10577429270937452,0.0014631963091390734,-0.9285022531668232,-0.37132388143060985,0.13603488037789735,-0.0029287415612249054,0.3713187074527365,-0.9285008562023498,-0.06510640587882492,0.0,0.0,0.0,1.0
0.9999935390174329,0.0009997975971511334,0.003452872449631285,-0.10284635445323395,0.0022163567359062726,-0.9277258583565658,-0.3732557025678137,0.13436953262570325,0.002830138902579664,0.37326094376633845,-0.9277220802441074,-0.06343954216852031,0.0,0.0,0.0,1.0
0.9999779554833251,-0.0006448387279072586,0.006608534663902442,-0.09888378045300579,0.0018826966905575863,-0.9268912242974465,-0.3753253438998651,0.13442737333231566,0.006367417102748392,0.37532951190040426,-0.9268695773926576,-0.060343309510952965,0.0,0.0,0.0,1.0
0.9999398959982089,-0.0029759146853023254,0.010552171476823026,-0.09601430643407419,0.0012139045834959883,-0.9264892818654489,-0.37631919566254796,0.1344413902551357,0.010896367594416173,0.37630938670225955,-0.9264299836755159,-0.0578735046807548,0.0,0.0,0.0,1.0
0.9999045598324613,-0.0035508490552886964,0.013351505429685892,-0.09398346217591967,0.001748730272225079,-0.9261047419294254,-0.37726244037575174,0.1351493719805665,0.013704494470332722,0.37724978256696073,-0.9260101448604617,-0.05522761508247457,0.0,0.0,0.0,1.0
0.9998464270618271,-0.004105771343258068,0.017037163301893775,-0.09296978453583066,0.0025993323877756113,-0.926671692906518,-0.37586276356790904,0.1336181288325626,0.01733106352294561,0.3758493264693245,-0.9265187089474873,-0.05328691250871186,0.0,0.0,0.0,1.0
0.9998405064650892,-0.004702821508586467,0.01722919329199819,-0.09012373058633075,0.0020250828058055712,-0.928632469940459,-0.3709954646783601,0.12940484275871683,0.017744313772707285,0.37097118384335603,-0.9284748354622189,-0.05054693692092753,0.0,0.0,0.0,1.0
0.9998664956363792,-0.005201160461632644,0.015489959124509301,-0.08682289465903938,0.0008689413057800913,-0.9297195396517538,-0.36826732482089436,0.12888130509651896,0.016316735115632936,0.36823161939135995,-0.9295908985331036,-0.0481523452396167,0.0,0.0,0.0,1.0
0.9998923621124695,-0.00447732211083567,0.013972035494612815,-0.08406982149321734,0.0009126404136434412,-0.9314757283633639,-0.3638023289609566,0.12717785724356254,0.01464347215049365,0.36377592149104165,-0.9313713800985732,-0.046806547780553556,0.0,0.0,0.0,1.0
0.9999349023372122,-0.0031848980914835584,0.01095661955242721,-0.08112871775970774,0.0009759576056666367,-0.9328609615869998,-0.36023530345279847,0.1271791589176912,0.011368315381871991,0.36022254617267463,-0.932797126193179,-0.04477761256080016,0.0,0.0,0.0,1.0
0.9999776196975884,-0.0016256179333680742,0.006489797398937085,-0.07825447667209703,0.0007751297776998292,-0.9353475914990954,-0.35372910857133155,0.12457155670449077,0.006645244748860756,0.3537262224421252,-0.9353253980722708,-0.04297442718923976,0.0,0.0,0.0,1.0
0.9999946713181813,0.00028995882176356826,0.0032516548285557974,-0.07674153132838966,0.0013998671951293681,-0.9379119000846261,-0.3468707368047675,0.1225359208024672,0.0029491875285219465,0.3468734403259032,-0.9379073081543794,-0.04078009054850345,0.0,0.0,0.0,1.0
0.9999972660093049,0.0022125605688452414,-0.0007566701028596211,-0.07518784020452514,0.0018251044331043732,-0.94080029919628,-0.3389564367673198,0.12017470883386563,-0.0014618371057108686,0.3389541290616166,-0.9408017652111191,-0.039046563937531066,0.0,0.0,0.0,1.0
0.9999772286413324,0.004840943133146017,-0.004701857971393083,-0.07429826095585146,0.0030242253979858107,-0.944305651651486,-0.3290557556399891,0.11542851921683309,-0.00603293125633666,0.32903404311506085,-0.9442987886319735,-0.03936514531634348,0.0,0.0,0.0,1.0
0.9999276749298063,0.007796534858890651,-0.0091574534486861,-0.07339481421260909,0.004452442204959871,-0.9472928140826519,-0.32033810286286946,0.11339426728063075,-0.011172317032838,0.32027416135486947,-0.9472590146842377,-0.038876398796273526,0.0,0.0,0.0,1.0
0.9998352377447373,0.009660404955182387,-0.015367951718639273,-0.07124554989571653,0.004407618095412431,-0.9504893514264529,-0.31072586909951067,0.11144060768800564,-0.017608812187354748,0.3106069371424649,-0.9503753260329981,-0.03673414383598803,0.0,0.0,0.0,1.0
0.9997030652493808,0.012311546589273293,-0.021028722062279733,-0.06997853807425249,0.005379799333416358,-0.9531957109644844,-0.30230612689464814,0.11082785472580677,-0.023766343642315495,0.3021032313953147,-0.9529789076838922,-0.03493127505698874,0.0,0.0,0.0,1.0
0.9995366991624638,0.014941330278232594,-0.026516856467582544,-0.06840115347488299,0.006538565452052322,-0.9562842067983663,-0.29236580338652585,0.10856906212628294,-0.029725985084347196,0.292056967863354,-0.9559388543903993,-0.035176139863426145,0.0,0.0,0.0,1.0
0.9993325132725718,0.018606680367037092,-0.03143754701059815,-0.06866119009317243,0.008944859372246115,-0.9590018806232844,-0.28325850817197856,0.10765109932303064,-0.03541916722814631,0.2827882324403245,-0.9585281937356573,-0.03419081778389312,0.0,0.0,0.0,1.0
0.998855510581313,0.018913125557659085,-0.04393134032764104,-0.06101834737813232,0.006315911796125667,-0.9626105343857134,-0.2708155614949683,0.10444354114540214,-0.047410739706593465,0.2702281494798268,-0.9616282904476043,-0.030781110138221993,0.0,0.0,0.0,1.0
0.998679985481809,0.022769014281886654,-0.04604192205681234,-0.06482153804533418,0.009945598648042496,-0.9651359789239449,-0.261559987869037,0.10451434963789413,-0.050392178615201746,0.26075681040991044,-0.9640884368973957,-0.028829517673947008,0.0,0.0,0.0,1.0
0.9983244877871451,0.024629572088723274,-0.052360302360291475,-0.06454004871528157,0.010768871547211623,-0.9681635102014188,-0.2500868827429117,0.1022727699975069,-0.05685286703530807,0.24910399774630992,-0.966806573114122,-0.027208507697212923,0.0,0.0,0.0,1.0
0.9978270519334054,0.025869660896089882,-0.06059649391681121,-0.0619442128605325,0.010760946035839344,-0.9713327042939168,-0.23748048258642243,0.09957556336112432,-0.06500289586089665,0.23631237422993245,-0.9695004307969697,-0.02415782670112165,0.0,0.0,0.0,1.0
0.9974557574023019,0.027301471550998154,-0.06585318273364096,-0.061274647351894675,0.011760121440078056,-0.9741200733688222,-0.22572501457223293,0.09740873588800628,-0.07031153225975728,0.22437627394862894,-0.971962744203817,-0.024683448466317807,0.0,0.0,0.0,1.0
0.9969529744554451,0.029697131884113336,-0.07213076377176042,-0.06004671024077566,0.013478939594356074,-0.9763699747778068,-0.21568493350207987,0.09696259578357345,-0.07683153592016514,0.21405548979234917,-0.9737952363705143,-0.02217328765905313,0.0,0.0,0.0,1.0
0.9963965561095562,0.03141101720399999,-0.07878610899914631,-0.059549842714712156,0.014860845156522376,-0.9791810683801583,-0.20244404315051007,0.09244392586590483,-0.0835048397055477,0.20054371923374148,-0.9761194386045435,-0.023241182266153817,0.0,0.0,0.0,1.0
0.9957738727642687,0.031884155997632675,-0.08612662141503177,-0.05687742245632909,0.014939299620987074,-0.981545423771397,-0.19064469150821584,0.09013462313340201,-0.09061573619898458,0.18855233138242292,-0.9778736148825006,-0.02157736032015288,0.0,0.0,0.0,1.0
0.9952995535867378,0.03161937729895263,-0.09153695215194473,-0.05614820692212755,0.01499318540428432,-0.9841118620989513,-0.1769153675279997,0.08570636939104198,-0.09567655418896363,0.17471135582829445,-0.9799601722127106,-0.019790167765233187,0.0,0.0,0.0,1.0
0.9947041246458013,0.03190940099573214,-0.09770104677394115,-0.054346687184131416,0.015552696872404894,-0.9863697629617827,-0.16380721697993514,0.08149037676055333,-0.10159634852013805,0.16142019961209947,-0.9816423488850531,-0.019757184177420402,0.0,0.0,0.0,1.0
0.9940253149418666,0.0318948497776095,-0.10438578357413252,-0.05175519111092512,0.015617862690421902,-0.9880746897687969,-0.1531812318898071,0.07923655849876524,-0.10802664310115834,0.15063573943775582,-0.9826693840678744,-0.018003026236596605,0.0,0.0,0.0,1.0
0.9934265269323761,0.030770116378166443,-0.1102584941179201,-0.04943605666780558,0.014997369042485225,-0.9898786130369697,-0.14112196984810255,0.07481712778905242,-0.11348486466873384,0.13854072105370085,-0.9838331434247578,-0.01777427150574533,0.0,0.0,0.0,1.0
0.9927521359556388,0.030535622705591355,-0.11623584774714626,-0.04615898482340139,0.015264259399867525,-0.9913870847500966,-0.13007171320344096,0.07216009388113669,-0.11920653900054959,0.1273547169785494,-0.9846677496104073,-0.015268027410182324,0.0,0.0,0.0,1.0
0.9924238753389899,0.03071634508173138,-0.11895947966413015,-0.04548857941150996,0.01633942340506109,-0.9926399314676579,-0.11999579033730146,0.06956303158900755,-0.12176976184558605,0.1171429579646317,-0.9856214549711089,-0.014160284405056714,0.0,0.0,0.0,1.0
0.9922338193889966,0.03025323296004899,-0.12065152115157754,-0.044952102292528176,0.017007598020905117,-0.993858990970225,-0.10933914064599867,0.06550225552606749,-0.12321846156434459,0.10643800055953317,-0.9866550373694979,-0.013682163863798323,0.0,0.0,0.0,1.0
0.9920375474581664,0.030019115080493635,-0.12231253886241887,-0.04431816249934183,0.017565421256101128,-0.9946648590615567,-0.10165271331425181,0.06392982130370364,-0.12471150872827397,0.09869483713871682,-0.9872721857283734,-0.011820031056942105,0.0,0.0,0.0,1.0
0.991884623444837,0.029210426150123814,-0.123740231039953,-0.043006492315565664,0.017506877883093953,-0.9953581838551055,-0.09463400583010556,0.06227270149559385,-0.12593015127632948,0.09169971012382852,-0.9877918607493821,-0.010091901986629336,0.0,0.0,0.0,1.0
0.9922061311506724,0.02807002092816245,-0.12140456017838641,-0.04396752146328863,0.017483820442429333,-0.9960198672748668,-0.08739988567780572,0.05960381218452096,-0.12337467053553504,0.08459608690033564,-0.9887477902637251,-0.009739226531557059,0.0,0.0,0.0,1.0
0.9925116364315867,0.026919881436940588,-0.11914684860001608,-0.04424982215173255,0.01730730169684503,-0.9965646375495384,-0.08099000243074087,0.056919435530578426,-0.12091777725325784,0.07832140939218397,-0.9895679097338158,-0.009653894701204006,0.0,0.0,0.0,1.0
0.9929863120429671,0.025235874220450885,-0.11550469578176416,-0.04523878972932179,0.016736797028095364,-0.9971200738141196,-0.07396916940296909,0.05306661140774575,-0.11703872743903466,0.07151719408124443,-0.9905489524653472,-0.009929349128457962,0.0,0.0,0.0,1.0
0.9928496440597657,0.02240150824339349,-0.11725082822230642,-0.03826220334918799,0.015134418176223694,-0.9979298047507051,-0.06250643308241749,0.04463178604075243,-0.11840833449070562,0.060284966771498846,-0.991133285236903,-0.009570221844048687,0.0,0.0,0.0,1.0
0.9933976028175491,0.024359926512184448,-0.11210618491709969,-0.04071047267553513,0.01723614747508203,-0.9977958358912279,-0.06408108221888077,0.04803627881478837,-0.11342009494160724,0.06172571472609052,-0.9916278627615251,-0.007578108698833297,0.0,0.0,0.0,1.0
0.9937001540014495,0.023346092380844397,-0.10961279080491265,-0.038742461061393965,0.0169558576648468,-0.9981214891606087,-0.05887267419319663,0.04434603438441549,-0.1107813288796714,0.0566432065331219,-0.9922293305104926,-0.0058302787813771855,0.0,0.0,0.0,1.0
0.9942205533747844,0.021675076535164046,-0.10514600469981304,-0.03762967339796605,0.016071719937482163,-0.9984197525959584,-0.053848838840558924,0.040775683530198274,-0.10614702570203963,0.05184774521056947,-0.9929977946859653,-0.004881608285018937,0.0,0.0,0.0,1.0
0.994754341381967,0.020596022220936424,-0.10019782517801143,-0.03606926022446811,0.01569837605940626,-0.9986544578889543,-0.04942504150343363,0.03714498031320347,-0.10108096403787464,0.04759283146854545,-0.9937391816276446,-0.004297665719726714,0.0,0.0,0.0,1.0
0.9953083152123114,0.018840976725012594,-0.09490192445507595,-0.03433659960247523,0.014494222656505731,-0.9988230927922305,-0.04628549248465451,0.03473684201935392,-0.0956622975827627,0.04469280592009084,-0.9944100149939037,-0.0023148845906013665,0.0,0.0,0.0,1.0
0.9958284820918839,0.017645632889321507,-0.08952243235362906,-0.032288426138849545,0.013812754330129637,-0.9989685717225549,-0.04325506361588464,0.03227743211243251,-0.09019335935860398,0.041838072978257944,-0.9950450912280687,-0.0018594294743693434,0.0,0.0,0.0,1.0
0.9962309139152994,0.017265385605962563,-0.08500513290010205,-0.029376039699965915,0.013914151278429264,-0.9991084005091297,-0.03985975948609124,0.028983837600197307,-0.08561753648457528,0.038526750342657706,-0.9955829081268656,-0.0007263727241070686,0.0,0.0,0.0,1.0
0.9968638827223875,0.01485017264590307,-0.07772947765187305,-0.02886818610441141,0.012096847744445844,-0.9992867006690624,-0.03577367943876305,0.025215174467170424,-0.07820527858331465,0.03472120732818136,-0.9963324606592819,-0.0019045736384721579,0.0,0.0,0.0,1.0
0.997444334911502,0.013915424968138655,-0.07007966681504386,-0.02837384873530143,0.01153742759684841,-0.9993475909007178,-0.03422397296309825,0.02377062303252804,-0.0705101873306187,0.033327968868316925,-0.9969541413594276,-0.0028339811279519756,0.0,0.0,0.0,1.0
0.997837350575633,0.012879935776658637,-0.0644571877341075,-0.025494233597050248,0.010870346555686588,-0.9994468016511197,-0.03143129388215606,0.02041101288291452,-0.06482636317085898,0.030662647043860014,-0.997425357966351,-0.0018068880572214086,0.0,0.0,0.0,1.0
0.9982834288858052,0.011303225304176705,-0.057466796584841086,-0.023599489549782793,0.009624514249024305,-0.9995212378782152,-0.02940516546239068,0.01829974473088241,-0.05777165686970395,0.02880159940217322,-0.9979142766462489,-0.0015214246803503697,0.0,0.0,0.0,1.0
0.9986689646966583,0.009049632095708162,-0.05077797859935319,-0.02044517749452611,0.007717117460070123,-0.99962227998712,-0.02637694924474075,0.015578526961417382,-0.050997500427094694,0.02594998096886542,-0.9983615845163034,-0.001402845789299306,0.0,0.0,0.0,1.0
0.9990348062821783,0.006641201465190094,-0.04342062044499936,-0.01867433967024325,0.005547005591136268,-0.999665222007802,-0.025272012920699485,0.01482915940816053,-0.043573920706104045,0.025006766108212702,-0.9987371901972547,-0.001027140912959365,0.0,0.0,0.0,1.0
0.9993644281391265,0.005430584198251632,-0.035231357132848126,-0.017701707038320892,0.00465034982158485,-0.9997429495740209,-0.022190291200738732,0.012248257761413245,-0.03534280714223864,0.022012349540710026,-0.9991327952034227,-0.002014543336553983,0.0,0.0,0.0,1.0
0.9995920364842865,0.004575556096960883,-0.028192638819382786,-0.015237471725959616,0.004014950168425389,-0.9997937256224091,-0.01990945456832108,0.010616085859820407,-0.028277920226594925,0.019788140197263215,-0.9994042168888381,-0.001340685373152628,0.0,0.0,0.0,1.0
0.9997764103395599,0.0035858264511821015,-0.02083917410086325,-0.013510070039297316,0.0032405810793394887,-0.9998573348127855,-0.01657735368934244,0.007905004617685651,-0.020895644589538596,0.016506116131159723,-0.9996453972121575,-0.0008019768695909478,0.0,0.0,0.0,1.0
0.9999191669406541,0.0023064823242649256,-0.012503588444808873,-0.013119535429601861,0.0021410279887668776,-0.9999101898648348,-0.01322982250906582,0.005563156022098721,-0.012532979847610917,0.013201982569217443,-0.9998343023083283,3.867358710601906e-06,0.0,0.0,0.0,1.0
0.9999716303151419,0.001451386852858452,-0.007391349070355923,-0.008842781570181967,0.0013851970476950245,-0.9999589679652341,-0.008952296635091185,0.0025279905115907935,-0.007404039033902961,0.008941804186346155,-0.999932609901226,-0.0009026870942110501,0.0,0.0,0.0,1.0
0.999995591809325,0.0004968990814831875,-0.002927362844007281,-0.004651203694874941,0.00047839633729660603,-0.9999799272356656,-0.006317931837030522,0.0020844792894884785,-0.0029304434582694853,0.0063165035467198025,-0.9999757568481759,0.0002806431416586994,0.0,0.0,0.0,1.0
0.999998484496089,-0.00011490244019537868,0.0017371824757793086,-0.00011211567801757616,-0.00011408312792599979,-0.999999882230485,-0.00047172455526478177,-0.0008645446683724777,0.0017372364734946708,0.00047152565715375826,-0.9999983798351825,9.685374869126207e-05,0.0,0.0,0.0,1.0
0.9999893072061594,-0.0007685310120411147,0.004560135242362572,0.004869113390271036,-0.000770839140687502,-0.9999995756848787,0.000504417566464457,0.0010487406557321641,0.004559745646885386,-0.0005079273035630509,-0.9999894753093606,0.0006704901244048929,0.0,0.0,0.0,1.0
0.9999521639281084,-0.0010798421074491918,0.009721306317318889,0.007905402923246782,-0.0011488369535136123,-0.9999741738095473,0.007094496991868087,-0.002352019815804431,0.009713394316427494,-0.007105325814933715,-0.9999275795355969,0.00016352031255751357,0.0,0.0,0.0,1.0
0.9998702054451675,-0.0026102952726503362,0.015898384245828755,0.009478868642730252,-0.0028127643658296007,-0.9999150627236897,0.012726181473721862,-0.004403007819168306,0.015863814789033436,-0.012769248093343698,-0.9997926213387802,0.0008271730961265993,0.0,0.0,0.0,1.0
0.999794457311458,-0.0034727637169283177,0.01997455985630451,0.012918961059589076,-0.0038478579639545057,-0.9998164063658672,0.018770923012257672,-0.006184598163345657,0.01990570567390007,-0.01884392405549489,-0.9996242641151799,0.0017816576974996855,0.0,0.0,0.0,1.0
0.9996946626955829,-0.0037733796785185095,0.02442013480237293,0.016077945093789583,-0.004319042994467653,-0.9997413075705415,0.02233078155272374,-0.005163366601096498,0.024329554981056722,-0.02242943474422105,-0.9994523466436399,0.0042959096032688686,0.0,0.0,0.0,1.0
0.999628788674672,-0.004189539296961607,0.02692085833118653,0.021389410990364954,-0.004927150302931734,-0.9996126372233032,0.02739158070220173,-0.00559416300773354,0.02679567208899453,-0.027514055752508114,-0.9992622121812407,0.006539953784952966,0.0,0.0,0.0,1.0
0.9995047452666009,-0.004007634853588777,0.031212226008845188,0.024659181577052044,-0.005066602905210317,-0.999411601767979,0.03392314529290099,-0.007325771508118718,0.03105790921082496,-0.03406448464959738,-0.9989369435359818,0.007919977118227057,0.0,0.0,0.0,1.0
0.9993427458721856,-0.0041606506877561854,0.03601062702168382,0.027458657897416017,-0.005611487590769853,-0.999172580941855,0.04028231250823025,-0.008288075932798457,0.03581323051134855,-0.040457909978724324,-0.9985392180783359,0.007502560822058001,0.0,0.0,0.0,1.0
0.9991481881040944,-0.003868166344390771,0.04108449217693731,0.029732230452192282,-0.005839807058556947,-0.998831279866898,0.04797886006329425,-0.010116102108146188,0.04085088569203279,-0.04817791660695246,-0.9980030528458267,0.005734930180167112,0.0,0.0,0.0,1.0
0.9989886492187381,-0.004086836326765513,0.044776963954231995,0.032159230492258765,-0.0065412666428569756,-0.998475597031217,0.05480596649874657,-0.011545678484106309,0.04448472280263649,-0.05504343650239249,-0.997492521042228,0.004952666453352594,0.0,0.0,0.0,1.0
0.9989543174047325,-0.0038790528659219912,0.045554634092585714,0.037177927492249616,-0.006683329964907395,-0.9980804789136668,0.06156858543158168,-0.012468212109897613,0.045228363214095665,-0.06180866088445198,-0.9970627285184441,0.005420108610724623,0.0,0.0,0.0,1.0
0.9989038212914934,-0.003329348077765497,0.04669123312388586,0.042207369194207915,-0.006444552905394746,-0.9977503652109899,0.06672837821486262,-0.0108944481695852,0.04636403290376653,-0.06695613610949533,-0.9966781086640686,0.006089895720016991,0.0,0.0,0.0,1.0
0.9987964197649424,-0.0023942344811157756,0.04898958568903434,0.04605191728637967,-0.0060271064158608865,-0.9972293816546767,0.07414333653729602,-0.011893277326730211,0.04867633771131195,-0.07434936452909523,-0.9960435663871003,0.0068066930400918595,0.0,0.0,0.0,1.0
0.9985707528685167,-0.0025701154273848094,0.05338394910732681,0.047692971976177646,-0.006850787331013796,-0.9967585360670577,0.08015913853330474,-0.010996023817137329,0.05300488872310705,-0.08041029339671779,-0.9953515291028113,0.007290380931552038,0.0,0.0,0.0,1.0
0.998476611887877,-0.0024803252329295114,0.05512080822743782,0.052336232427842015,-0.007202783010014936,-0.996299928879867,0.08564211365258662,-0.009994955188028534,0.05470443702130317,-0.08590867069575002,-0.994800042656549,0.009125303500228726,0.0,0.0,0.0,1.0
0.9983664487985578,-0.0033182706546691742,0.0570387849907406,0.05541764778008439,-0.00859318439043379,-0.995677014493348,0.09248480951834862,-0.010634244403939697,0.0564853175204812,-0.09282387564347647,-0.9940790396216665,0.012932644519988804,0.0,0.0,0.0,1.0
0.998074279204524,-0.003119559070480008,0.061951606448703456,0.055631385381971175,-0.009188614828687398,-0.9951515759422197,0.09792298125183019,-0.00990070903911295,0.06134576226520684,-0.09830365838015413,-0.9932638562845115,0.013169091186807244,0.0,0.0,0.0,1.0
0.997905456335276,-0.0020855457653587085,0.06465563173572603,0.058366664017314974,-0.008859239121276452,-0.9944689033324047,0.10465712678569199,-0.010275300208680787,0.06407974795890876,-0.10501071756589873,-0.992404421139798,0.014667698132316965,0.0,0.0,0.0,1.0
0.9978380690374534,-0.0017355147913397431,0.0656976100631925,0.06313969108107267,-0.009100463422186613,-0.993669745699933,0.11197150550980277,-0.011803254495556246,0.065087399280565,-0.11232730954242333,-0.991537294299036,0.015560740612882467,0.0,0.0,0.0,1.0
0.9975705294141315,-0.0013012364468988815,0.0696516017627572,0.06555230743475782,-0.009656618186963712,-0.9927561303013006,0.11975815410392049,-0.013918191094094541,0.06899122096034872,-0.12013980411544055,-0.9903568240273322,0.013624045944110546,0.0,0.0,0.0,1.0
0.9975458774723136,-0.001092940773355664,0.07000734117546041,0.06934114512158532,-0.009476747844355881,-0.9927845710790606,0.1195365495472424,-0.00730152681094166,0.06937156181235848,-0.11990663412769026,-0.9903585136221541,0.018211259600374334,0.0,0.0,0.0,1.0
0.9974531172778653,-0.0012177292427565803,0.07131476683100009,0.07268852432266455,-0.010114547731130009,-0.9921646908405565,0.12452679299435022,-0.006484471903651504,0.07060435366790967,-0.12493095446987663,-0.9896500805124921,0.018379530933155384,0.0,0.0,0.0,1.0
0.9972410565713893,-0.000621998404794434,0.07422862120747675,0.0746143094609545,-0.010402331927018166,-0.9912687358607009,0.1314461288726612,-0.008194536176864126,0.07349875222654309,-0.13185562719547678,-0.9885403517297756,0.018371648019226843,0.0,0.0,0.0,1.0
0.9971699064426355,-0.0002656704385888132,0.07518049683530605,0.07838444612499802,-0.010422897837895868,-0.9908255407851452,0.13474461372717458,-0.006019591879274616,0.07445495877271163,-0.1351468725018924,-0.9880241808615371,0.020956782128145095,0.0,0.0,0.0,1.0
0.997021647121145,0.00021034095482978685,0.0771219224897955,0.08128931927997526,-0.010446126465858968,-0.9904123146557353,0.1377473245479844,-0.004021871169110624,0.07641147566758924,-0.13814268976298089,-0.9874603200389118,0.021273135428450076,0.0,0.0,0.0,1.0
0.9969498104870207,0.0007636357406212768,0.07804160576480577,0.08437596961794416,-0.010378650707677755,-0.9897737668732988,0.14226796554013413,-0.0038930603172053014,0.07735217501390468,-0.14264398785050994,-0.9867468438007401,0.02339070568619637,0.0,0.0,0.0,1.0
0.9967899452696224,0.0014706877156719206,0.080047748794236,0.08624381971604225,-0.010210642405592156,-0.9893314219850889,0.1453240525674501,-0.0030640470021577456,0.0794074794402093,-0.14567489334337902,-0.98614059730768,0.025942801371523633,0.0,0.0,0.0,1.0
0.9965591037330911,0.001517904352167235,0.08287127809486357,0.08827907911542128,-0.010869540503383965,-0.9888042957572342,0.1488217651463834,-0.003101558826929267,0.0821693729801064,-0.14921045760407572,-0.9853854238244233,0.025612669581301397,0.0,0.0,0.0,1.0
0.9964872870913359,0.002032101443382096,0.0837195152224026,0.09153215946125609,-0.010700609585581158,-0.9884211364637961,0.15135770197157034,-0.0021395302216086903,0.08305771258496869,-0.15172187566511805,-0.984927352054359,0.027613262761294815,0.0,0.0,0.0,1.0
0.9963476406604991,0.002142118662794413,0.08536269839860702,0.09432126047738781,-0.010960772963771499,-0.9882068940279173,0.152731778133213,-0.0008602280022728003,0.08468317664267026,-0.1531095879536316,-0.9845741280728308,0.0294041410276361,0.0,0.0,0.0,1.0
0.9962559655791746,0.002065081204959113,0.08642792654880001,0.09660361685733057,-0.011253543508697655,-0.9881110577301353,0.1533293688434505,0.0008644222065998043,0.08571702751732406,-0.15372791884056053,-0.9843882964372058,0.03187240446460829,0.0,0.0,0.0,1.0
0.9960911045081335,0.0014122529544462702,0.08832053589829078,0.09888436925642723,-0.012198878745399043,-0.9880919343386194,0.153380300730962,0.002135657047429193,0.08748542094042679,-0.1538581646730454,-0.9842123583283835,0.03396777577719801,0.0,0.0,0.0,1.0
0.9958244746914897,0.0017753507399756285,0.09127137412775949,0.09957517719148157,-0.012341824310306433,-0.988013278007955,0.15387476028468433,0.0023858796281430667,0.0904505112097931,-0.15435870759281967,-0.9838658924935663,0.03674858750363814,0.0,0.0,0.0,1.0
0.9955164025093599,0.001387871824266275,0.09457888848268904,0.09999463837204955,-0.013203745311338486,-0.9880637278635469,0.153478763319699,0.002827436731101538,0.09366297798263104,-0.1540394218769672,-0.9836153227066132,0.037673801418222734,0.0,0.0,0.0,1.0
0.9951704092170749,0.0011970949669116166,0.09815509962482612,0.09953554135928933,-0.013806141677678695,-0.9882794362584423,0.15203008360410583,0.0039719137010805925,0.09718666097101604,-0.15265098372541114,-0.9834899237394193,0.04082637975873306,0.0,0.0,0.0,1.0
0.9949089231219983,0.0011839242281726848,0.10077119139738111,0.10002015533114125,-0.013968745537508266,-0.9886587964637579,0.1495281188370336,0.005801194420657333,0.09980535476783806,-0.15017450681875286,-0.9836089205885694,0.043455342789746776,0.0,0.0,0.0,1.0
0.9945783120024915,0.0008258111914603606,0.10398701519973748,0.10001110192991337,-0.014580377072400612,-0.9889833109658612,0.1473072409470392,0.006273988980090847,0.10296307055785094,-0.1480247569390962,-0.9836093113804995,0.04572741452363929,0.0,0.0,0.0,1.0
0.9943863979516799,0.0010878370760495095,0.10580410284662378,0.10094280012952635,-0.01421561632584634,-0.9895079459795157,0.1437774012001744,0.007551943333341223,0.10485040687169174,-0.14447436261806304,-0.9839377778726381,0.049353359110006656,0.0,0.0,0.0,1.0
0.9943093159382352,-4.185600455422154e-05,0.10653160322886783,0.10335140581969597,-0.014992859272983654,-0.9901020282433521,0.13954636447869495,0.00875264241820866,0.10547131557565094,-0.1403494635418146,-0.9844682979528933,0.05036834680583171,0.0,0.0,0.0,1.0
0.9939437119978466,-0.0004352641493458183,0.10988952600253321,0.10210133045956239,-0.015322968133314213,-0.9907719000184475,0.13467089062384913,0.010097467945114317,0.10881683705900738,-0.13553911862984647,-0.9847781695861855,0.05365744134609767,0.0,0.0,0.0,1.0
0.9940109535429004,-0.0013978310191918434,0.1092715438948991,0.10578897153421445,-0.015492494108560018,-0.9916214300779139,0.12824555367157583,0.012558331520160691,0.10817673901088581,-0.12917037384274532,-0.9857042191541517,0.05555516705208045,0.0,0.0,0.0,1.0
0.9939492516655599,-0.0014839502447783458,0.10983024631286342,0.10697265827273107,-0.015254832725793529,-0.9920835133940821,0.12464987978398658,0.011778213579093299,0.10877580241938593,-0.12557109676723094,-0.986103303140545,0.059089841784961655,0.0,0.0,0.0,1.0
0.9937499077169457,-0.002588436652003453,0.11159937682738119,0.10657112946926471,-0.015749461325669227,-0.9929820581678458,0.11721171709645718,0.014442835107445597,0.11051278378772526,-0.11823676311726074,-0.9868165951518247,0.0635756289817325,0.0,0.0,0.0,1.0
0.9936103949991107,-0.003306841376952521,0.11281599066542031,0.10735092581854558,-0.015822023915943586,-0.9937812003564082,0.11022063952536257,0.016800841243591425,0.11174992845150208,-0.11130135047825915,-0.9874836519521728,0.067349177346723,0.0,0.0,0.0,1.0
0.9933802112745018,-0.0037670130155858165,0.11481099886842921,0.10737650761007057,-0.015905461458782032,-0.9943456600260274,0.10499392688716311,0.01637592300486646,0.11376630495893433,-0.10612501119125578,-0.9878232179168732,0.06969377901602662,0.0,0.0,0.0,1.0
0.9933324654337021,-0.0037648385275481522,0.11522343123802468,0.10845237170899931,-0.015311105686225826,-0.994920996623735,0.09948758977831976,0.016508996724850733,0.1142636563307316,-0.10058845096777018,-0.988344970328598,0.07222343425491475,0.0,0.0,0.0,1.0
0.9932384648272359,-0.003927444420723689,0.11602554532497641,0.10864632615244581,-0.014674567684495848,-0.9956583521889719,0.0919190011891691,0.01846963595142096,0.11516079650171399,-0.09300011234758508,-0.9889838067695688,0.07558144794764605,0.0,0.0,0.0,1.0
0.9930339412285977,-0.005393783188817477,0.11770513442883347,0.10899171131459141,-0.015359789064581554,-0.9963534919279625,0.0839273257220017,0.02094722758748431,0.11682323590745673,-0.08515060907514073,-0.9894956823181408,0.07840297506995617,0.0,0.0,0.0,1.0
0.9929721349166347,-0.006729277271514888,0.1181569130711509,0.11073291628411941,-0.015945604100497904,-0.9968858087143335,0.07722967107167725,0.02189661552053149,0.11726924997189425,-0.07857099472052236,-0.9899871321384218,0.0818825338100174,0.0,0.0,0.0,1.0
0.9927855130834218,-0.007996902669663441,0.11963684448938745,0.11114698343780735,-0.016411892761524025,-0.99744562843665,0.0695188326182268,0.02323361621360636,0.11877531219773824,-0.0709807569719338,-0.9903808143093348,0.08595979851965271,0.0,0.0,0.0,1.0
0.9927318749154808,-0.009388656378627779,0.1199803219623851,0.11271840250711967,-0.016704603401856106,-0.9980515670882872,0.06011676686084005,0.026767728141884238,0.11918213268766518,-0.061684054374027256,-0.9909544372391708,0.08897005287047868,0.0,0.0,0.0,1.0
0.9927633818996102,-0.010059224704865073,0.11966486350464747,0.11474177707538635,-0.01642574107355167,-0.9984944295164833,0.05233611807095645,0.028311269731497717,0.11895823884638472,-0.05392296563514926,-0.9914339368751086,0.09388212201765574,0.0,0.0,0.0,1.0
0.9928899244839564,-0.010548115037422404,0.11856785031111623,0.1179589147454937,-0.01591685001795103,-0.9988859387428284,0.044424489500329706,0.02957061788595306,0.11796716383701022,-0.04599585471557361,-0.9919516770514759,0.0959689807175271,0.0,0.0,0.0,1.0
0.992881386399948,-0.011763676477479449,0.11852496975848724,0.11877462513135718,-0.016214258690093342,-0.9991964068927968,0.036655671698320756,0.030377786756244373,0.11799851844683414,-0.03831652865614964,-0.992274253055119,0.0982586658067856,0.0,0.0,0.0,1.0
0.9928508548635828,-0.012832254905360812,0.11866976544468252,0.12003183592221327,-0.016126244068619105,-0.999509682715633,0.026839120886007165,0.03405335820601685,0.11826717316690821,-0.028560941716585988,-0.9925709790031997,0.10036014339322193,0.0,0.0,0.0,1.0
0.9926435106379483,-0.014170657433659552,0.12024164526597532,0.11929063359772035,-0.016442568716292287,-0.9997041523321533,0.017923441183567708,0.036840740105397035,0.11995208511060065,-0.019768669094015263,-0.99258284137893,0.10196633019128547,0.0,0.0,0.0,1.0
0.9926290777383163,-0.015351955696450018,0.12021577053230062,0.12078948707054145,-0.016778824482493883,-0.9998001809056639,0.010865970273621739,0.03777846839761955,0.12002493523166836,-0.012802957365226332,-0.9926883192650844,0.1044252508082653,0.0,0.0,0.0,1.0
0.9925220305515376,-0.01624808005608722,0.12097941463052406,0.12144848826085296,-0.01668185894298287,-0.9998575360495175,0.002573555360636136,0.03960426674230705,0.12092036409166033,-0.004572471922146413,-0.9926516801217139,0.1064794516500232,0.0,0.0,0.0,1.0
0.9925099615503987,-0.016836055170095388,0.12099803084982767,0.12262289745778045,-0.01623235789288006,-0.999850403828261,-0.005973317478671102,0.041805403842409536,0.12108049711024396,0.003964493759996034,-0.9926347747327632,0.10907016438030863,0.0,0.0,0.0,1.0
0.9925314965247546,-0.017741829910956283,0.12069157335017536,0.12307880456989598,-0.016039016611936154,-0.9997578577902022,-0.015065713818724962,0.04504679600039924,0.12092964215795934,0.013017421332828594,-0.9925757242595608,0.11260645292444778,0.0,0.0,0.0,1.0
0.9929120511711721,-0.017944805291650906,0.11748890416588549,0.12767554852088617,-0.015565416729119746,-0.9996553828415378,-0.02113843319613583,0.044549015856096635,0.11782774054145623,0.0191598413089304,-0.9928491950139819,0.11669046864049358,0.0,0.0,0.0,1.0
0.9927934956516458,-0.01968726403079851,0.11820950311530531,0.12809994679743247,-0.016468868180648265,-0.9994682705758328,-0.028141650502457066,0.045342752333477,0.11870067974798704,0.025992070851235345,-0.9925898250940466,0.11693117403696959,0.0,0.0,0.0,1.0
0.9927886490728944,-0.020376649968194264,0.11813335857449399,0.12989572801973742,-0.016029120156675212,-0.9991629496976938,-0.03763598355837871,0.0489226302013311,0.11880137027416458,0.035471003474350324,-0.992284254804793,0.11842525380659112,0.0,0.0,0.0,1.0
0.9927246577485553,-0.02225599070687005,0.11833184176572777,0.13153543251496613,-0.016888527852603277,-0.9987908077735884,-0.046170336082321024,0.05180325255461311,0.1192163223933089,0.04383598047994758,-0.9919001337283789,0.11917071243349854,0.0,0.0,0.0,1.0
0.992726241498403,-0.023466914372049636,0.11808434854081806,0.13378404541864392,-0.017143211123469716,-0.9983782486084453,-0.05428612177997242,0.05422527846691931,0.1191667728556524,0.05186691272274399,-0.9915185846023163,0.11972012532057741,0.0,0.0,0.0,1.0
0.992788061641075,-0.024163345268819195,0.1174223037092077,0.13627933692692323,-0.016925093469090723,-0.9979168363438436,-0.062253746494144356,0.05610363360347657,0.11868195260451406,0.05981739284618213,-0.9911288885099988,0.11947625749637998,0.0,0.0,0.0,1.0
0.9926991721364729,-0.02455498168078312,0.11809067073319876,0.13710036242088985,-0.016321544717221345,-0.9974001215432791,-0.07018977648843014,0.0578421842603501,0.11950715801827146,0.06774991084945012,-0.9905190501763645,0.11862757198631277,0.0,0.0,0.0,1.0
0.9921339983685024,-0.02701378387154089,0.12223086665106549,0.13485197558843737,-0.01761339819512846,-0.9968488817051188,-0.07734387659843643,0.05884977209528522,0.1239350534971794,0.07458258861286587,-0.9894834713073561,0.11559321031059401,0.0,0.0,0.0,1.0
0.9919467545756442,-0.02728451584344628,0.1236818146779702,0.13511171396961985,-0.01687626779125004,-0.9962862327997737,-0.08443301439053785,0.060200763187487086,0.12552620313020327,0.08166576717831948,-0.9887233560500589,0.11450499497227676,0.0,0.0,0.0,1.0
0.9918726356090876,-0.028937002458282866,0.1239004625439781,0.1366472799131985,-0.017363441490062314,-0.9954687206050259,-0.09349084017493069,0.06343467845195615,0.1260443796029937,0.09057966761764244,-0.9878806295219954,0.11379798863869095,0.0,0.0,0.0,1.0
0.9915368605589271,-0.028865111329719296,0.12657590410843983,0.13579174899845967,-0.01605436244891531,-0.9947481699778704,-0.10108578422328637,0.06596788128259991,0.12882900139062206,0.0981981856940385,-0.9867928884660117,0.11171220849109363,0.0,0.0,0.0,1.0
0.991596541367474,-0.030844868108111906,0.1256379451418188,0.13930411678939397,-0.017020332661322385,-0.9938237698997564,-0.10965684045390928,0.06911318404106674,0.12824432706425423,0.10659694411018251,-0.9859972028774763,0.11013159805589376,0.0,0.0,0.0,1.0
0.9914684336488709,-0.03189343797388459,0.12638494250527435,0.1409290374203698,-0.017164433661488867,-0.9931056008300841,-0.11595968185967856,0.07016192085986261,0.12921194718343917,0.11280103817839397,-0.9851802873032635,0.10730784951014997,0.0,0.0,0.0,1.0
0.991248046211647,-0.03299768995684251,0.12782199865087432,0.14169069344909319,-0.01683529328579374,-0.9919483973367882,-0.12551872338802075,0.07525809584423405,0.13093465462425646,0.12226826848569194,-0.9838224365910433,0.10481950564003377,0.0,0.0,0.0,1.0
0.9909946053156832,-0.03511491919634435,0.12921545838269058,0.1432550055181978,-0.017535220435671073,-0.9907243397203668,-0.13475087654600157,0.07968710504936811,0.1327486658294051,0.13127157017221033,-0.9824182238665137,0.10373502002146956,0.0,0.0,0.0,1.0
0.9907562783266249,-0.03669644723920951,0.13059620100291766,0.1446555439006129,-0.017730027325363808,-0.9894870750801829,-0.14353039531857503,0.08404961680640644,0.1344903085259916,0.13988816608021024,-0.980991160971035,0.10121547124699436,0.0,0.0,0.0,1.0
0.9904622153433986,-0.03867295363927747,0.1322459928839516,0.14561051016756965,-0.01848994320308506,-0.9884269760558039,-0.1505663807279898,0.08575176532425363,0.136538353503309,0.14668509011482245,-0.9797146331256933,0.0988306525552142,0.0,0.0,0.0,1.0
0.9901924572053895,-0.04061717662913347,0.1336755125527118,0.14676432563106181,-0.01922661029952307,-0.9873196293076417,-0.15757628958765152,0.08805792240883215,0.13838076148779754,0.15346072639766473,-0.9784173804177635,0.09643067158946093,0.0,0.0,0.0,1.0
0.9899812507354933,-0.0423995665373501,0.1346825896307104,0.14783958116164847,-0.020176184924357368,-0.9865402345671321,-0.16226918112237457,0.08778488733144604,0.13974993650834927,0.15792606604887205,-0.977511796812826,0.09181559456755926,0.0,0.0,0.0,1.0
0.9898564338193623,-0.04368920961516688,0.13518688320105995,0.15042139110048006,-0.020417255317934487,-0.9854107905285528,-0.16896363394285374,0.09028221888786651,0.1405965010649173,0.1644895950298815,-0.9763072247070632,0.08980520995727072,0.0,0.0,0.0,1.0
0.9895437588188915,-0.043872477937900535,0.13739852641919947,0.15172025878787881,-0.019716270445773672,-0.984818461080657,-0.17246410465495615,0.08895467554087852,0.14287903296946033,0.16795179187586828,-0.9753859633721398,0.08547979265216593,0.0,0.0,0.0,1.0
0.9892348171141252,-0.04504590924339801,0.1392312560800196,0.1526100472741158,-0.019843028016512686,-0.9839468677800931,-0.17735505525605957,0.08979701991038135,0.14498527803994563,0.17268302593532345,-0.9742483470376023,0.0834873974253915,0.0,0.0,0.0,1.0
0.9889890230454084,-0.04585525062410646,0.1407053953687921,0.15395544319483503,-0.01969155329215775,-0.9831047557864736,-0.18198154268760386,0.09041666172376929,0.1466729526007772,0.177207040323511,-0.9731827730879495,0.081650453505413,0.0,0.0,0.0,1.0
0.9886480872168117,-0.04699321311216315,0.1427115887513516,0.15524355225821837,-0.019799467049707573,-0.9822943239207141,-0.1862950409906139,0.09066383929953675,0.148939386151171,0.18135462253425408,-0.9720738450027193,0.07856616442616783,0.0,0.0,0.0,1.0
0.9881837807231568,-0.048771787692064306,0.1453070137364645,0.15632818858559905,-0.020334707305435556,-0.9813598187361398,-0.19110051242467488,0.09206598951152761,0.1519187782813275,0.1858876512721898,-0.970755615955951,0.07665525568912283,0.0,0.0,0.0,1.0
0.9878722356311237,-0.049822828825228836,0.14705825987348506,0.15843149222029715,-0.020580624580782667,-0.9807790872354146,-0.19403303825259247,0.09139682807315426,0.15389894074044302,0.18865330044692852,-0.9699098145031064,0.0735950382689655,0.0,0.0,0.0,1.0
0.9874708444806815,-0.0506765640514366,0.1494430231109848,0.15973207858708643,-0.020471893451594926,-0.9801683503762139,-0.19710633297608246,0.09144911169189356,0.15646799314593463,0.19157737543017023,-0.9689251138989904,0.07238425735942597,0.0,0.0,0.0,1.0
0.9869289116951458,-0.052481137934381965,0.15237143243188853,0.16053441963078335,-0.021439652744169098,-0.9798422974052906,-0.19861876423372402,0.0895951699890704,0.1597237131751032,0.19275581022795285,-0.9681598695840076,0.06938108758911342,0.0,0.0,0.0,1.0
0.986310927280564,-0.05300789554343507,0.15614390073585754,0.1606516856159673,-0.021046091166570406,-0.979645379705108,-0.1996296372511946,0.08777131267567542,0.163547597883801,0.1936106738599177,-0.9673505518652207,0.06776601762586348,0.0,0.0,0.0,1.0
0.9861756164052156,-0.054172952070269516,0.15659803597677677,0.16411530580462666,-0.021888879538829585,-0.9793569178203164,-0.2009500049017779,0.08644432305225622,0.16425142483499555,0.19474423940512905,-0.9670036973342924,0.06650512997596932,0.0,0.0,0.0,1.0
0.9859116991508224,-0.054478074012213336,0.15814632758763994,0.16707331660778432,-0.02174785714632802,-0.9791989774449814,-0.20173347089723465,0.08499032642511434,0.16584677321877628,0.19545204532729327,-0.9665885090307548,0.06545999302917037,0.0,0.0,0.0,1.0
