9.999912281616669674e-01 -2.726571462968593700e-03 -3.179529490058816826e-03 -1.556729999999999984e-04 2.720285621454335279e-03 9.999943405516861228e-01 -1.979623887546943291e-03 -3.365420000000000043e-04 3.184909081675201849e-03 1.970957294251444569e-03 9.999929858161434870e-01 3.569556799999999697e-02
9.999912281616669674e-01 -2.726571462968593700e-03 -3.179529490058816826e-03 -1.556729999999999984e-04 2.720285621454335279e-03 9.999943405516861228e-01 -1.979623887546943291e-03 -3.365420000000000043e-04 3.184909081675201849e-03 1.970957294251444569e-03 9.999929858161434870e-01 3.569556799999999697e-02
9.999912281616669674e-01 -2.726571462968593700e-03 -3.179529490058816826e-03 -1.556729999999999984e-04 2.720285621454335279e-03 9.999943405516861228e-01 -1.979623887546943291e-03 -3.365420000000000043e-04 3.184909081675201849e-03 1.970957294251444569e-03 9.999929858161434870e-01 3.569556799999999697e-02
9.999912281616669674e-01 -2.726571462968593700e-03 -3.179529490058816826e-03 -1.556729999999999984e-04 2.720285621454335279e-03 9.999943405516861228e-01 -1.979623887546943291e-03 -3.365420000000000043e-04 3.184909081675201849e-03 1.970957294251444569e-03 9.999929858161434870e-01 3.569556799999999697e-02
9.999912281616669674e-01 -2.726571462968593700e-03 -3.179529490058816826e-03 -1.556729999999999984e-04 2.720285621454335279e-03 9.999943405516861228e-01 -1.979623887546943291e-03 -3.365420000000000043e-04 3.184909081675201849e-03 1.970957294251444569e-03 9.999929858161434870e-01 3.569556799999999697e-02
9.999912281616669674e-01 -2.726571462968593700e-03 -3.179529490058816826e-03 -1.556729999999999984e-04 2.720285621454335279e-03 9.999943405516861228e-01 -1.979623887546943291e-03 -3.365420000000000043e-04 3.184909081675201849e-03 1.970957294251444569e-03 9.999929858161434870e-01 3.569556799999999697e-02
9.999912281616669674e-01 -2.726571462968593700e-03 -3.179529490058816826e-03 -1.556729999999999984e-04 2.720285621454335279e-03 9.999943405516861228e-01 -1.979623887546943291e-03 -3.365420000000000043e-04 3.184909081675201849e-03 1.970957294251444569e-03 9.999929858161434870e-01 3.569556799999999697e-02
9.999912281616669674e-01 -2.726571462968593700e-03 -3.179529490058816826e-03 -1.556729999999999984e-04 2.720285621454335279e-03 9.999943405516861228e-01 -1.979623887546943291e-03 -3.365420000000000043e-04 3.184909081675201849e-03 1.970957294251444569e-03 9.999929858161434870e-01 3.569556799999999697e-02
9.999912281616669674e-01 -2.726571462968593700e-03 -3.179529490058816826e-03 -1.556729999999999984e-04 2.720285621454335279e-03 9.999943405516861228e-01 -1.979623887546943291e-03 -3.365420000000000043e-04 3.184909081675201849e-03 1.970957294251444569e-03 9.999929858161434870e-01 3.569556799999999697e-02
9.999912281616669674e-01 -2.726571462968593700e-03 -3.179529490058816826e-03 -1.556729999999999984e-04 2.720285621454335279e-03 9.999943405516861228e-01 -1.979623887546943291e-03 -3.365420000000000043e-04 3.184909081675201849e-03 1.970957294251444569e-03 9.999929858161434870e-01 3.569556799999999697e-02
9.999912281616669674e-01 -2.726571462968593700e-03 -3.179529490058816826e-03 -1.556729999999999984e-04 2.720285621454335279e-03 9.999943405516861228e-01 -1.979623887546943291e-03 -3.365420000000000043e-04 3.184909081675201849e-03 1.970957294251444569e-03 9.999929858161434870e-01 3.569556799999999697e-02
9.999912281616669674e-01 -2.726571462968593700e-03 -3.179529490058816826e-03 -1.556729999999999984e-04 2.720285621454335279e-03 9.999943405516861228e-01 -1.979623887546943291e-03 -3.365420000000000043e-04 3.184909081675201849e-03 1.970957294251444569e-03 9.999929858161434870e-01 3.569556799999999697e-02
9.999912281616669674e-01 -2.726571462968593700e-03 -3.179529490058816826e-03 -1.556729999999999984e-04 2.720285621454335279e-03 9.999943405516861228e-01 -1.979623887546943291e-03 -3.365420000000000043e-04 3.184909081675201849e-03 1.970957294251444569e-03 9.999929858161434870e-01 3.569556799999999697e-02
9.999912281616669674e-01 -2.726571462968593700e-03 -3.179529490058816826e-03 -1.556729999999999984e-04 2.720285621454335279e-03 9.999943405516861228e-01 -1.979623887546943291e-03 -3.365420000000000043e-04 3.184909081675201849e-03 1.970957294251444569e-03 9.999929858161434870e-01 3.569556799999999697e-02
9.999912281616669674e-01 -2.726571462968593700e-03 -3.179529490058816826e-03 -1.556729999999999984e-04 2.720285621454335279e-03 9.999943405516861228e-01 -1.979623887546943291e-03 -3.365420000000000043e-04 3.184909081675201849e-03 1.970957294251444569e-03 9.999929858161434870e-01 3.569556799999999697e-02
9.999912281616669674e-01 -2.726571462968593700e-03 -3.179529490058816826e-03 -1.556729999999999984e-04 2.720285621454335279e-03 9.999943405516861228e-01 -1.979623887546943291e-03 -3.365420000000000043e-04 3.184909081675201849e-03 1.970957294251444569e-03 9.999929858161434870e-01 3.569556799999999697e-02
9.999912281616669674e-01 -2.726571462968593700e-03 -3.179529490058816826e-03 -1.556729999999999984e-04 2.720285621454335279e-03 9.999943405516861228e-01 -1.979623887546943291e-03 -3.365420000000000043e-04 3.184909081675201849e-03 1.970957294251444569e-03 9.999929858161434870e-01 3.569556799999999697e-02
9.999912281616669674e-01 -2.726571462968593700e-03 -3.179529490058816826e-03 -1.556729999999999984e-04 2.720285621454335279e-03 9.999943405516861228e-01 -1.979623887546943291e-03 -3.365420000000000043e-04 3.184909081675201849e-03 1.970957294251444569e-03 9.999929858161434870e-01 3.569556799999999697e-02
9.999912281616669674e-01 -2.726571462968593700e-03 -3.179529490058816826e-03 -1.556729999999999984e-04 2.720285621454335279e-03 9.999943405516861228e-01 -1.979623887546943291e-03 -3.365420000000000043e-04 3.184909081675201849e-03 1.970957294251444569e-03 9.999929858161434870e-01 3.569556799999999697e-02
9.999912281616669674e-01 -2.726571462968593700e-03 -3.179529490058816826e-03 -1.556729999999999984e-04 2.720285621454335279e-03 9.999943405516861228e-01 -1.979623887546943291e-03 -3.365420000000000043e-04 3.184909081675201849e-03 1.970957294251444569e-03 9.999929858161434870e-01 3.569556799999999697e-02
9.999912281616669674e-01 -2.726571462968593700e-03 -3.179529490058816826e-03 -1.556729999999999984e-04 2.720285621454335279e-03 9.999943405516861228e-01 -1.979623887546943291e-03 -3.365420000000000043e-04 3.184909081675201849e-03 1.970957294251444569e-03 9.999929858161434870e-01 3.569556799999999697e-02
9.999912281616669674e-01 -2.726571462968593700e-03 -3.179529490058816826e-03 -1.556729999999999984e-04 2.720285621454335279e-03 9.999943405516861228e-01 -1.979623887546943291e-03 -3.365420000000000043e-04 3.184909081675201849e-03 1.970957294251444569e-03 9.999929858161434870e-01 3.569556799999999697e-02
9.999912281616669674e-01 -2.726571462968593700e-03 -3.179529490058816826e-03 -1.556729999999999984e-04 2.720285621454335279e-03 9.999943405516861228e-01 -1.979623887546943291e-03 -3.365420000000000043e-04 3.184909081675201849e-03 1.970957294251444569e-03 9.999929858161434870e-01 3.569556799999999697e-02
9.999912281616669674e-01 -2.726571462968593700e-03 -3.179529490058816826e-03 -1.556729999999999984e-04 2.720285621454335279e-03 9.999943405516861228e-01 -1.979623887546943291e-03 -3.365420000000000043e-04 3.184909081675201849e-03 1.970957294251444569e-03 9.999929858161434870e-01 3.569556799999999697e-02
9.999912281616669674e-01 -2.726571462968593700e-03 -3.179529490058816826e-03 -1.556729999999999984e-04 2.720285621454335279e-03 9.999943405516861228e-01 -1.979623887546943291e-03 -3.365420000000000043e-04 3.184909081675201849e-03 1.970957294251444569e-03 9.999929858161434870e-01 3.569556799999999697e-02
9.999912281616669674e-01 -2.726571462968593700e-03 -3.179529490058816826e-03 -1.556729999999999984e-04 2.720285621454335279e-03 9.999943405516861228e-01 -1.979623887546943291e-03 -3.365420000000000043e-04 3.184909081675201849e-03 1.970957294251444569e-03 9.999929858161434870e-01 3.569556799999999697e-02
9.999912281616669674e-01 -2.726571462968593700e-03 -3.179529490058816826e-03 -1.556729999999999984e-04 2.720285621454335279e-03 9.999943405516861228e-01 -1.979623887546943291e-03 -3.365420000000000043e-04 3.184909081675201849e-03 1.970957294251444569e-03 9.999929858161434870e-01 3.569556799999999697e-02
9.999912281616669674e-01 -2.726571462968593700e-03 -3.179529490058816826e-03 -1.556729999999999984e-04 2.720285621454335279e-03 9.999943405516861228e-01 -1.979623887546943291e-03 -3.365420000000000043e-04 3.184909081675201849e-03 1.970957294251444569e-03 9.999929858161434870e-01 3.569556799999999697e-02
9.999912281616669674e-01 -2.726571462968593700e-03 -3.179529490058816826e-03 -1.556729999999999984e-04 2.720285621454335279e-03 9.999943405516861228e-01 -1.979623887546943291e-03 -3.365420000000000043e-04 3.184909081675201849e-03 1.970957294251444569e-03 9.999929858161434870e-01 3.569556799999999697e-02
9.999912281616669674e-01 -2.726571462968593700e-03 -3.179529490058816826e-03 -1.556729999999999984e-04 2.720285621454335279e-03 9.999943405516861228e-01 -1.979623887546943291e-03 -3.365420000000000043e-04 3.184909081675201849e-03 1.970957294251444569e-03 9.999929858161434870e-01 3.569556799999999697e-02
9.999912281616669674e-01 -2.726571462968593700e-03 -3.179529490058816826e-03 -1.556729999999999984e-04 2.720285621454335279e-03 9.999943405516861228e-01 -1.979623887546943291e-03 -3.365420000000000043e-04 3.184909081675201849e-03 1.970957294251444569e-03 9.999929858161434870e-01 3.569556799999999697e-02
9.999912281616669674e-01 -2.726571462968593700e-03 -3.179529490058816826e-03 -1.556729999999999984e-04 2.720285621454335279e-03 9.999943405516861228e-01 -1.979623887546943291e-03 -3.365420000000000043e-04 3.184909081675201849e-03 1.970957294251444569e-03 9.999929858161434870e-01 3.569556799999999697e-02
9.999912281616669674e-01 -2.726571462968593700e-03 -3.179529490058816826e-03 -1.556729999999999984e-04 2.720285621454335279e-03 9.999943405516861228e-01 -1.979623887546943291e-03 -3.365420000000000043e-04 3.184909081675201849e-03 1.970957294251444569e-03 9.999929858161434870e-01 3.569556799999999697e-02
9.999912281616669674e-01 -2.726571462968593700e-03 -3.179529490058816826e-03 -1.556729999999999984e-04 2.720285621454335279e-03 9.999943405516861228e-01 -1.979623887546943291e-03 -3.365420000000000043e-04 3.184909081675201849e-03 1.970957294251444569e-03 9.999929858161434870e-01 3.569556799999999697e-02
9.999912281616669674e-01 -2.726571462968593700e-03 -3.179529490058816826e-03 -1.556729999999999984e-04 2.720285621454335279e-03 9.999943405516861228e-01 -1.979623887546943291e-03 -3.365420000000000043e-04 3.184909081675201849e-03 1.970957294251444569e-03 9.999929858161434870e-01 3.569556799999999697e-02
9.999912281616669674e-01 -2.726571462968593700e-03 -3.179529490058816826e-03 -1.556729999999999984e-04 2.720285621454335279e-03 9.999943405516861228e-01 -1.979623887546943291e-03 -3.365420000000000043e-04 3.184909081675201849e-03 1.970957294251444569e-03 9.999929858161434870e-01 3.569556799999999697e-02
9.999912281616669674e-01 -2.726571462968593700e-03 -3.179529490058816826e-03 -1.556729999999999984e-04 2.720285621454335279e-03 9.999943405516861228e-01 -1.979623887546943291e-03 -3.365420000000000043e-04 3.184909081675201849e-03 1.970957294251444569e-03 9.999929858161434870e-01 3.569556799999999697e-02
9.999912281616669674e-01 -2.726571462968593700e-03 -3.179529490058816826e-03 -1.556729999999999984e-04 2.720285621454335279e-03 9.999943405516861228e-01 -1.979623887546943291e-03 -3.365420000000000043e-04 3.184909081675201849e-03 1.970957294251444569e-03 9.999929858161434870e-01 3.569556799999999697e-02
9.999912281616669674e-01 -2.726571462968593700e-03 -3.179529490058816826e-03 -1.556729999999999984e-04 2.720285621454335279e-03 9.999943405516861228e-01 -1.979623887546943291e-03 -3.365420000000000043e-04 3.184909081675201849e-03 1.970957294251444569e-03 9.999929858161434870e-01 3.569556799999999697e-02
9.999912281616669674e-01 -2.726571462968593700e-03 -3.179529490058816826e-03 -1.556729999999999984e-04 2.720285621454335279e-03 9.999943405516861228e-01 -1.979623887546943291e-03 -3.365420000000000043e-04 3.184909081675201849e-03 1.970957294251444569e-03 9.999929858161434870e-01 3.569556799999999697e-02
9.999912281616669674e-01 -2.726571462968593700e-03 -3.179529490058816826e-03 -1.556729999999999984e-04 2.720285621454335279e-03 9.999943405516861228e-01 -1.979623887546943291e-03 -3.365420000000000043e-04 3.184909081675201849e-03 1.970957294251444569e-03 9.999929858161434870e-01 3.569556799999999697e-02
9.999912281616669674e-01 -2.726571462968593700e-03 -3.179529490058816826e-03 -1.556729999999999984e-04 2.720285621454335279e-03 9.999943405516861228e-01 -1.979623887546943291e-03 -3.365420000000000043e-04 3.184909081675201849e-03 1.970957294251444569e-03 9.999929858161434870e-01 3.569556799999999697e-02
9.999912281616669674e-01 -2.726571462968593700e-03 -3.179529490058816826e-03 -1.556729999999999984e-04 2.720285621454335279e-03 9.999943405516861228e-01 -1.979623887546943291e-03 -3.365420000000000043e-04 3.184909081675201849e-03 1.970957294251444569e-03 9.999929858161434870e-01 3.569556799999999697e-02
9.999912281616669674e-01 -2.726571462968593700e-03 -3.179529490058816826e-03 -1.556729999999999984e-04 2.720285621454335279e-03 9.999943405516861228e-01 -1.979623887546943291e-03 -3.365420000000000043e-04 3.184909081675201849e-03 1.970957294251444569e-03 9.999929858161434870e-01 3.569556799999999697e-02
9.999740344151590854e-01 -1.222526825818233930e-03 -7.101825373127338033e-03 -6.891529999999999661e-04 1.195833131816796940e-03 9.999922096173136099e-01 -3.761739996782683792e-03 -3.617630000000000260e-04 7.106368875247731122e-03 3.753149722926084775e-03 9.999677061728374783e-01 7.215103500000000225e-02
9.999384006839671102e-01 -1.253308085499296081e-03 -1.102832972089764704e-02 -1.444724000000000095e-03 1.194705499855591496e-03 9.999851413755577179e-01 -5.318806903284071380e-03 -5.100719999999999777e-04 1.103483195878519549e-02 5.305303662244940238e-03 9.999250403088687511e-01 1.129741890000000026e-01
9.998760885050520519e-01 1.893327205517787346e-04 -1.574076837254867814e-02 -2.355270000000000020e-03 -2.780909293572949941e-04 9.999840747344993508e-01 -5.636749313413894590e-03 -1.055036999999999989e-03 1.573945047555058360e-02 5.640428220285342333e-03 9.998602178645870087e-01 1.472318019999999950e-01
9.997997904860078666e-01 -7.606640202303632629e-04 -1.999500773650764174e-02 -3.427364000000000018e-03 6.427115677020290695e-04 9.999823596225562161e-01 -5.904859485647700156e-03 -1.566939000000000049e-03 1.999914663117943053e-02 5.890826253831342278e-03 9.997826425279005003e-01 1.879276930000000068e-01
9.997011694819970540e-01 8.104093530970616797e-04 -2.443184342221913635e-02 -4.585322000000000182e-03 -9.770465903743686103e-04 9.999763389345959208e-01 -6.809328228421875941e-03 -2.314156999999999846e-03 2.442574699548936273e-02 6.831164442652364228e-03 9.996783072949366744e-01 2.255967999999999862e-01
9.995718157294161132e-01 3.342070573455054212e-03 -2.906915484977533326e-02 -6.364914999999999635e-03 -3.562232090910832059e-03 9.999653401111271434e-01 -7.525229496056459397e-03 -2.638099999999999994e-03 2.904299746804134275e-02 7.625558387415239808e-03 9.995490759124092683e-01 2.672814729999999916e-01
9.994325120207108171e-01 3.759501369710778213e-03 -3.347417012299128136e-02 -7.922770000000000853e-03 -3.947878018639976866e-03 9.999767322206055686e-01 -5.563207397650125202e-03 -3.379207999999999865e-03 3.345247636755399601e-02 5.692202284746438606e-03 9.994240994983200066e-01 3.071946500000000135e-01
9.992912275731661298e-01 2.978568710814751257e-03 -3.752559957881723696e-02 -1.006524699999999939e-02 -3.089768892741225677e-03 9.999910051628831953e-01 -2.905670579397091457e-03 -3.901934000000000131e-03 3.751660730268958910e-02 3.019556550469045409e-03 9.992914422002894259e-01 3.500668699999999744e-01
9.991430348542913453e-01 2.477514722757969898e-03 -4.131655628140792208e-02 -1.160491500000000037e-02 -2.492728008607115499e-03 9.999968429993163488e-01 -3.166993457680527375e-04 -4.192213999999999663e-03 4.131564121771966885e-02 4.194188825289185576e-04 9.991460563293884656e-01 3.911987840000000216e-01
9.990242943365148509e-01 3.959812860381948033e-03 -4.398612517077766376e-02 -1.356752599999999989e-02 -3.986367937851415660e-03 9.999919212664242218e-01 -5.160160364377580850e-04 -4.917419999999999604e-03 4.398372649165412790e-02 6.908574357596639374e-04 9.990320087564316109e-01 4.346006809999999887e-01
9.989424365855971155e-01 3.523155602144232516e-03 -4.584316484530011337e-02 -1.607559600000000102e-02 -3.575001825371560988e-03 9.999930594471254652e-01 -1.049008830442129921e-03 -5.095866999999999584e-03 4.583915084705289522e-02 1.211788835084425973e-03 9.989480986605061563e-01 4.764246639999999977e-01
9.988437575014793568e-01 1.201320058922045924e-03 -4.805938961786698771e-02 -1.770666099999999854e-02 -1.280465398494472608e-03 9.999978743598969544e-01 -1.616070558790900103e-03 -5.642704999999999596e-03 4.805734604292218048e-02 1.675740374808661320e-03 9.988431725678997841e-01 5.203234549999999903e-01
9.987493806928210427e-01 1.083014021974859197e-03 -4.998501421761011171e-02 -1.977131000000000027e-02 -1.144612686431565381e-03 9.999986204416291269e-01 -1.203734454309200860e-03 -5.632724999999999885e-03 4.998364159907258547e-02 1.259442522164864022e-03 9.987492424913416711e-01 5.646433830000000542e-01
9.986565106853151352e-01 -8.409870156737560927e-04 -5.181183654987051718e-02 -2.213349900000000092e-02 7.754614385788743567e-04 9.999988740081743321e-01 -1.284773108611683571e-03 -6.195871000000000364e-03 5.181285868766851571e-02 1.242868948362093337e-03 9.986560383592485435e-01 6.100100870000000342e-01
9.985720110292088947e-01 8.567680312221549006e-04 -5.341539794499382265e-02 -2.520472199999999885e-02 -1.032710479164436045e-03 9.999941322533976162e-01 -3.266338598570156255e-03 -6.819541000000000144e-03 5.341228602248361546e-02 3.316836944283062857e-03 9.985670364550081057e-01 6.547319889999999587e-01
9.985094117721871054e-01 1.520472008263721230e-03 -5.455861771739754090e-02 -2.813915700000000145e-02 -1.846897332571400445e-03 9.999806934629945632e-01 -5.933099654605823378e-03 -7.261313000000000142e-03 5.454854326747855114e-02 6.025020011637271730e-03 9.984929421689746620e-01 7.003034350000000297e-01
9.984033255588078415e-01 5.229007432876190548e-03 -5.624461747029828318e-02 -3.143291499999999877e-02 -5.685359107878196899e-03 9.999521823117220043e-01 -7.956744424641436567e-03 -7.505631999999999929e-03 5.620032210697482877e-02 8.263810942387398925e-03 9.983853130048442326e-01 7.462375759999999580e-01
9.983323877915235567e-01 7.009341543940245806e-03 -5.730019736087636761e-02 -3.422081099999999682e-02 -7.437011388693494374e-03 9.999460349292493833e-01 -7.253832840426049922e-03 -8.707180999999999602e-03 5.724626055979056827e-02 7.667878480570331293e-03 9.983306412664733065e-01 7.927566769999999652e-01
9.982543476116461090e-01 6.041900607757661260e-03 -5.875162050099417416e-02 -3.708594999999999947e-02 -6.399616364835098228e-03 9.999621028095282416e-01 -5.902360132141196147e-03 -9.194910000000000583e-03 5.871373250637192814e-02 6.268044495098342925e-03 9.982551824224994430e-01 8.393287059999999800e-01
9.981707687121299521e-01 6.213641066989477983e-03 -6.013740228282343087e-02 -4.020678300000000288e-02 -6.466424102108864029e-03 9.999710533221755071e-01 -4.009722817144830385e-03 -9.974874999999999367e-03 6.011074652645049393e-02 4.391262054271888142e-03 9.981820550228317490e-01 8.864569660000000129e-01
9.981112547358617082e-01 5.783217353283886739e-03 -6.115944380591121360e-02 -4.270290200000000091e-02 -6.045597733385728659e-03 9.999732956984488386e-01 -4.105927182579964703e-03 -1.065059999999999965e-02 6.113406511634750934e-02 4.467917526907119567e-03 9.981195638776563239e-01 9.336124660000000297e-01
9.980131268977679992e-01 5.474074761731725219e-03 -6.276808938658640091e-02 -4.606827000000000144e-02 -5.799978898759404478e-03 9.999706238139769443e-01 -5.011162924865831050e-03 -1.117557100000000046e-02 6.273881401902234312e-02 5.365259973997157927e-03 9.980155585966071774e-01 9.805038569999999787e-01
9.979860665818730547e-01 3.988870596901817299e-03 -6.330797595723969273e-02 -4.929595400000000294e-02 -4.348586346825822173e-03 9.999751698247230092e-01 -5.545225946754581831e-03 -1.168253799999999926e-02 6.328428482036804748e-02 5.809358430802177495e-03 9.979786323611327115e-01 1.028727292999999987e+00
9.979183558758838446e-01 3.965911560584025296e-03 -6.436790000820702407e-02 -5.220793600000000340e-02 -4.218242476284069127e-03 9.999839410778685878e-01 -3.784708282685305628e-03 -1.254193399999999937e-02 6.435185651078129121e-02 4.048349276850984543e-03 9.979190595593153690e-01 1.076381921999999935e+00
9.979076962903044024e-01 5.176011443647128042e-03 -6.444717674276236041e-02 -5.560898799999999809e-02 -5.229732689446773934e-03 9.999861038048662998e-01 -6.649008649187718644e-04 -1.310888999999999978e-02 6.444283963773282664e-02 1.000551197326700684e-03 9.979208983264791222e-01 1.125801443999999929e+00
9.979666666426391108e-01 6.966364291358826018e-03 -6.335615233534760971e-02 -5.875019699999999706e-02 -6.786117164391662106e-03 9.999722929575441954e-01 3.059727285634798732e-03 -1.360546900000000024e-02 6.337571209864895083e-02 -2.623563567247774557e-03 9.979862905021279484e-01 1.172715425000000034e+00
9.980782425766747679e-01 4.773918306337043664e-03 -6.178212847628987425e-02 -6.103527200000000152e-02 -4.418164256822823023e-03 9.999728726622595376e-01 5.893535796807895799e-03 -1.385692999999999994e-02 6.180858775005380890e-02 -5.609246258896367909e-03 9.980722593263230413e-01 1.220677017999999947e+00
9.981702883060669107e-01 5.247738999733758507e-03 -6.023733707903965867e-02 -6.481727199999999522e-02 -4.812286643045285243e-03 9.999612489089133582e-01 7.371741842425289480e-03 -1.490773500000000008e-02 6.027368779366615997e-02 -7.068374347533468681e-03 9.981568617425994328e-01 1.270992397999999968e+00
9.982054191128842957e-01 5.347899899255446725e-03 -5.964345077490506436e-02 -6.774810000000000554e-02 -5.126847192668293994e-03 9.999794129203671833e-01 3.858649154921402983e-03 -1.454763700000000042e-02 5.966285855986124681e-02 -3.545941638731524206e-03 9.982122868440163055e-01 1.320947885999999905e+00
9.982817780699709820e-01 7.603841739935591169e-03 -5.810054357965366290e-02 -7.061114200000000174e-02 -7.633484414509057563e-03 9.999708229830561734e-01 -2.882677275857947643e-04 -1.577146000000000103e-02 5.809665643692990544e-02 7.312820135443277511e-04 9.983106949930297125e-01 1.369280099999999889e+00
9.983373124734792325e-01 5.129675636139128560e-03 -5.741338651480837330e-02 -7.351355299999999537e-02 -5.329273971387902230e-03 9.999802749393160717e-01 -3.323939113139136661e-03 -1.525618200000000008e-02 5.739520330279061777e-02 3.624384107399406668e-03 9.983449576562569705e-01 1.419943928999999994e+00
9.984335573129977659e-01 4.096845921274716237e-03 -5.580006706814999440e-02 -7.709721499999999672e-02 -4.240839899783445388e-03 9.999879759422022341e-01 -2.462366333812843373e-03 -1.611620600000000098e-02 5.578930818944707881e-02 2.695148328909724618e-03 9.984389261578436869e-01 1.469975113999999916e+00
9.984118362209428721e-01 2.788794176291941804e-03 -5.626746769641685630e-02 -7.951511399999999785e-02 -2.673528455981809271e-03 9.999941710457372901e-01 2.123704344706257591e-03 -1.658592399999999842e-02 5.627306229022985273e-02 -1.969898878356161117e-03 9.984134724446024345e-01 1.520674706000000098e+00
9.983809464039388182e-01 -3.917177476001857815e-04 -5.687998254906438678e-02 -8.238052599999999559e-02 7.241415009473668989e-04 9.999827792937404647e-01 5.823807607826558472e-03 -1.748566000000000009e-02 5.687672174679427040e-02 -5.855567707113276676e-03 9.983640372380032657e-01 1.570529937999999959e+00
9.983342247195252650e-01 -5.962255776327098598e-03 -5.738664705070385674e-02 -8.599548799999999493e-02 6.226481021175843920e-03 9.999708176792962977e-01 4.426592808516276525e-03 -1.758443000000000159e-02 5.735857989662349055e-02 -4.776535968369247792e-03 9.983422148824447895e-01 1.621024489000000068e+00
9.981804777462833789e-01 -9.863604905383379154e-03 -5.948481440226389277e-02 -8.777855299999999528e-02 9.961020464260552862e-03 9.999494881605403007e-01 1.341342157691329754e-03 -1.825629700000000119e-02 5.946857924578211746e-02 -1.931431009359253770e-03 9.982283093845536470e-01 1.672042130999999987e+00
9.980836540082974606e-01 -8.227851413291230667e-03 -6.132961815114997689e-02 -9.058649100000000509e-02 8.005530950305006846e-03 9.999604670775629200e-01 -3.869852222748534042e-03 -1.808225200000000005e-02 6.135903418119268565e-02 3.371460090673569950e-03 9.981100651637615506e-01 1.723159789999999969e+00
9.979956642884695306e-01 -7.732295021929069812e-03 -6.280816567223077018e-02 -9.464334000000000635e-02 7.535233648049298807e-03 9.999659183477679347e-01 -3.373780783397038914e-03 -1.953307699999999938e-02 6.283211213452752353e-02 2.893744390744352850e-03 9.980199155969359248e-01 1.774659752999999895e+00
9.979434209138464684e-01 -7.767709653732470312e-03 -6.362854187787810034e-02 -9.736345700000000047e-02 7.690261494899134145e-03 9.999693607278216101e-01 -1.462013588163896564e-03 -2.066006299999999934e-02 6.363794884272784558e-02 9.696867160147832568e-04 9.979725803722080402e-01 1.824803591000000003e+00
9.978861720569894844e-01 -4.921579516057866290e-03 -6.479942648292083551e-02 -1.017802430000000063e-01 4.991248509242836480e-03 9.999871265722986013e-01 9.133060804064167815e-04 -2.087206200000000025e-02 6.479409738369171223e-02 -1.234805549325801704e-03 9.978978906679220051e-01 1.878567695999999954e+00
9.978058473454515243e-01 -4.850468335494743238e-03 -6.603002317243199248e-02 -1.052454260000000030e-01 4.994388837283704821e-03 9.999854983749382198e-01 2.014725779961642343e-03 -2.126742499999999952e-02 6.601929326619272731e-02 -2.340084774701330951e-03 9.978156026640792042e-01 1.929172872999999955e+00
9.977606052484145893e-01 -3.250229195809446660e-03 -6.680726475834854183e-02 -1.090713289999999946e-01 3.578967141794714164e-03 9.999820676731854263e-01 4.801596219876839815e-03 -2.184120399999999948e-02 6.679046046042298734e-02 -5.029944555906125554e-03 9.977543455426537422e-01 1.982025146000000015e+00
9.977672351681554641e-01 -3.336273670188534719e-03 -6.670392569326237531e-02 -1.127987210000000046e-01 3.883403962667376919e-03 9.999598608980578840e-01 8.074389537263909969e-03 -2.245554099999999900e-02 6.667430988437302031e-02 -8.315399613629178080e-03 9.977401417857799659e-01 2.034090518999999819e+00
9.977577833062590829e-01 2.999762902466454433e-03 -6.686110434556898074e-02 -1.169071119999999936e-01 -2.329995971622242368e-03 9.999463496112216410e-01 1.009301827822552643e-02 -2.247626900000000011e-02 6.688779388313163821e-02 -9.914601440368467702e-03 9.977112426487566577e-01 2.085644960000000214e+00
9.977814550160423179e-01 3.655673781635015301e-03 -6.647408574227937905e-02 -1.210672559999999981e-01 -3.055376236918171985e-03 9.999536530609243190e-01 9.129972955240126670e-03 -2.280397699999999958e-02 6.650438107463686743e-02 -8.906614357588788639e-03 9.977463803585381319e-01 2.136612415000000098e+00
9.977463131973984822e-01 1.483265545604382091e-03 -6.708274311862942596e-02 -1.249333400000000038e-01 -9.592424614081079175e-04 9.999687821029616952e-01 7.843129057953630509e-03 -2.223220299999999899e-02 6.709228237956309238e-02 -7.761104485877497530e-03 9.977165884670156082e-01 2.190337180999999855e+00
9.977550868634148529e-01 4.919469221193820303e-03 -6.678761457606602336e-02 -1.294287590000000043e-01 -4.598976998365754930e-03 9.999771653741138522e-01 4.951579638926584606e-03 -2.242773199999999884e-02 6.681044864950333451e-02 -4.633309069537265221e-03 9.977549280250728181e-01 2.242154121000000000e+00
9.976830353960458586e-01 3.866032608608936834e-03 -6.792359438958875395e-02 -1.326936330000000053e-01 -3.467108348766336987e-03 9.999760490224220977e-01 5.990036828304312957e-03 -2.336687999999999960e-02 6.794512523080750710e-02 -5.740659663810388988e-03 9.976725438659691525e-01 2.293941975000000078e+00
9.976215598739859303e-01 3.729525978663759435e-03 -6.882814766190924194e-02 -1.365762650000000022e-01 -3.291907553373737624e-03 9.999736479013319190e-01 6.470459609884061242e-03 -2.400182699999999988e-02 6.885046564297987726e-02 -6.228494109941197857e-03 9.976075477069463737e-01 2.344613074999999824e+00
9.975074583594633060e-01 2.160773808583441036e-03 -7.052801977789932564e-02 -1.393395219999999934e-01 -1.602969279672295617e-03 9.999669971359619325e-01 7.964617277416190938e-03 -2.376407399999999961e-02 7.054290188766015879e-02 -7.831710888141201615e-03 9.974780014104734915e-01 2.397041081999999879e+00
9.974793615562181914e-01 4.656978219067582636e-03 -7.080420766639940189e-02 -1.429608609999999946e-01 -4.357367650876671147e-03 9.999808906149793009e-01 4.385402151218954075e-03 -2.417506499999999905e-02 7.082327736383410566e-02 -4.065828173933624945e-03 9.974805925052905309e-01 2.446813344999999806e+00
9.973619754632258028e-01 5.388106755708735318e-03 -7.238824632273441195e-02 -1.455696079999999892e-01 -5.342972411742027278e-03 9.999853923663846178e-01 8.171289097833225445e-04 -2.529755800000000124e-02 7.239159167955316887e-02 -4.282049006328503705e-04 9.973761948706535430e-01 2.497170687000000111e+00
9.973690959690687530e-01 6.116664860855344429e-03 -7.223207609381440686e-02 -1.509625169999999905e-01 -6.208353561496227774e-03 9.999801820535786367e-01 -1.044914420969408507e-03 -2.534738900000000142e-02 7.222425321107914242e-02 1.490607618278600973e-03 9.973873045798358206e-01 2.548961878000000070e+00
9.973644481892903757e-01 5.327311334722707389e-03 -7.235867081431988923e-02 -1.543472409999999961e-01 -5.155630902304713173e-03 9.999834348523131133e-01 2.559197329012187321e-03 -2.631860999999999923e-02 7.237110582319007668e-02 -2.179397832557744552e-03 9.973753923508520414e-01 2.598170518999999956e+00
9.973572818150114871e-01 3.319831865376612467e-03 -7.257707025608894913e-02 -1.580623240000000040e-01 -2.917571013928276381e-03 9.999797946052880748e-01 5.647845655153503792e-03 -2.655271799999999946e-02 7.259435370571409862e-02 -5.421171234279619812e-03 9.973468156626852377e-01 2.649450301999999979e+00
9.973652586534065279e-01 1.302616629180617584e-04 -7.254325511805163884e-02 -1.616164589999999901e-01 3.562433827288997990e-04 9.999775352618012203e-01 6.693434274388564663e-03 -2.694526300000000055e-02 7.254249735069652483e-02 -6.701641860952547471e-03 9.973428066991267826e-01 2.699111223000000059e+00
9.973802254345811580e-01 -2.290832699178300350e-03 -7.230102348935595058e-02 -1.657554810000000101e-01 2.659002167914475013e-03 9.999839830409514851e-01 4.996335559675571698e-03 -2.730995799999999876e-02 7.228841967794739920e-02 -5.175494865056668760e-03 9.973703417654681269e-01 2.748363494999999990e+00
9.973365154237071595e-01 -4.809344292769661064e-03 -7.277874147009556760e-02 -1.695048210000000000e-01 5.094491194597570299e-03 9.999800557143773139e-01 3.732871942487517303e-03 -2.779927999999999913e-02 7.275933728371618281e-02 -4.093700153216721024e-03 9.973411254215329702e-01 2.798186541000000194e+00
9.972564998509290124e-01 -6.274522714136830659e-03 -7.375705979622550201e-02 -1.734206829999999921e-01 6.647918945673089372e-03 9.999662949581616944e-01 4.818103500196370230e-03 -2.827718499999999982e-02 7.372434251158814511e-02 -5.295215987721812144e-03 9.972645997973043075e-01 2.847116708999999801e+00
9.971096601497517753e-01 -9.767468204923223860e-03 -7.534535288199503689e-02 -1.761870530000000101e-01 1.048819492244586725e-02 9.999028956826847558e-01 9.175890836902220182e-03 -2.868741600000000030e-02 7.524841130093926078e-02 -9.939606141481625162e-03 9.971152796073465829e-01 2.897329329999999814e+00
9.970752449012662000e-01 -9.721833865903511257e-03 -7.580528973207358023e-02 -1.801563200000000087e-01 1.083209992285933537e-02 9.998398043573438754e-01 1.424890290266088433e-02 -2.920466999999999855e-02 7.565462058817716551e-02 -1.502835882430408887e-02 9.970208256675017200e-01 2.946561575000000044e+00
9.970590366484415323e-01 -8.433702008287873378e-03 -7.617184590199478633e-02 -1.844059969999999882e-01 9.691572895101646309e-03 9.998224632975240000e-01 1.615906248797239694e-02 -2.876183400000000001e-02 7.602204188589496703e-02 -1.684976427451335620e-02 9.969637579126898741e-01 2.996206998999999982e+00
9.969493371948091598e-01 -7.063347748771578796e-03 -7.773112751922929553e-02 -1.883221720000000099e-01 8.065884988704141723e-03 9.998881965593294785e-01 1.259110323525699029e-02 -2.933090699999999981e-02 7.763350157103414417e-02 -1.317966235955327081e-02 9.968948469793132983e-01 3.045220374999999979e+00
9.968617496267125899e-01 -5.412723283490255936e-03 -7.897692421097346482e-02 -1.922292409999999951e-01 5.803527946535201078e-03 9.999720216078730184e-01 4.719646685646129367e-03 -2.955149300000000159e-02 7.894916842211366359e-02 -5.163180039462892876e-03 9.968652719286277275e-01 3.092896699999999832e+00
9.967879608853249529e-01 -3.994240907111997092e-03 -7.998629303606918928e-02 -1.963668319999999912e-01 3.991071220349464051e-03 9.999920157432401480e-01 -1.995000890913873411e-04 -2.985144400000000128e-02 7.998645125638514930e-02 -1.203717051568499886e-04 9.967959435742416163e-01 3.140565634000000106e+00
9.967244925624374474e-01 5.531607316819066008e-04 -8.087014244674269048e-02 -2.010768649999999935e-01 -4.930494088142613760e-04 9.999995871574139938e-01 7.632740543970850189e-04 -3.044573399999999860e-02 8.087053127333836133e-02 -7.209009686309173501e-04 9.967243538076920872e-01 3.188175677999999902e+00
9.966530285472515738e-01 3.340409142763442907e-03 -8.167975486220724335e-02 -2.052248570000000105e-01 -3.097326358855182187e-03 9.999903902610465245e-01 3.102572317691780490e-03 -3.111357099999999959e-02 8.168933380202134109e-02 -2.839199238994834056e-03 9.966537973091073033e-01 3.234769582999999837e+00
9.965471283452048690e-01 5.965064290423380614e-03 -8.281448541732835955e-02 -2.094046469999999993e-01 -5.610499951326062759e-03 9.999740750305762260e-01 4.513486129335171626e-03 -3.168712900000000138e-02 8.283926168926147859e-02 -4.033270974611865428e-03 9.965547598842843247e-01 3.280687094000000137e+00
9.964636282501621034e-01 6.848874526464859142e-03 -8.374562969041111915e-02 -2.131553890000000007e-01 -6.490073813254568572e-03 9.999685608648841706e-01 4.555899879392801173e-03 -3.244089700000000326e-02 8.377419958687300217e-02 -3.996273205535976099e-03 9.964767499967299713e-01 3.325204133999999812e+00
9.963166461514546546e-01 8.767604474148650920e-03 -8.530105341261633167e-02 -2.176236209999999893e-01 -8.370237320831116004e-03 9.999523935811760467e-01 5.014947504182950232e-03 -3.253160799999999658e-02 8.534096161111674739e-02 -4.282485617212675004e-03 9.963426020141005202e-01 3.369798899000000070e+00
9.961805033210572313e-01 9.643761688727046574e-03 -8.678365435666013372e-02 -2.210423199999999866e-01 -9.161946615396430668e-03 9.999403351831183118e-01 5.948513099067787718e-03 -3.347879599999999817e-02 8.683584246854428312e-02 -5.130685564736513909e-03 9.962094220235091502e-01 3.412780522999999899e+00
9.960561668041039152e-01 8.971264869383674054e-03 -8.827020436227894784e-02 -2.253110710000000017e-01 -8.459942019347523393e-03 9.999452088719440468e-01 6.165114360125833852e-03 -3.377341899999999897e-02 8.832067681208294330e-02 -5.394039366515037716e-03 9.960774881437528538e-01 3.455903053000000114e+00
9.959444515925287567e-01 8.744258449797807919e-03 -8.954433140193820972e-02 -2.289229180000000030e-01 -8.117711801797593274e-03 9.999399732205161984e-01 7.358852550238902980e-03 -3.416195500000000079e-02 8.960330405269636977e-02 -6.602113291692377449e-03 9.959556516245708924e-01 3.498668670999999897e+00
9.958430790143111278e-01 1.174392652668759460e-02 -9.032520229167642634e-02 -2.337053269999999905e-01 -1.087495538746848303e-02 9.998897896404916885e-01 1.010662743024143967e-02 -3.435688800000000209e-02 9.043393900863255785e-02 -9.082332433296081559e-03 9.958610414676105638e-01 3.538724422000000036e+00
9.956932178847518466e-01 1.299755813275341697e-02 -9.179367810962603402e-02 -2.374370399999999881e-01 -1.172945282562362461e-02 9.998283666057351526e-01 1.434075545147276559e-02 -3.483327900000000171e-02 9.196431805172815277e-02 -1.320230332529787748e-02 9.956747779230863404e-01 3.580871820000000039e+00
9.954408510391214993e-01 1.638193445153881059e-02 -9.396352646710880163e-02 -2.410520909999999961e-01 -1.495067029834948151e-02 9.997615513227186002e-01 1.591596539394145304e-02 -3.492309200000000280e-02 9.420185529032652771e-02 -1.443858443257430881e-02 9.954484103857134114e-01 3.620897770000000016e+00
9.953382946185630464e-01 1.923967607182260758e-02 -9.450668828427839785e-02 -2.461262790000000034e-01 -1.819409513949602625e-02 9.997635012000073429e-01 1.191287414345677982e-02 -3.547281000000000045e-02 9.471353740551237410e-02 -1.013787615599099322e-02 9.954529468032029538e-01 3.659852981999999866e+00
9.952219913942207397e-01 1.890208360947427668e-02 -9.579091335059986001e-02 -2.499596920000000111e-01 -1.855135801515058608e-02 9.998175524888400778e-01 4.550697860695985218e-03 -3.574941300000000072e-02 9.585945420831162855e-02 -2.751903058990032465e-03 9.953910749391108315e-01 3.696848153999999997e+00
9.951249598396205709e-01 1.821289228101495572e-02 -9.692576983936586343e-02 -2.543374600000000152e-01 -1.844079546412271536e-02 9.998288939850903390e-01 -1.455958516325189236e-03 -3.583610400000000057e-02 9.688266804152313727e-02 3.236248956896638045e-03 9.952905481947695865e-01 3.734208107000000165e+00
9.950436945389888876e-01 1.892624326774191082e-02 -9.762091617050912273e-02 -2.577776010000000229e-01 -1.918470705728131040e-02 9.998144949929439473e-01 -1.709566357510217431e-03 -3.717772300000000280e-02 9.757045133300150386e-02 3.573921903831161692e-03 9.952222033841988669e-01 3.769714116999999920e+00
9.949417668617731580e-01 2.198593639815588779e-02 -9.801785120410058672e-02 -2.621352080000000084e-01 -2.200717695856409251e-02 9.997574389168841780e-01 8.645765824830347170e-04 -3.685086199999999812e-02 9.801308441370165658e-02 1.296892843983861975e-03 9.951842811020800150e-01 3.805570601999999969e+00
9.948127930270994623e-01 2.262118174071986454e-02 -9.917554621112406599e-02 -2.656314969999999942e-01 -2.235865513988870984e-02 9.997429513631996834e-01 3.757890356911339734e-03 -3.830516700000000108e-02 9.923506119289196570e-02 -1.520965565803953810e-03 9.950628569561777992e-01 3.838587999000000028e+00
9.947283372167865512e-01 1.923036677022453567e-02 -1.007260052409984646e-01 -2.680772840000000268e-01 -1.929941012672575090e-02 9.998137072589564633e-01 2.890430112388731173e-04 -3.858177399999999924e-02 1.007127991205062495e-01 1.656433211618978975e-03 9.949141612834385695e-01 3.870980977999999961e+00
9.948488652167759572e-01 1.112110165633925334e-02 -1.007574139944176078e-01 -2.712151999999999896e-01 -1.171935067164835663e-02 9.999170269015739132e-01 -5.347535147336806433e-03 -3.892675400000000091e-02 1.006895833576047089e-01 6.500800740403876385e-03 9.948966516141289906e-01 3.904199123000000160e+00
9.949634389437923554e-01 6.744329186438870714e-03 -1.000113453012572012e-01 -2.737247349999999968e-01 -7.792467968118956499e-03 9.999186985330239530e-01 -1.009325353834681326e-02 -3.957087199999999999e-02 9.993514200774515632e-02 1.082175345535367657e-02 9.949351019257705042e-01 3.934515237999999915e+00
9.952835817252003725e-01 9.450363743767956765e-03 -9.654678955494594428e-02 -2.772861719999999974e-01 -1.048300577968095185e-02 9.998930874751502662e-01 -1.019412621242414725e-02 -4.021655400000000158e-02 9.644012929315118332e-02 1.115814700217439455e-02 9.952762416622825681e-01 3.965771436999999899e+00
9.956581043034163914e-01 1.418975163795227479e-02 -9.199777325229369085e-02 -2.810826000000000158e-01 -1.496708935778949534e-02 9.998578348296938145e-01 -7.765073459586736664e-03 -4.037033799999999867e-02 9.187450990934950545e-02 9.108297213533638262e-03 9.957289356801813929e-01 3.995508671000000067e+00
