1.0 0.0 0.0 0.0 0.0 1.0 0.0 0.0 0.0 0.0 1.0 0.0
0.9999978703549641 -0.0018681329059355304 -0.0008771345291029754 0.563101410866 0.0018664234635792695 0.9999963653806669 -0.0019456846893178418 -0.00526965968311 0.0008807661386455496 0.0019440434412342676 0.9999977224704601 0.0144917080179
0.9999931174994434 -0.0030369837284632004 -0.0021311226096289936 1.13025307655 0.0030321349110319163 0.9999928157064941 -0.002274795216903832 -0.0064323223196 0.002138015815077991 0.0022683177093601415 0.9999951417997708 0.027702447027
0.9999831574740697 -0.00475089543021386 -0.0033337307631331053 1.67897319794 0.0047419377673488675 0.9999851395041045 -0.0026897578268529655 -0.00225134915672 0.0033464599804087633 0.0026739041807251444 0.9999908256789318 0.0388510264456
0.9999640617962058 -0.006729906351772067 -0.005155916652756473 2.23558783531 0.006706967178782355 0.9999675907464566 -0.004453543307270455 0.00402100756764 0.00518572148273794 0.004418802691156869 0.9999767909684104 0.0438790656626
0.9999399027289668 -0.008573856012095734 -0.0068322707402611906 2.80041265488 0.008527643673818272 0.9999407586576063 -0.006764500618892915 0.0105468230322 0.006889863841671078 0.006705830920509797 0.999953779735798 0.0586055181921
0.9999239333889662 -0.009952885599780687 -0.007284744619823808 3.36345434189 0.00989287954023727 0.9999172168293787 -0.008227418950773795 0.0171821396798 0.007366028125165453 0.008154726017891417 0.9999396192136966 0.0682943537831
0.9999119413829469 -0.011414770817832752 -0.006768492222241475 3.94280219078 0.011358479528087778 0.9999010626009422 -0.008297587138235958 0.0191887784749 0.006862537620749368 0.008219976683845382 0.9999426671368318 0.08078212291
0.9998928641402067 -0.012848514327039632 -0.0070125545332586645 4.53319311142 0.01278849173947579 0.9998817709976378 -0.008538062172228305 0.0319637805223 0.007121426860077182 0.008447467443875345 0.9999389609237461 0.0927618518472
0.999861108480973 -0.013864720758843947 -0.009248419620626783 5.11491107941 0.013787545161968253 0.9998700241266256 -0.00835694031494644 0.0374668166041 0.009363084193074338 0.008228266603615433 0.9999223111237658 0.108868010342
0.9998013854028097 -0.015268689639075546 -0.012808468422419981 5.71662187576 0.015180760647208627 0.9998607204396857 -0.0069342791986715495 0.0587481074035 0.012912561821524986 0.006738459656223675 0.9998939238282564 0.122625492513
0.9997227545265958 -0.016803606402093385 -0.016494025998505486 6.32599925995 0.016717643769863393 0.9998460125827308 -0.005335870050675092 0.0685718655586 0.016581147986185884 0.005058649453882923 0.9998497265075201 0.132114306092
0.9997020919847323 -0.017903445958260884 -0.016588969352231787 6.94523429871 0.01785316282148415 0.9998355807388888 -0.003174281934292511 0.0894558355212 0.016643072391215194 0.0028771707193755163 0.9998573548411954 0.146523073316
0.9997638910804041 -0.01907266459199622 -0.010411318702786273 7.58566808701 0.019069321007053934 0.9998180756092803 -0.00042033473014463737 0.110753744841 0.010417441533299099 0.0002216987069154018 0.9999457124072204 0.158677354455
0.9997986928876703 -0.0200322972779233 -0.0011317092713190719 8.25633430481 0.02003271453997186 0.999799260737922 0.0003585750474733846 0.123845651746 0.0011242990108876283 -0.00038117407254059784 0.999999295328782 0.164022624493
0.9997554095382661 -0.02119032774512534 0.006331754024573433 8.92457962036 0.02118384952719967 0.9997750045759435 0.001088459636802907 0.143889978528 -0.006353394225332856 -0.000954062485457903 0.9999793618603292 0.180909112096
0.9997272594340423 -0.022371645341434845 0.006701957118329263 9.60136222839 0.022358181780680168 0.9997478668108811 0.002077140956852311 0.166914850473 -0.006746736393318567 -0.0019267308607141753 0.999975384325149 0.194909274578
0.9997310718962104 -0.023188861554288346 0.0002461403466991576 10.2905836105 0.02318767543347262 0.9997229256895448 0.004050130705154401 0.185725137591 -0.00033999006773092187 -0.004043334088713421 0.9999917678942166 0.195941388607
0.9996871461134923 -0.0243339931282379 -0.005785038798126572 10.9933443069 0.02435855820153095 0.9996944027975954 0.004214458150425926 0.210189923644 0.005680716310782327 -0.004354054845076356 0.9999743855062501 0.189432948828
0.9996502995876247 -0.025914857900013886 -0.0052629530108118305 11.7324447632 0.025933291190547134 0.999657670700352 0.0034649412654053427 0.231874108315 0.005171357887268676 -0.003600215266967538 0.9999801475567569 0.189786806703
0.9996505853844891 -0.02626516364346296 0.0029746124504164526 12.4879140854 0.026257238085878463 0.9996516460271668 0.0026728343153505103 0.257411837578 -0.0030437786630362587 -0.002593795280652081 0.9999920037867764 0.195779532194
0.9995774480316046 -0.026980735156463487 0.010815050487212383 13.2637662888 0.02696030051470106 0.9996344421052186 0.0020308503502549052 0.278660655022 -0.010865890795566992 -0.0017384151992248043 0.9999394533319574 0.199335128069
0.9995124688765381 -0.027942496315883164 0.013929876523692038 14.0571975708 0.02793357990087706 0.9996094332695578 0.0008342855840283891 0.296113163233 -0.013947747999220807 -0.00044476752495677433 0.9999026265130017 0.198490142822
0.9995069821536092 -0.028112242167194247 0.013981933575757024 14.8576517105 0.02813808698105362 0.999602675369038 -0.0016551302388617298 0.318729251623 -0.013929848787065734 0.0020477390932341502 0.9999008781261147 0.19476249814
0.9995368057823988 -0.0281193506473674 0.011639416028690492 15.6757793427 0.02814646531791373 0.9996014493666419 -0.0021723061975739448 0.338115483522 -0.011573693292377259 0.002498908417476916 0.9999299000831483 0.195987820625
0.9995813040453143 -0.027566962194187847 0.008790858800690495 16.5006961823 0.027570887405454228 0.9996197977952841 -0.00032561233334203667 0.365925192833 -0.008778540353909934 0.0005678477789661745 0.9999613066404893 0.187586277723
0.9996394837440369 -0.0266667411930398 0.0031284907062925785 17.3517723083 0.026675999766270928 0.9996397616589695 -0.002956001838457138 0.384978473186 -0.0030485367679983933 0.003038391769091492 0.9999907372566166 0.180590674281
0.9996572223564649 -0.026029324942125714 -0.0028128337338034688 18.2193584442 0.02601237627206916 0.9996441930616976 -0.005902843273157473 0.411043822765 0.0029654799336842215 0.005827651420975642 0.9999786219753293 0.186696305871
0.9996681321334174 -0.0247000489952751 -0.007316636967599779 19.0952510834 0.024663921075864237 0.999683357603367 -0.004987537270288075 0.433767855167 0.007437512625076877 0.004805425110225147 0.9999607948792103 0.201775416732
0.9996602313540196 -0.02439107263272094 -0.009192248095708134 19.9962215424 0.024370566007046967 0.999700263625715 -0.0023363259986565383 0.465927064419 0.009246478341719358 0.0021115118993657333 0.9999550210663353 0.208414405584
0.9996646222277663 -0.024387395860213698 -0.008711945211880056 20.9008235931 0.024368802471894116 0.9997005403588904 -0.0022340707751668464 0.489802479744 0.008763819504267257 0.002021021845473037 0.9999595546512853 0.224460542202
0.9996664780085136 -0.024099904162808244 -0.009280483036895248 21.8239364624 0.024083209443087873 0.9997081395593206 -0.001906494627015052 0.520850479603 0.009323720768824316 0.0016823549524199266 0.9999551179492203 0.240799859166
0.9996427191727961 -0.024341402246962362 -0.011042198217287575 22.7572994232 0.024350120227747508 0.9997032768028041 0.0006557397579834208 0.558038532734 0.011022960115710067 -0.0009243843289098894 0.9999388180603351 0.257438451052
0.9996361607978634 -0.024061297218751727 -0.012190160025966902 23.7014350891 0.02412147083421158 0.9996974467540237 0.004813480890168144 0.588401198387 0.012070653259126903 -0.005105774146652434 0.9999141115117144 0.274933904409
0.9996377711501491 -0.02406830690492046 -0.012043383772542635 24.6647434235 0.024150262234306347 0.9996858446992429 0.0067064701576425145 0.622756838799 0.011878186897688624 -0.006994891756966019 0.9999049855687948 0.293721139431
0.9996349013474264 -0.024114367459717526 -0.012188572112378006 25.6465091705 0.024208813912101133 0.9996775651305461 0.007661534026029669 0.652623653412 0.011999889044911253 -0.007953807684402996 0.9998963644329493 0.315529614687
0.9996371466875662 -0.02411867721906954 -0.011994347483052047 26.6293125153 0.02421755574575722 0.999673343672514 0.008167982879352857 0.675122320652 0.011793428510954823 -0.00845549287851372 0.9998947042984769 0.335655421019
0.9996312641814528 -0.024874379791589678 -0.010890404077632762 27.6200218201 0.02497052827553959 0.9996495991488309 0.008783600584148609 0.710406243801 0.010668101453906549 -0.009052300898950117 0.9999021189395509 0.357079863548
0.9996392089785324 -0.025325156556829154 -0.008949207682548121 28.6188488007 0.025409578109551557 0.9996324665002501 0.00944908772952808 0.742140471935 0.008706618922858825 -0.009673074175142722 0.9999153096252373 0.376081079245
0.9996504190985885 -0.025288559299752343 -0.0077154626924741555 29.6267356873 0.02536624007238402 0.9996267754836278 0.010142169432360439 0.769475638866 0.007456102239523699 -0.010334336202554893 0.9999188007206616 0.397073477507
0.999633956416351 -0.025812300451654602 -0.008104216481953926 30.6486129761 0.025891125617149156 0.9996169563419033 0.00977702449758896 0.805124282837 0.007848744719371685 -0.009983272967467304 0.999919362482389 0.419583499432
0.9996178665413779 -0.026144381223058236 -0.00897731706735365 31.6649227142 0.02624234865292244 0.9995953721238647 0.010974113437137526 0.837330579758 0.008686773189329805 -0.01120550574566371 0.9998994832544625 0.43978664279
0.9996118374611005 -0.02659314784742529 -0.00830535340649669 32.705997467 0.026687775586046823 0.9995776841906251 0.01149851739899518 0.866407811642 0.007996064151232751 -0.011715705513163581 0.9998993975407816 0.455313712358
0.9996160637443646 -0.027129758464107333 -0.0056303916295384025 33.7539176941 0.02719127278464898 0.9995680333029108 0.011152644677490903 0.90166592598 0.005325390931526742 -0.011301460287536078 0.9999219555579304 0.473966926336
0.9996143742254755 -0.027666844726084015 -0.0023766667234107254 34.8132286072 0.027692665734816956 0.9995489191642999 0.011622153930320447 0.938243031502 0.0020540463264263286 -0.011683488365343863 0.9999296360211081 0.487339138985
0.9995989921184563 -0.028311482672007598 0.0005611636833452367 35.8592033386 0.028303039337735685 0.9995316087040635 0.011640496798415683 0.966243445873 -0.0008904605625620751 -0.011619946229649817 0.9999320896588961 0.504301786423
0.9995725483735581 -0.02920666534293218 0.001300475888799304 36.932510376 0.029191078692807054 0.9995163780215996 0.01071872153448037 1.0037484169 -0.0016129050628385254 -0.01067617750551907 0.9999417071865385 0.519441306591
0.9995560192600403 -0.029792872506334656 0.00038614614322803715 38.0104560852 0.029787474036170155 0.9995054797981151 0.01007483221125785 1.03545165062 -0.0006861133777518494 -0.010058856861582165 0.9999491730318453 0.531282186508
0.9995347731678023 -0.030499582410997584 -0.00011269935496893978 39.0949249268 0.030499031879027378 0.9994770202296629 0.010746864067060853 1.07192778587 -0.00021513445078704503 -0.010745301558754817 0.9999422444379373 0.541808962822
0.999502961859196 -0.03151289245209796 0.0008756962925666256 40.1503562927 0.03150164540791367 0.9994456298929694 0.01077400688877624 1.11355543137 -0.001214730953083481 -0.010741065922329762 0.9999415752590567 0.551032185555
0.9994816410327174 -0.03204416784392364 0.0031017004587831007 41.2295188904 0.03200758935037398 0.9994248673139937 0.011200393670900963 1.15644490719 -0.0034588238641756553 -0.01109530989183189 0.9999324630373198 0.563395798206
0.9994347680545208 -0.03315320505153926 0.0055686083195776405 42.311958313 0.03308990521967802 0.9993907519947607 0.01109878371262922 1.19651436806 -0.005933175908314406 -0.010908245604018572 0.9999229008286006 0.574345290661
0.9994045626017792 -0.03397376327746881 0.006025251821466165 43.4027404785 0.033904927951447096 0.9993625216141517 0.011180619553962413 1.24124717712 -0.00640125857568268 -0.010969676466048437 0.9999193417905653 0.588141262531
0.9994064296777054 -0.034316396572699644 0.0030287365562388854 44.456741333 0.034281143047537356 0.9993515683641786 0.01101117793022087 1.27314019203 -0.0034046365762252116 -0.010900813470650271 0.9999347882314437 0.598464012146
0.9994119311398008 -0.03427536624471387 -0.0009955723005486985 45.5335845947 0.03428548416951901 0.9993260350929261 0.013114158787908366 1.31757569313 0.000545408724309052 -0.013140580437847547 0.9999135100972883 0.615640699863
0.9994174250051728 -0.03408892158055107 -0.0016601269545965247 46.609462738 0.03411005990826672 0.9993049982701118 0.015034102747656961 1.36495006084 0.0011464768138926681 -0.015081971285203107 0.9998856033232341 0.62260222435
0.9994322013974148 -0.033689867322082435 0.0005173487593960354 47.6883125305 0.03367840655144493 0.9993213370336455 0.01492080029502193 1.40473556519 -0.0010196774362305015 -0.014894904803617158 0.9998885448232805 0.637328565121
0.9994178335993454 -0.03402085808814171 0.0025641954950354133 48.7712249756 0.033975028655249394 0.9992915823425889 0.016187368134405865 1.44835424423 -0.003113087127791229 -0.01609082577714142 0.9998656879873138 0.646881759167
0.9994111071954176 -0.0340785384350632 0.004011487574278847 49.8477363586 0.034018172072042996 0.999319462779232 0.014260970496532998 1.48870360851 -0.004494750638861654 -0.014116108839054441 0.9998902603225708 0.658290326595
0.9994153037809188 -0.03398311035445208 0.0037681267401478142 50.9219512939 0.03392425735610035 0.9993160783137695 0.014714631712144627 1.53185522556 -0.0042655985898530984 -0.014578197221334077 0.9998846337625386 0.670158684254
0.9994373546608921 -0.033439902201964744 0.0025975082600445884 51.9958000183 0.03340260070521994 0.9993537900825399 0.013276615298720798 1.56566035748 -0.003039798441608692 -0.013182381741765043 0.9999084880313042 0.68202406168
0.9994442575262452 -0.03333297475113152 0.00029814770155662433 53.0701828003 0.03332554813594869 0.9993466816784133 0.01398633832644058 1.60304570198 -0.0007641591784970222 -0.013968629588600415 0.9999021419359828 0.693069159985
0.9994582681850374 -0.03286260554961407 -0.0017942444251929893 54.1401481628 0.032882847467980016 0.9993779219184151 0.012747059442423962 1.6455104351 0.001374226678689543 -0.012799153820530632 0.9999171431486281 0.707064628601
0.9994447972249052 -0.0329907754355791 -0.004658973731250322 55.2198867798 0.033043612506244074 0.9993847213649011 0.011760032947976118 1.68509101868 0.004268134558150677 -0.01190745306770026 0.9999199945939846 0.723426103592
0.9994406385561154 -0.03285284278546181 -0.006253057129003442 56.2927398682 0.0329191857658559 0.9993994451449186 0.010820178027296795 1.72315001488 0.005893828217544244 -0.011019971186126411 0.9999219084628554 0.747793495655
0.9994638635801588 -0.03243727516974103 -0.004450682754858047 57.369178772 0.03248236074199627 0.9994175502831797 0.010462142543245007 1.75467634201 0.0041087270594076086 -0.010601102090389452 0.9999353654093951 0.771272242069
0.999479156275394 -0.03225870853780303 0.0008898845432295823 58.4527511597 0.032247783546761756 0.9994262773073113 0.0103535831464836 1.79362547398 -0.0012233672173174298 -0.010319493743542905 0.999946004252994 0.787339687347
0.999460018480124 -0.0321998452655257 0.006545336094287198 59.5426254272 0.03214602633435673 0.9994498085186815 0.008167817510365251 1.83563899994 -0.006804737366116361 -0.007953000493397932 0.9999452211659048 0.795304954052
0.9994479671576886 -0.032126250257887685 0.008465517629256352 60.6246643066 0.03207662070782832 0.9994677940824673 0.005934559452269722 1.86467981339 -0.008651667372813069 -0.005659738182458247 0.9999465565795885 0.808819055557
0.9994624196673259 -0.032199475553347665 0.006169720157575753 61.6982307434 0.03218491058783736 0.9994789393772612 0.0024456638683966435 1.89385354519 -0.006245254453290525 -0.00224577723597695 0.9999779763981904 0.817243218422
0.999479334353027 -0.03213794821167031 0.0028657435289306983 62.764465332 0.03213676306074325 0.9994833755936435 0.00045866318044773927 1.9296463728 -0.0028790035094211266 -0.0003663286495040286 0.9999957885621885 0.826856911182
0.999494724154451 -0.03177709776908877 -0.0007158524933170621 63.8521308899 0.031778714756423396 0.9994921104149224 0.002373711598947386 1.97242021561 0.0006400592537359151 -0.002395261092004927 0.9999969265195032 0.842824041843
0.9994907165535325 -0.03159929051420734 -0.004448860787194917 64.927444458 0.03161018782418137 0.9994973897478666 0.002400815053320252 2.0075340271 0.0043707606918121375 -0.002540221683042562 0.9999872217807465 0.859691143036
0.9994858775545592 -0.03163545673974109 -0.005213295105917128 66.0141372681 0.031663973456778495 0.9994835403228854 0.0054813692231245135 2.0498239994 0.005037197030277438 -0.00564362476603116 0.9999713876634564 0.878208398819
0.999537907439303 -0.0303203355454297 -0.0021561178704451703 67.1060409546 0.030341137367833976 0.9994857339461009 0.01037704300123904 2.09545135498 0.0018403736264490645 -0.010437666915354594 0.9999438324897449 0.890424966812
0.9995299846258697 -0.030656279555304297 4.855549713775773e-05 68.2005233765 0.030653667200270913 0.9994631313535463 0.01156727072994595 2.13239312172 -0.00040313891440257107 -0.01156034553081615 0.9999330957070197 0.907484591007
0.9995312867401681 -0.030600747052075685 0.0008950460320873368 69.2906341553 0.030589350488164687 0.9994740207392023 0.010769099503933231 2.17883181572 -0.0012241177463352105 -0.010736673007420755 0.9999416109895992 0.91842097044
0.9995107467838495 -0.031231434209670714 0.0016925072518602724 70.3775024414 0.03121490899887408 0.9994718101000002 0.009040479612296209 2.21436095238 -0.0019739604308596746 -0.008983225068723554 0.9999577016792169 0.932496368885
0.9994957586439897 -0.03158019654027695 0.0033044877291315187 71.4623260498 0.03155057531811656 0.9994646233317386 0.008661865009382512 2.25650715828 -0.0035762619829026823 -0.008553238849838747 0.9999570253042913 0.945626437664
0.9994858570188729 -0.031634743928504454 0.005221551093920891 72.5571746826 0.031596120879870744 0.9994739081665143 0.007320658419720761 2.28853416443 -0.005450391233028329 -0.007151913795032966 0.9999595708649802 0.955181896687
0.9994463402065549 -0.0324312317620262 0.007431571443630146 73.6347045898 0.03238548916751646 0.999456253061383 0.006195022831429053 2.32443404198 -0.007628442770625566 -0.005950917819882647 0.9999531956236734 0.967770159245
0.9994230400297599 -0.03334909404445356 0.006436224365745803 74.7122955322 0.03331716246236627 0.9994322906839324 0.00500629840533199 2.36067867279 -0.006599525977547199 -0.004788973238715089 0.999966755443495 0.981154739857
0.999422228972637 -0.03382996601063508 0.0032774433763056478 75.785774231 0.03381249110178551 0.999414414816199 0.005248133295354971 2.39535355568 -0.0034530683250249506 -0.005134282550991186 0.9999808575476979 0.995959997177
0.9994114371348592 -0.03427831412689013 0.0013328558260081737 76.8710021973 0.03426959562383719 0.9993940660029808 0.006090620149696241 2.43709039688 -0.0015408243940690102 -0.006041359006668256 0.9999805637318853 1.00887513161
0.9993741473726873 -0.03527409699015046 0.00265549329570843 77.9472045898 0.03525143533542332 0.9993452824128412 0.00814511055731505 2.48972725868 -0.002941066117339468 -0.008046402968275653 0.9999633020913146 1.0177372694
0.9993377963316027 -0.035817268683893594 0.006410311000332268 79.0206680298 0.03575554174058275 0.9993154305181 0.009497976798284243 2.53425931931 -0.006746114283989728 -0.0092624830606634 0.9999343460195865 1.03006327152
0.9992689757461567 -0.0366888112400992 0.010744544709481848 80.1018447876 0.03657368335612563 0.9992734339791053 0.010722398489666597 2.5738966465 -0.011130130142614785 -0.010321592580300614 0.9998847858276545 1.03902816772
0.9992428538361545 -0.037078110650812984 0.011786974503345999 81.1690979004 0.03694298800357429 0.9992514099098133 0.01148196109629575 2.62222385406 -0.012203880315056592 -0.011037821515822404 0.9998646067350522 1.04818439484
0.9992414797963808 -0.03759323773874693 0.010159406018955036 82.2193832397 0.03747923460991475 0.9992347737952032 0.011188110274077373 2.66456198692 -0.010572229064624664 -0.010798857104712564 0.9998857998080767 1.05111670494
0.9992113132075643 -0.038609581223934215 0.009276410713605618 83.2675018311 0.03850897822268295 0.9992000036170338 0.010789409991509421 2.71353840828 -0.009685564220013262 -0.010423675428196109 0.9998987632937184 1.05508351326
0.9991964970905155 -0.03897574822227382 0.009340837893672155 84.3102722168 0.03887337395495124 0.9991846742635928 0.010901720695143004 2.75910902023 -0.009758124789141658 -0.010529851246352437 0.9998969453065295 1.06311178207
0.9991533658150294 -0.04002081499936563 0.009533412153362859 85.3365859985 0.03992846564671885 0.9991555737841114 0.00968798261989766 2.80250239372 -0.009913082850361361 -0.009299125922967022 0.9999076242560964 1.07217562199
0.9991070692096116 -0.04075112054511614 0.01115394233887179 86.3516311646 0.040650216009877206 0.9991317375098333 0.009128583621391293 2.84426379204 -0.01151625780068278 -0.008667022262566488 0.9998961238705592 1.08045363426
0.9990546709544379 -0.04121771760239214 0.013815361007564786 87.3434829712 0.041102545800634285 0.9991186119512278 0.008519388555453977 2.89621591568 -0.014154334065106999 -0.007943488421436346 0.9998682692329385 1.08761608601
0.9990073016625829 -0.04185996907243923 0.015236607696628829 88.3318405151 0.04174801109367991 0.9990993158621196 0.007593458603810898 2.940721035 -0.015540746268069535 -0.006949822522931174 0.9998550820855648 1.09419488907
0.9989222535890131 -0.04360456100102785 0.01590514207908581 89.2821960449 0.04350320638058371 0.9990310624530082 0.006663879397383596 2.98275089264 -0.01618030652542174 -0.005964772746901128 0.9998512985273467 1.1008169651
0.9988080149472881 -0.04642691428074938 0.01506953574014679 90.2167129517 0.04634127989557113 0.9989077476180762 0.00598310339372321 3.02728533745 -0.015330853032233634 -0.005277630050277907 0.9998685471432514 1.10967123508
0.9986423535290333 -0.0500888307014052 0.014302404586648115 91.1145172119 0.050012046605083904 0.9987324803492073 0.005676961325585082 3.07391119003 -0.014568628362516522 -0.004953961494323597 0.9998815996572533 1.1129181385
0.9984916404277743 -0.05288460333445759 0.014753397100636119 92.0003204346 0.05280567617382183 0.9985886004599601 0.005689252608494246 3.12752532959 -0.015033448030224036 -0.004901608060103326 0.9998749770240016 1.11935949326
0.9983167241098545 -0.05580762812752471 0.015786925139170595 92.8692932129 0.05570777685171638 0.9984246636822566 0.006695860602884744 3.18120503426 -0.016135735521172773 -0.005805135119340779 0.9998529584121042 1.12318217754
0.9981365802150267 -0.05867849327744154 0.01673922529087629 93.7041244507 0.05856198626677561 0.998256584750031 0.007367819738039615 3.23494529724 -0.01714237443119968 -0.006373808115366362 0.9998327427969984 1.12808561325
0.9979274593914854 -0.06172269718243167 0.01819600079629497 94.5237808228 0.061586060943000794 0.9980699016276857 0.00797675137036258 3.28567266464 -0.018653227334108097 -0.0068395992152633514 0.9998026190166719 1.13177275658
0.9977531648947171 -0.06424778148264818 0.018995907904895568 95.3168945312 0.06406895107900659 0.9978965844010379 0.009878074122837336 3.34288907051 -0.01959059596360569 -0.008638831824864914 0.9997707632925121 1.13416600227
0.997543425649272 -0.0672092888285732 0.019749061726267926 96.0683822632 0.06698576162747892 0.9976844988609845 0.011770661480486623 3.4035949707 -0.02049443053849237 -0.010418840034239105 0.9997356781115913 1.14071428776
0.9973973865032278 -0.06956013027476385 0.018969493211122998 96.7898254395 0.0693232670460247 0.9975112086021162 0.012871416363760223 3.45942807198 -0.01981761949868112 -0.011522889798206436 0.9997372079542222 1.14267075062
0.9972719851405396 -0.07215894863718257 0.015545860716877557 97.4870529175 0.07193232089730185 0.9973015453346229 0.014675451730878974 3.51574587822 -0.016562876084173873 -0.013517167038777637 0.9997714525485645 1.1509116888
0.9971540871430896 -0.07447208409177374 0.011731802285349141 98.1499862671 0.07427627524304352 0.9971040649452315 0.016325397566924707 3.58052706718 -0.012913614128290419 -0.015407542332451745 0.999797902683047 1.15498697758
0.9970276833294376 -0.07654658545539586 0.008741792142057586 98.7771453857 0.07637151968612182 0.9969010784486684 0.01885817511624332 3.63483476639 -0.01015823092705952 -0.01813449869729985 0.9997839518123054 1.1571239233
0.9969629576864726 -0.07749726466495384 0.007683421795361903 99.3810272217 0.07732738989144004 0.9967975620081747 0.020373883948099573 3.68706202507 -0.009237736390077491 -0.019717868647587393 0.9997629068346072 1.16124689579
0.9970296505628514 -0.07661084993454975 0.00791540086303485 99.949798584 0.07641123492330062 0.9968105459556105 0.0230230026098241 3.74029064178 -0.009653966853723774 -0.022349790692122888 0.9997035999635119 1.16944634914
0.9971991021581782 -0.07422655754535902 0.009185249582240642 100.517021179 0.07395867709101993 0.99690390007417 0.02669696798991838 3.79588747025 -0.011138435162480918 -0.02594286360203875 0.9996013720930245 1.17693567276
0.9975657387590122 -0.06892430792769819 0.010584735748908086 101.047332764 0.06858910533043522 0.9972145153934546 0.02930434982332982 3.83367466927 -0.01257503416125921 -0.02850701782518591 0.9995144913659619 1.18069314957
0.9980159582810348 -0.061662757980218676 0.01272207902284538 101.552352905 0.061253662527447246 0.9976601502339385 0.03036796769907672 3.86537241936 -0.014564883911797907 -0.02952844244912928 0.9994578206423547 1.18479835987
0.9985338100807093 -0.05185869160597288 0.015521154294006802 102.03087616 0.051367865480288336 0.9982137300312113 0.030507238045664686 3.88730025291 -0.017075494771770762 -0.029665220074903305 0.9994140294173415 1.18626356125
0.9990448983029979 -0.040075573555155196 0.017413775552026427 102.502662659 0.039547607872762465 0.9987769918686185 0.029673341999407684 3.9059484005 -0.018581654562853756 -0.028956327772991886 0.9994079513369948 1.18936014175
0.9994811136852231 -0.026652048577786604 0.01808788802358701 102.937286377 0.026118217872271702 0.9992342292312179 0.02913406644927994 3.91493463516 -0.01885051940194398 -0.028646525780656455 0.9994118442759098 1.19386911392
0.9997710399105387 -0.011506338082297392 0.018040840893264687 103.364501953 0.010993932817377355 0.9995404595491325 0.028248949812630795 3.91107034683 -0.018357592364120406 -0.02804414213780505 0.9994381045839447 1.19656705856
0.9998484679266832 0.006562613038060601 0.016123687381519647 103.769233704 -0.006993866409521426 0.9996153458088959 0.026837404047476386 3.90295910835 -0.01594136183988265 -0.02694610423557385 0.9995097700619118 1.20279061794
0.99955290912676 0.027298475697681273 0.012197339087462317 104.169082642 -0.027608602279339655 0.999279966393911 0.026025253965445166 3.87438225746 -0.011478106830513136 -0.026350369795655297 0.9995868701994939 1.20286786556
0.9985869588218403 0.052521961194102885 0.00809501471742555 104.559013367 -0.052705217405414916 0.9983122566455004 0.02438848682512189 3.85752463341 -0.006800421251520718 -0.024780674399546627 0.9996697817014907 1.2038025856
0.9968162704451639 0.07949669365061486 0.006131775796038445 104.942222595 -0.07961561997064893 0.9965715327850534 0.022506290212669366 3.81139445305 -0.004321577545503543 -0.02292282140287228 0.9997278970932291 1.20674216747
0.9941028106279703 0.10832610437719703 0.0050056979552912445 105.321914673 -0.10840496783052048 0.9939081152526942 0.019875144892302285 3.74131202698 -0.0028222068001503434 -0.020300579924888887 0.9997899387388783 1.20952296257
0.990102804229789 0.14029056134321277 0.003872396455109984 105.6953125 -0.14033763965170243 0.9899436073555382 0.017804526190941576 3.68981075287 -0.0013356471421041376 -0.018171754287939892 0.9998339879163992 1.21704149246
0.9843845216529354 0.17601235069652105 0.00260114059282163 106.052261353 -0.1760313829563558 0.98425447960903 0.01600223684387624 3.60265040398 0.0002564070427176369 -0.01621023663675455 0.9998685726052243 1.21926033497
0.9768497155192888 0.21391538776608926 0.002200037907363718 106.406860352 -0.2139260025003339 0.976768593654277 0.012600789852175508 3.50176000595 0.0005465749146238521 -0.012779723297287406 0.999918186617439 1.22786808014
0.9674004642503078 0.2532469830956601 0.001518986928590763 106.753227234 -0.2532494071758508 0.9673503138727867 0.009904949033450506 3.38005042076 0.001039005978294565 -0.009966734832509084 0.9999497910712095 1.23718929291
0.9558263467586919 0.29392923590988945 0.0012645629187355662 107.085121155 -0.2939262333994099 0.9557720451810389 0.01035214809128849 3.25850200653 0.0018341650913979582 -0.010266544106801764 0.9999456154764221 1.25128543377
0.9411492369399802 0.3379840473254946 0.0022130433047529313 107.410758972 -0.337983526477152 0.9410630524115142 0.0129409124828792 3.12846469879 0.0022912086895627844 -0.012927302088955858 0.9999138138976987 1.2573800087
0.9240368909177585 0.38228243557774144 0.0039954563986346605 107.737236023 -0.38230175713772796 0.9239528323625628 0.012511197330577229 2.98007059097 0.0010911977314258102 -0.013088277884770195 0.9999137494151793 1.26206183434
0.9047787438288172 0.4258496218110433 0.0052463624422606735 108.037490845 -0.4258817203277731 0.9046971867296322 0.012155682378294667 2.81315803528 0.00043012340157660804 -0.01323253289498889 0.9999123536925836 1.26198363304
0.8823875515419083 0.4705017949251744 0.004502205679122736 108.327079773 -0.47052226148913123 0.8823247026182467 0.010579252936194977 2.62626385689 0.0010051502084910701 -0.011453389093341995 0.9999339025912337 1.26582229137
0.8581966284110505 0.5133131277281855 0.002860049911690552 108.609039307 -0.51331210881877 0.8581353150627842 0.010698597188769737 2.43025302887 0.00303742055321407 -0.01064959828762689 0.9999386781861651 1.27941048145
0.8308869641156381 0.5564409000437781 0.0006145090160762749 108.875595093 -0.5564060812206088 0.8308215445252932 0.012158697853553953 2.24912238121 0.006255049447127406 -0.010444420100649325 0.999925891476551 1.28755545616
0.8013811320351532 0.5981531170109191 -0.0010629339314732486 109.138206482 -0.5980656041738168 0.8012919155985337 0.015773366825266165 2.03247404099 0.010286608898385997 -0.012004774338517587 0.999875027726192 1.29575407505
0.7691348272427793 0.6390862064573832 -0.0006619952118129633 109.389884949 -0.6389309242877819 0.7689699796894195 0.02127073869765231 1.79796898365 0.014102890147424874 -0.01593709672098193 0.9997735330751636 1.30927908421
0.7330549074885899 0.6801691978843998 0.0006040328897403482 109.631538391 -0.6799426184048578 0.7327871986137955 0.026475596764496657 1.55111145973 0.017565257845690567 -0.01981877384155034 0.9996492774569645 1.3054356575
0.6944861322604028 0.7195060400876312 0.0002652833617067616 109.863609314 -0.7192503800705836 0.694229439157817 0.02691424483063676 1.30558931828 0.019180794200629334 -0.01888237495387061 0.9996377108982706 1.30513751507
0.6549481811148308 0.7556734565487795 0.0007121254589159149 110.072952271 -0.7554651759171609 0.6547449393090288 0.024112909951815486 0.999402999878 0.01775522547034151 -0.016330692499429863 0.9997089878814669 1.32184803486
0.6117033220016994 0.7910821386445424 0.0028453066353093023 110.282073975 -0.7909393276457577 0.6115154294173408 0.021537399285629966 0.714499950409 0.015297902978798057 -0.015424963607375896 0.999763994481779 1.32960426807
0.566004964017799 0.8243856357977386 0.0051676105043775445 110.48311615 -0.8243033113355536 0.5658292995211224 0.01900670211884404 0.403668761253 0.012744866778755913 -0.015017566199327622 0.9998060017204542 1.33864212036
0.5197201906698189 0.8543068387552007 0.00712380982563028 110.646186829 -0.8542672610234258 0.5195537914220633 0.017067646665619253 0.0651911869645 0.010879804863616045 -0.014956038087134145 0.9998289587578797 1.33921742439
0.47042390438510895 0.8824014243794668 0.008311223513739526 110.801445007 -0.8824154986781781 0.47031868796161214 0.01196743275506913 -0.282380372286 0.006651155970898872 -0.012963718883607997 0.9998938464241879 1.36139941216
0.4192677728469041 0.9077922976153235 0.011299515199011588 110.950408936 -0.9078447748438369 0.4191490223726938 0.011487464219852526 -0.640038967133 0.005692050788941516 -0.015074529370802796 0.9998701711332653 1.37109684944
0.3693849510565108 0.9291753924764073 0.013705763349705016 111.088523865 -0.9292369936237338 0.3691931371349484 0.014664145842316999 -1.01176953316 0.008565489700464597 -0.01815261712464886 0.9997985371452176 1.3850325346
0.31896761450154054 0.9476526216522702 0.014634533660192931 111.202285767 -0.9476565328968366 0.3186586155083957 0.02009433803077731 -1.37901556492 0.014379031880450555 -0.020277954495645015 0.9996909762539892 1.3822081089
0.2726405919659992 0.9620134535736988 0.014043601977691614 111.304763794 -0.9619518042170978 0.2722954144160702 0.022448466591837506 -1.80112338066 0.017771718453018417 -0.019629631480476476 0.9996493603214918 1.38209617138
0.22957993542043387 0.9732512873794271 0.008659380327185332 111.392112732 -0.9730891218939012 0.22934284642959035 0.022347698860140024 -2.21883797646 0.019763959753027256 -0.013556932059838132 0.9997127564895859 1.38720214367
0.19363554908131075 0.9810719415588701 0.0017662439607262145 111.466522217 -0.980853750328173 0.19355375171169198 0.02151431303405751 -2.66526722908 0.020765225714593657 -0.005898362830328176 0.9997669802093605 1.39798903465
0.16230107763952428 0.9867400119356575 -0.0015839961064682273 111.531799316 -0.9865090445274758 0.16229749568496643 0.02143427071940779 -3.11326670647 0.021407131146738548 -0.0019161787506662593 0.999769004818144 1.41811096668
0.13392703340487522 0.9909873872229498 0.0027473787635396707 111.597694397 -0.9908084329766049 0.1338485776845877 0.01957568379206616 -3.57006168365 0.019031522994320673 -0.005343839304652976 0.9998046031670405 1.44498550892
0.10822572002549413 0.9940751684412855 0.010087269815040852 111.659439087 -0.9940120091780477 0.1080538124150332 0.016263432335329786 -4.06373071671 0.015077106277817274 -0.01178698901054411 0.9998168571075168 1.45435214043
0.0851494379278579 0.9962543244383941 0.015063009577292117 111.702590942 -0.9963032312075231 0.08496152682187397 0.012704741032437001 -4.57302188873 0.011377376902228209 -0.016089126671498564 0.9998058287976586 1.45379590988
0.061580649940561116 0.9980314722414113 0.011874509186707446 111.732803345 -0.9980582643547892 0.06146207236959622 0.010105177535618409 -5.08886814117 0.009355453270148518 -0.012473735429358515 0.9998784333200454 1.45808398724
0.04122665252303348 0.9991390367935516 0.004642012243259402 111.742584229 -0.9990996087205758 0.041177558824484484 0.010216677753371118 -5.63827705383 0.01001673483751743 -0.005059032039596425 0.9999370336266266 1.47211551666
0.02339768521454999 0.9997248576151634 -0.0016605395966585931 111.742668152 -0.9996563845709472 0.02341565283953273 0.011782189416691506 -6.17859172821 0.011817830255724646 0.0013842930505307003 0.9999292088047018 1.49147605896
0.008569464352248035 0.9999566650155018 -0.003637632597769687 111.738296509 -0.9998259126285569 0.00862852622197019 0.016543668602679813 -6.7668337822 0.01657433909131883 0.003495228953535238 0.9998565270368786 1.50413239002
-0.002664248550166892 0.9999963521460224 0.0004443797760346011 111.754364014 -0.9997726223509611 -0.002673053620471655 0.021155575645647372 -7.34674358368 0.02115668632417577 -0.0003879150222543936 0.9997760970065827 1.51176846027
-0.010617670638825794 0.9999436284987084 -6.996311709890277e-05 111.75617218 -0.9997054836772699 -0.010613614975656382 0.021824231545226065 -7.97392606735 0.021822258718944144 0.00030166501431385 0.9997618206466091 1.51086628437
-0.0129577872339941 0.9999035283303565 -0.0050029772957436444 111.735328674 -0.9997456285533389 -0.012863045883928725 0.01852620410111893 -8.62106132507 0.018460063320770256 0.00524176329217515 0.9998158580357595 1.52895510197
-0.013294839843694395 0.9998839924370739 -0.007432960379472292 111.728347778 -0.9997782045484926 -0.013171269647425099 0.016433483016151374 -9.29452514648 0.016333675082406764 0.007649792307462009 0.9998373326376421 1.54688608646
-0.011375695252504148 0.9999127160003607 -0.006719668079089241 111.729034424 -0.9998194046132767 -0.011271810609466582 0.015300472055670401 -9.97030448914 0.015223393743323724 0.006892508045349952 0.9998603610583733 1.57562315464
-0.008716380375778154 0.9999547284152321 -0.0038165211893056127 111.737129211 -0.999836988445534 -0.008654875458589006 0.01584580915528636 -10.6369466782 0.015812060274810563 0.0039540171522052655 0.9998671634263353 1.58315563202
-0.00851683565868211 0.9999583694993615 -0.0032745652591777844 111.740943909 -0.9998222818333085 -0.00846050736990156 0.016847093629921078 -11.3379583359 0.01681868779347654 0.003417467237224768 0.9998527154829294 1.60031950474
-0.006909689945896691 0.9999738629696494 -0.002128277158570757 111.743919373 -0.9998169975248908 -0.00687060671822981 0.017854025453415315 -12.0533790588 0.017838936246856438 0.0022512534587397336 0.9998383390385894 1.61688637733
-0.006106764415496957 0.9999799276127496 -0.001688727806718339 111.732772827 -0.9998292028338421 -0.00607636827106417 0.017454022771537753 -12.7931814194 0.017443411095557623 0.0017950269819474347 0.9998462408228006 1.63650977612
-0.005802840598456371 0.9999827004016083 -0.0009622574522931381 111.743675232 -0.9998529683355767 -0.005786554941253019 0.016141793374849365 -13.5524730682 0.016135945972684484 0.0010557842238980292 0.9998692497358038 1.64773321152
-0.005880203468139444 0.9999816654315885 -0.001446378025840779 111.744316101 -0.9998740486460209 -0.005858235915268684 0.014750183650692774 -14.334608078 0.014741439988733243 0.0015329299336159794 0.9998901640044657 1.66809666157
-0.005877992293069845 0.9999799042494775 -0.002374932401038716 111.740493774 -0.9999034424143451 -0.005847603829136516 0.01260600561243569 -15.0888977051 0.01259186462148905 0.002448801087135513 0.9999177207743594 1.6860268116
-0.006689734290856064 0.9999759169246878 -0.001847437537898242 111.743728638 -0.9999172269172516 -0.006669014021174258 0.011002888975528957 -15.8915338516 0.010990303405282943 0.0019208910234779913 0.9999377597674446 1.70185685158
-0.008275881168727128 0.9999657338526394 -0.0002022692864387587 111.74723053 -0.9999160439890421 -0.0082734526850623 0.009972710534405006 -16.6766853333 0.009970695342658327 0.00028478527202190074 0.9999502508283764 1.71635079384
-0.008886497093901657 0.9999597973947482 -0.0011973981686939092 111.743110657 -0.9999330836895896 -0.008877377554115662 0.007417567627615872 -17.483133316 0.007406639666450447 0.0012632342363985 0.9999717725656636 1.72981858253
-0.010369711814457672 0.999944728687061 -0.0017345455943794286 111.738479614 -0.9999305971252742 -0.01035983351271863 0.00561023910853854 -18.2811660767 0.005591959419678022 0.0017926017746924792 0.9999827581357221 1.74688601494
-0.01214526775645397 0.999925743785452 -0.0009996933420670646 111.730491638 -0.9999167078188672 -0.012140779650423483 0.0043793714961935975 -19.1270618439 0.004366909244059256 0.0010527987148529344 0.9999899108083642 1.76567530632
-0.011964016007890987 0.9999279884940621 0.0009381608887956911 111.723831177 -0.99989323836137 -0.011971460991213934 0.008378305295221926 -19.9354076385 0.00838893311733023 -0.0008378225505259211 0.9999644612957637 1.78339958191
-0.013942220788214055 0.9999028024705205 -9.494499069451212e-06 111.714569092 -0.9998194240856146 -0.013940935572165802 0.012913927966979231 -20.7746562958 0.012912540402891168 0.000189541619556431 0.9999166117103555 1.79641771317
-0.014836271046692384 0.9998898987370161 -0.00027471172772426666 111.70501709 -0.9997843800737868 -0.014830712212503205 0.014534212643554284 -21.6065635681 0.014528538237800469 0.0004902860126212967 0.9998943350156049 1.81836593151
