1.0 0.0 0.0 0.0 0.0 1.0 0.0 0.0 0.0 0.0 1.0 0.0
0.9999978703549641 -0.0018681329059355304 -0.0008771345291029754 0.563101410866 0.0018664234635792695 0.9999963653806669 -0.0019456846893178418 -0.00526965968311 0.0008807661386455496 0.0019440434412342676 0.9999977224704601 0.0144917080179
0.9999931174994434 -0.0030369837284632004 -0.0021311226096289936 1.13025307655 0.0030321349110319163 0.9999928157064941 -0.002274795216903832 -0.0064323223196 0.002138015815077991 0.0022683177093601415 0.9999951417997708 0.027702447027
0.9999831574740697 -0.00475089543021386 -0.0033337307631331053 1.67897319794 0.0047419377673488675 0.9999851395041045 -0.0026897578268529655 -0.00225134915672 0.0033464599804087633 0.0026739041807251444 0.9999908256789318 0.0388510264456
0.9999640617962058 -0.006729906351772067 -0.005155916652756473 2.23558783531 0.006706967178782355 0.9999675907464566 -0.004453543307270455 0.00402100756764 0.00518572148273794 0.004418802691156869 0.9999767909684104 0.0438790656626
0.9999399027289668 -0.008573856012095734 -0.0068322707402611906 2.80041265488 0.008527643673818272 0.9999407586576063 -0.006764500618892915 0.0105468230322 0.006889863841671078 0.006705830920509797 0.999953779735798 0.0586055181921
0.9999239333889662 -0.009952885599780687 -0.007284744619823808 3.36345434189 0.00989287954023727 0.9999172168293787 -0.008227418950773795 0.0171821396798 0.007366028125165453 0.008154726017891417 0.9999396192136966 0.0682943537831
0.9999119413829469 -0.011414770817832752 -0.006768492222241475 3.94280219078 0.011358479528087778 0.9999010626009422 -0.008297587138235958 0.0191887784749 0.006862537620749368 0.008219976683845382 0.9999426671368318 0.08078212291
0.9998928641402067 -0.012848514327039632 -0.0070125545332586645 4.53319311142 0.01278849173947579 0.9998817709976378 -0.008538062172228305 0.0319637805223 0.007121426860077182 0.008447467443875345 0.9999389609237461 0.0927618518472
0.999861108480973 -0.013864720758843947 -0.009248419620626783 5.11491107941 0.013787545161968253 0.9998700241266256 -0.00835694031494644 0.0374668166041 0.009363084193074338 0.008228266603615433 0.9999223111237658 0.108868010342
0.9998013854028097 -0.015268689639075546 -0.012808468422419981 5.71662187576 0.015180760647208627 0.9998607204396857 -0.0069342791986715495 0.0587481074035 0.012912561821524986 0.006738459656223675 0.9998939238282564 0.122625492513
0.9997227545265958 -0.016803606402093385 -0.016494025998505486 6.32599925995 0.016717643769863393 0.9998460125827308 -0.005335870050675092 0.0685718655586 0.016581147986185884 0.005058649453882923 0.9998497265075201 0.132114306092
0.9997020919847323 -0.017903445958260884 -0.016588969352231787 6.94523429871 0.01785316282148415 0.9998355807388888 -0.003174281934292511 0.0894558355212 0.016643072391215194 0.0028771707193755163 0.9998573548411954 0.146523073316
0.9997638910804041 -0.01907266459199622 -0.010411318702786273 7.58566808701 0.019069321007053934 0.9998180756092803 -0.00042033473014463737 0.110753744841 0.010417441533299099 0.0002216987069154018 0.9999457124072204 0.158677354455
0.9997986928876703 -0.0200322972779233 -0.0011317092713190719 8.25633430481 0.02003271453997186 0.999799260737922 0.0003585750474733846 0.123845651746 0.0011242990108876283 -0.00038117407254059784 0.999999295328782 0.164022624493
0.9997554095382661 -0.02119032774512534 0.006331754024573433 8.92457962036 0.02118384952719967 0.9997750045759435 0.001088459636802907 0.143889978528 -0.006353394225332856 -0.000954062485457903 0.9999793618603292 0.180909112096
0.9997272592872337 -0.02237164328728079 0.006701985874590468 9.60136318207 0.022358179914298292 0.9997478669275186 0.002077104907484901 0.166914671659 -0.006746764332360667 -0.0019266941904448548 0.9999753842073014 0.194908887148
0.9997289292354546 -0.023281306096713663 0.00022098905626488928 10.2921543121 0.023280224093030367 0.9997208155099943 0.0040400745303490315 0.184529870749 -0.0003149855713424268 -0.004033834709505321 0.9999918144473114 0.195925399661
0.9996851254974372 -0.02442220520358874 -0.005762443246361918 10.9954814911 0.02444686040229512 0.9996921067736829 0.004247666520163461 0.209051713347 0.00565693164572755 -0.004387202683900739 0.9999743754601744 0.189332783222
0.9996489986227495 -0.025969247816819307 -0.005241919530322326 11.7325677872 0.025987880393363923 0.9996560667838129 0.003518268747093866 0.230921521783 0.005148749867099767 -0.003653260207703827 0.9999800718337645 0.190043136477
0.9996503756672767 -0.02627721883913749 0.002938400645295738 12.4866161346 0.026269153837343146 0.9996511225417571 0.0027504104556250555 0.255834519863 -0.003009648640987258 -0.0026722595466177287 0.9999919004891855 0.195918291807
0.999577931781447 -0.02693968474331574 0.010872519554149918 13.2633209229 0.026918329821408786 0.9996354182532796 0.002105728666409837 0.279001951218 -0.010925283298407671 -0.0018121698379144565 0.9999386752323005 0.199643462896
0.9995170846679581 -0.027836180904186218 0.013811027823246252 14.0566110611 0.027825872811249323 0.9996123453367226 0.0009380046420398821 0.296692728996 -0.013831784380810723 -0.0005532477616141387 0.9999041832384525 0.198584064841
0.9995073046009166 -0.02811272627909756 0.013957889187404074 14.8589334488 0.02813714582515456 0.9996028607842595 -0.0015561930275276587 0.318064928055 -0.013908597133618516 0.0019481614618598838 0.9999013729326975 0.195124521852
0.9995410241685957 -0.02798195793810037 0.011608231301341277 15.676779747 0.028008311631511365 0.999605455110567 -0.0021139046214267198 0.339760959148 -0.011544500142804061 0.0024380613500742084 0.9999303877637213 0.196200445294
0.9995827179925402 -0.027515729928843307 0.008790591398152393 16.5028686523 0.02751940293879401 0.999621225353702 -0.00029712666661822805 0.365020722151 -0.008779086087891491 0.0005389145077622158 0.9999613178611534 0.187937065959
0.9996411048995562 -0.026607469000482904 0.003115122563011133 17.3523712158 0.026616687617114245 0.9996413420233756 -0.0029562236040624195 0.385463178158 -0.0030353476715521297 0.003038076874043828 0.9999907783341906 0.180780664086
0.9996577249805981 -0.02600221817987717 -0.0028840139287958796 18.2196769714 0.02598505708639548 0.9996452942513603 -0.0058363078507566125 0.412124276161 0.003034747902576336 0.005759368961796113 0.9999788097626517 0.186916783452
0.9996682061011248 -0.02469098554201326 -0.007337093670031522 19.0926856995 0.02465459778431698 0.9996834793869641 -0.0050091764659101375 0.433397144079 0.0074584528323424154 0.0048266213583797925 0.9999605368251342 0.20175357163
0.9996616800362126 -0.024327179505583746 -0.00920401023905811 19.9956741333 0.02430698327162758 0.9997018962180378 -0.0022998396233313797 0.466158717871 0.009257215100147416 0.002075339818760824 0.9999549974539986 0.208564057946
0.9996659738971412 -0.024324882028872872 -0.008731594731881499 20.9000663757 0.024306407637692092 0.9997021001388983 -0.002215744937192247 0.490777343512 0.00878289132522695 0.0020027711196657005 0.9999594240407016 0.22478890419
0.9996665286397987 -0.02409700197045947 -0.009282565016730868 21.823551178 0.0240811780156638 0.9997083629165426 -0.0018127272557459917 0.520162820816 0.00932353916879603 0.0015885876625123304 0.9999552730030511 0.241209864616
0.9996448713488222 -0.024244093535746136 -0.011061424620102315 22.7582874298 0.0242535754674758 0.9997055767162083 0.0007238505069635504 0.557013332844 0.011040618779745512 -0.0009918725437110143 0.9999385585753843 0.257879644632
0.9996333290885213 -0.024177160012846716 -0.012193125485838714 23.7084236145 0.024237973641819215 0.9996943812154329 0.004864647986373364 0.588351309299 0.012071785664874964 -0.005158400915599264 0.9999138277325978 0.275046318769
0.9996378512983576 -0.024045568990610056 -0.012082088541306121 24.6682529449 0.024127791984973904 0.9996863884185901 0.006706300360484603 0.623048305511 0.011917042650422023 -0.006995385801585143 0.999904519777741 0.294020116329
0.9996347694636332 -0.02408467996600914 -0.012257890125279971 25.6459579468 0.02417998179619702 0.9996780688341509 0.00768681809060387 0.651869475842 0.012068809374751875 -0.007980406189998877 0.999895323000022 0.315834373236
0.9996377888529647 -0.024081996650882048 -0.012014513492509368 26.6330776215 0.024183264883957434 0.9996726202630671 0.008355955715859145 0.674441933632 0.011809352086678382 -0.008643479257796231 0.9998929090005653 0.336918473244
0.9996332576999505 -0.024775492058747777 -0.010932753241090979 27.6204414368 0.024874055446601224 0.9996503181038843 0.008973454209035977 0.708998084068 0.010706608511712163 -0.009242105174103109 0.9998999710101644 0.358163297176
0.9996412902742285 -0.025245189089165586 -0.008942662172283181 28.6210613251 0.02533077952851777 0.9996331181098673 0.009590661417302715 0.740396022797 0.008697263210512528 -0.009813745757659956 0.9999140203071717 0.377306997776
0.9996525398704027 -0.025204417235245042 -0.007716014676295361 29.6262893677 0.025283161943676243 0.9996274329172679 0.010283826202500474 0.767197847366 0.0074539420968346625 -0.010475338231535857 0.9999173496025319 0.397353887558
0.9996331811925998 -0.02584912421988038 -0.008082439967454974 30.6494522095 0.025929098310847207 0.9996142481909999 0.009951717154741586 0.803731560707 0.007822078978682114 -0.010157637058231157 0.9999178153677654 0.420350700617
0.9996193998146352 -0.02607613920240711 -0.009005025181780812 31.6667137146 0.0261749162584611 0.9995965117166723 0.0110312067663713 0.834010839462 0.008713740476418173 -0.011262714067069893 0.9998986058589905 0.439784765244
0.9996153082614037 -0.026455886707585804 -0.008325956279911268 32.7058639526 0.02655211006240497 0.9995793464775077 0.011666856767493522 0.863980174065 0.008013796896199825 -0.011883440331598478 0.999897276176504 0.456437468529
0.9996190218541863 -0.027019786554421586 -0.0056340289166221386 33.754032135 0.027082489496762226 0.9995685715613299 0.01136703609127275 0.900680303574 0.005324463347380619 -0.011515289027898175 0.9999195208658876 0.474235504866
0.9996168879616576 -0.027579310202338572 -0.002336439730381587 34.8178291321 0.02760482223751408 0.9995504496664221 0.01169924616752172 0.936778962612 0.0020127322439337063 -0.01175926104890128 0.9999288318117935 0.487838715315
0.9995976975181882 -0.028358385053081653 0.0004950894046001655 35.8618812561 0.02835054896664042 0.9995280291445521 0.011830694303299739 0.963742315769 -0.0008303551213283787 -0.011811898729211998 0.9999298923218485 0.505885601044
0.9995737601562343 -0.029166651314117078 0.0012666721150791705 36.9320640564 0.029151216033240734 0.9995160956073382 0.010852705913502953 1.00323319435 -0.0015825962560725815 -0.010811155025359972 0.9999403053763298 0.520620763302
0.9995562421664469 -0.029785801140819114 0.000353265467984869 38.0078544617 0.029780624966839205 0.9995039972266205 0.010240796091716919 1.0339615345 -0.0006581205632445914 -0.010225731191813605 0.9999474992712953 0.532836019993
0.9995357232757889 -0.03046825563527755 -0.0001526240129143809 39.0933685303 0.03046812657004244 0.9994773880116214 0.010800190589929792 1.06894743443 -0.00017651871802807582 -0.010799826480564946 0.9999416645930561 0.542755663395
0.9995043697238158 -0.03146912027233 0.0008422424138773446 40.1514663696 0.03145832080823494 0.9994477751238919 0.010701348131383473 1.11265766621 -0.0011785393180871158 -0.01066954868719953 0.9999423842281551 0.552065730095
0.9994832876400996 -0.03199386668968074 0.0030903434080619646 41.2266578674 0.03195684810230476 0.9994246291350888 0.011365321709276552 1.15409016609 -0.0034521859021546474 -0.011260691472199637 0.9999306372144343 0.563869595528
0.9994416255062675 -0.03294332111359088 0.005583439745987227 42.3074226379 0.032879977842119816 0.9993978842773275 0.011080431359098131 1.19378113747 -0.005945104077469325 -0.010890660953716848 0.9999230216579171 0.575039505959
0.9994091793658029 -0.0338372972752555 0.006027396824415435 43.3962554932 0.03376704936935948 0.999364730241329 0.011398347536534686 1.23910284042 -0.006409257075529613 -0.011188085751475682 0.9999168706252323 0.588470757008
0.9994093279268821 -0.03423445816179854 0.0029995211461140343 44.4504241943 0.03419904078787016 0.9993527826351475 0.011155332741667166 1.27157258987 -0.0033794765759675113 -0.011046162852130309 0.9999332784862781 0.598905682564
0.9994171893106596 -0.03412227351385511 -0.0009757871833794847 45.5287094116 0.034132133330294225 0.9993315648159334 0.01309278567995367 1.31647086143 0.0005283793188644225 -0.013118460762751244 0.9999138096868708 0.616385519505
0.99942422576906 -0.03388927276748174 -0.0016535226658712693 46.6043663025 0.03391063078620349 0.9993078294773765 0.01529480516047433 1.36224102974 0.001134048322214802 -0.015342070802414648 0.9998816603968175 0.62421298027
0.9994382914333106 -0.033508508619837854 0.0005305345793851929 47.6792869568 0.033496912066981424 0.999328023683115 0.014881463757892307 1.40581214428 -0.0010288337293193502 -0.014855333442060482 0.999889124138013 0.638451874256
0.9994198235573116 -0.03396200236956887 0.002568788765633499 48.767288208 0.033916408009822124 0.9992951368608054 0.016090578425173887 1.44527387619 -0.003113446383723328 -0.015994118962756165 0.9998672384923016 0.647320568562
0.9994168349935312 -0.033911783318667024 0.003997609743340775 49.844329834 0.03385131568887417 0.9993241310934468 0.014330716676400247 1.48773670197 -0.004480888041946273 -0.014187035154494125 0.9998893187127667 0.658632278442
0.9994182494144684 -0.033896668341597914 0.0037654498615729516 50.917514801 0.033837128684117763 0.999316482505842 0.014886789934930469 1.52711904049 -0.004267488691814114 -0.014750717524649624 0.9998820954856494 0.670298695564
0.9994417926122005 -0.03330763049639893 0.0025893881184094777 51.9883651733 0.0332702938066531 0.9993575303688773 0.013327191941238237 1.56540358067 -0.0030316216999131556 -0.01323360290075916 0.9999078362649899 0.683010339737
0.9994496943663217 -0.03316963177598964 0.0002897566409781311 53.0698623657 0.033162228794585955 0.9993500763742921 0.01413122188883744 1.60107135773 -0.000758295747889214 -0.014113836421798379 0.9999001073152345 0.69435864687
0.9994592200940413 -0.032831508440848894 -0.0018328727477545904 54.1394386292 0.03285241181760279 0.9993774292963109 0.012863625105858069 1.6438434124 0.0014093994386354624 -0.012916883006201516 0.9999155802999704 0.706877350807
0.999449654800414 -0.03283633746807535 -0.004707702307473521 55.2175216675 0.03289004471521696 0.9993890201967961 0.011825027218529115 1.68378269672 0.0043165354121273486 -0.011973355910963162 0.9999189998546208 0.724366903305
0.9994393029340345 -0.03289623400791968 -0.006238392327058367 56.289150238 0.032963555639885726 0.9993958594804097 0.011014538255791134 1.71999526024 0.005872286633524489 -0.011214002029084744 0.9999198779943247 0.749511480331
0.9994686114378669 -0.03229519843904154 -0.004417568137105756 57.3642234802 0.03234206942699178 0.9994164835056099 0.01098558339195876 1.75079858303 0.004060208817620984 -0.011122619073984551 0.9999298985675408 0.771897137165
0.9994803166482266 -0.03222387127884449 0.0008477927612346932 58.4470329285 0.032213154054876694 0.9994253765927217 0.010546531578389239 1.78880000114 -0.0011871556756896063 -0.010513740642684758 0.9999440243929157 0.787497699261
0.9994652102574945 -0.03204797259118533 0.0064977640567523386 59.5377807617 0.03199408162686071 0.9994541351533296 0.008234711031002005 1.83322429657 -0.006758122949189604 -0.008022417198386377 0.9999449827848024 0.795756042004
0.9994562861402054 -0.03186947541254858 0.008453912216051077 60.6196670532 0.03182175115613383 0.9994771867811847 0.005720948988214888 1.86122596264 -0.008631816042110215 -0.00544882013812379 0.999947899698238 0.809118330479
0.9994713480721237 -0.03192443131575848 0.006152647239830606 61.6925582886 0.03191103273865778 0.9994881497822629 0.0022637213569229662 1.89224874973 -0.006221766022978302 -0.002066187308763921 0.9999785100178706 0.817106842995
0.9994860948434802 -0.03192701920491373 0.002865599277611113 62.7614822388 0.03192649053589353 0.9994901931869039 0.0002300549238729714 1.92598068714 -0.0028714833435484555 -0.00013844816924508442 0.9999958676992182 0.82629519701
0.9994978315544103 -0.0316807214729374 -0.0006454494447806769 63.8459472656 0.03168213070929737 0.9994953383164685 0.002304620872726258 1.96890473366 0.0005721116592076823 -0.0023239127785207115 0.9999971360547225 0.8422960639
0.9994923779637592 -0.03155584483052827 -0.004383497391608436 64.9247817993 0.03156633864165283 0.9994989063745991 0.002345723926977628 2.0040268898 0.004307279548753643 -0.002482904148919552 0.999987641188568 0.858318328857
0.9994804065879269 -0.03181025676159053 -0.005198500898764069 66.0094451904 0.03183794945078248 0.9994788106186483 0.0053340509092184366 2.0481364727 0.005026113966295123 -0.005496788980340974 0.9999722613599357 0.87926697731
0.9995371463521918 -0.030341345645075946 -0.002212646958681967 67.1027145386 0.030362257532862518 0.9994876770433233 0.010125055854186516 2.09454369545 0.0019043055495026912 -0.0101875503919389 0.9999462922764332 0.89079362154
0.9995304301040442 -0.03064177430299457 3.104173844462887e-05 68.1983718872 0.030639521831452375 0.9994682550718986 0.011154676394903603 2.13061857224 -0.000372824308672974 -0.011148487390646672 0.9999377841800637 0.90823674202
0.9995327321862066 -0.03055256098308594 0.000926447921769028 69.2877197266 0.03054136260518437 0.9994799932066599 0.010342550451108363 2.17666506767 -0.0012419575659341749 -0.010309422728256459 0.9999460852188055 0.919050455093
0.9995127773464783 -0.031168013890984565 0.001662176651277153 70.3784866333 0.03115234782332684 0.9994764425061748 0.008739113244185102 2.21252799034 -0.0019336872092251699 -0.008683074645056403 0.9999604317514195 0.931958913803
0.9995004365945677 -0.031432927639714725 0.003293676860976923 71.4604949951 0.03140429553176399 0.9994713702495609 0.008411318185536117 2.25307631493 -0.0035563280812805926 -0.008303680597250866 0.9999591998772336 0.944812178612
0.9994892058530691 -0.03153668004582351 0.0051735089532184446 72.5503692627 0.03149962411705984 0.9994785867884306 0.00709423934512496 2.28428912163 -0.00539454017369567 -0.006927652061797988 0.9999614525436593 0.955914795399
0.9994524449331335 -0.03224237248936615 0.007432343737960136 73.632522583 0.03219848778407143 0.9994637806963191 0.005950500872987233 2.3188931942 -0.00762021663742135 -0.005707932417030174 0.9999546748757773 0.967544734478
0.9994216398946437 -0.03338535154392396 0.006465602260463151 74.7108230591 0.03335363192801848 0.9994313390958279 0.004953147517621289 2.35831570625 -0.0066272880963602785 -0.004734631496712867 0.9999668306084348 0.98186403513
0.9994254727699042 -0.03373040513450698 0.00331423416736007 75.7861328125 0.03371421987231005 0.9994198730665934 0.004823763878614551 2.39265942574 -0.003475019000754731 -0.004709255675488111 0.999982873430304 0.995587825775
0.9994101780752092 -0.03431151941304462 0.0014197166083729955 76.8614730835 0.03430280525417694 0.9993948627005028 0.005764196347996057 2.43483781815 -0.0016166358197932352 -0.005712096236278119 0.9999823790673582 1.00766050816
0.9993726630247909 -0.03531558733591754 0.0026626471521633455 77.9429779053 0.03529373586646865 0.999346151905437 0.007849896839029041 2.48490214348 -0.002938129902793059 -0.007750997543196292 0.9999656441247168 1.01714277267
0.9993397019142546 -0.035756273799458074 0.006453608440867311 79.0136489868 0.0356950328848315 0.999318825520977 0.009367474938688624 2.53074288368 -0.006784158406216868 -0.009130927847395918 0.9999352985825458 1.02943313122
0.9992709124927713 -0.03662456786355184 0.010783527932582138 80.092338562 0.03651321505825063 0.9992795910569732 0.010348141046533097 2.57090687752 -0.011154755576642316 -0.009946855071684186 0.9998883095137218 1.03865158558
0.9992407243487545 -0.037116137317415025 0.011847664479202052 81.1591491699 0.0369854518674825 0.9992545389469834 0.011065384946330071 2.61839914322 -0.012249536853901464 -0.010618792044631255 0.999868586416424 1.04723083973
0.9992393152941355 -0.037646664520402294 0.010174449419726294 82.2081604004 0.037534245118671115 0.9992345426346452 0.011023123382323223 2.66265726089 -0.010581645140421158 -0.010632847982487618 0.9998874793345016 1.05109357834
0.999207916585006 -0.03868155026687927 0.00934222151324673 83.2635879517 0.03858270032791091 0.99919983086709 0.010539128549618445 2.70887684822 -0.009742415986720212 -0.010170332547643221 0.9999008199149614 1.05466794968
0.9991936807404336 -0.039041928915959756 0.009365690305909677 84.3016586304 0.03894139231297866 0.9991843454232244 0.01068699330446748 2.75795340538 -0.009775291970665219 -0.010313663155455068 0.9998990309122237 1.06320476532
0.9991499245405966 -0.04010104235719262 0.009556918561335956 85.3278045654 0.04001162834747681 0.9991552754024031 0.009370444628328038 2.79905724525 -0.009924610194095998 -0.008980091169682815 0.9999104260257914 1.07167780399
0.9991045622773408 -0.040816091474337936 0.011140929645243084 86.3446731567 0.04071765274348179 0.9991308386258968 0.00892412806787719 2.84009861946 -0.011495494407071311 -0.008462504562428422 0.9998981146221187 1.08051681519
0.9990506772718353 -0.04129545055142253 0.013871914303483562 87.3371887207 0.041182423062846946 0.999116859422402 0.008337220675368368 2.89176893234 -0.014203952737209 -0.007758026918754186 0.9998690217948385 1.08844709396
0.9990049170815961 -0.041919918016327336 0.015228135811643295 88.3153991699 0.041808709167820486 0.9990971117483417 0.007549379699185348 2.93562436104 -0.01553085588478825 -0.0069051987390851425 0.9998555449392976 1.09425532818
0.9989160126848097 -0.04375990777758616 0.01587041502854661 89.2709884644 0.0436618288001652 0.9990253854739497 0.006474865593298083 2.97884321213 -0.016138287012760336 -0.005774915577163395 0.9998530922302388 1.10033762455
0.9987984427077055 -0.04664900534108695 0.015018027345471809 90.2027053833 0.04656463091573284 0.9988977375416606 0.005919888667292097 3.02398848534 -0.01527763045578977 -0.005213466681469951 0.9998696983971549 1.11006307602
0.9986416033277123 -0.050103984564071204 0.014301707375640748 91.1053009033 0.05002666994693373 0.9987315384514962 0.0057137025060254405 3.07237291336 -0.014569845471922471 -0.00499047423699578 0.9998814003519688 1.11420357227
0.9984730071101507 -0.05320980786354384 0.014844878562524286 91.9895095825 0.0531329630006303 0.9985721672187483 0.005524047322787315 3.12195134163 -0.015117616054953785 -0.004726859758390382 0.9998745493718897 1.11910390854
0.9983120800908487 -0.05591235710290316 0.015709839842600465 92.8586349487 0.055817995862655435 0.998420560482508 0.00638245592783752 3.17751526833 -0.016041885255770404 -0.005494791078070333 0.999856222258205 1.12310552597
0.9981314673915376 -0.05875083464446104 0.016790271927336033 93.6935577393 0.0586360704061539 0.9982531127730659 0.007248040163235303 3.23519635201 -0.017186769624896205 -0.00624998139697276 0.9998327623569844 1.1282491684
0.9979262619737024 -0.06172730118995736 0.018245984517014608 94.5157394409 0.06159055094493072 0.9980697215741298 0.007964603645914475 3.27987980843 -0.018702398174852943 -0.0068243069055332044 0.9998018049282408 1.1325968504
0.997741696262209 -0.0644250402884026 0.018997939984317123 95.3092269897 0.0642490494585441 0.9978864251455376 0.009733558133229419 3.33806705475 -0.019584871290962497 -0.008490977216852295 0.9997721421015987 1.13516592979
0.9975381226581896 -0.06729140747655943 0.019737282573832882 96.057434082 0.06706982126085151 0.9976798879815523 0.011682473760111252 3.39843463898 -0.020477619969447528 -0.010329936928263351 0.9997369451427935 1.14084136486
0.9973917829395811 -0.06962110557131053 0.019040298937471476 96.775100708 0.06938611626903628 0.9975085702761135 0.012736526009879073 3.45558977127 -0.01987959239269309 -0.011382173989576092 0.9997375895311584 1.14291536808
0.9972704955234291 -0.0721894134993125 0.015499914099006612 97.4780960083 0.07196968502895974 0.9973043727146373 0.014295195035158095 3.51158714294 -0.01649009385308743 -0.013140652300634114 0.9997776753167826 1.14982092381
0.9971563982791325 -0.07444649527863424 0.01169772250122877 98.1344070435 0.07425298223114497 0.9971080400122425 0.016187994709807686 3.57429409027 -0.01286903262754171 -0.015273371719164775 0.999800536164869 1.15423870087
0.9970245749543817 -0.07657700360180505 0.008829465238935793 98.7637634277 0.07640311984670398 0.9969037487152181 0.01858706741897273 3.63088607788 -0.010225468924534992 -0.01785716430221726 0.9997882583169083 1.15677690506
0.9969705418380519 -0.07738329545365426 0.00784629160023925 99.3577575684 0.07721194315214751 0.9968102249487085 0.020191366283066992 3.68242263794 -0.009383738157742587 -0.01952436996268728 0.9997653446863155 1.16147911549
0.9970360987245506 -0.07652179448927407 0.007964471625010268 99.9326095581 0.07632175034153663 0.9968189420467062 0.02295620181313299 3.7364590168 -0.009695785936603763 -0.022280299482332833 0.9997047464076825 1.16965460777
0.9972096423406168 -0.07407421514975898 0.00927037608992239 100.502639771 0.07380637926601885 0.9969204392840143 0.026500115422598558 3.79338431358 -0.011204802655199717 -0.025741957728923417 0.9996058243176361 1.17739212513
0.9975811880920629 -0.06867387727762528 0.010755079938423492 101.032348633 0.06833513527046126 0.9972347802162466 0.029207916985257314 3.82868027687 -0.012731160685184192 -0.02840231868540987 0.9995154955481679 1.18079054356
0.9980252214794659 -0.06149847558330219 0.012790417968007776 101.53729248 0.06109021399124096 0.9976759660628698 0.03017701931980464 3.85898852348 -0.014616533288394327 -0.029336057019535865 0.9994627320281516 1.18440055847
0.9985318491154297 -0.05190580929893062 0.015489779312348606 102.016708374 0.051419252766016325 0.9982170762430039 0.03031054506034489 3.88337564468 -0.01703545558847012 -0.029469571729051694 0.9994205008878896 1.18604898453
0.9990454840323952 -0.040086971940960975 0.017353832864341473 102.493675232 0.0395616280788056 0.9987778599304244 0.02962539614179151 3.90188264847 -0.018520216473711937 -0.028910572346607436 0.999410416389763 1.18991017342
0.9994859022227999 -0.02647623705088417 0.018081485821147027 102.928115845 0.025944881827592095 0.9992422159836398 0.029014770429147328 3.91301870346 -0.018835985900059332 -0.02853073198726645 0.999415430623043 1.1935839653
0.9997725320341972 -0.011581290503898197 0.017909715246047044 103.354927063 0.011073440380179512 0.9995409659915949 0.02819993302715855 3.9098649025 -0.01822808569424618 -0.027995196281754037 0.9994418471712446 1.19660449028
0.9998483162950293 0.006713393589593682 0.016070928675918816 103.757751465 -0.007144538947620048 0.9996119972221024 0.02692230623230827 3.89686703682 -0.01588395307287224 -0.027033041933002044 0.999508336472802 1.20341944695
0.9995519696856622 0.02733118172180515 0.012201082050493667 104.153900146 -0.027640841931630484 0.9992803348227018 0.025976841492756805 3.86871600151 -0.011482323581219648 -0.026302451260649787 0.9995880838139566 1.20291447639
0.9985827654804718 0.05259237327681734 0.008154922346957697 104.541290283 -0.052776250214604296 0.9983115026491689 0.024265429970305192 3.85534763336 -0.0068649762314578295 -0.024661426387583802 0.9996722893778096 1.20419299603
0.9968211482343031 0.0794339086309833 0.006152446053992888 104.927047729 -0.07955170123518195 0.9965849749262219 0.02213401413858257 3.803596735 -0.00437324403973158 -0.02255309093900918 0.9997360815863682 1.2064614296
0.9940585634973073 0.10872636257133252 0.005113748103529805 105.30519104 -0.10880680607152667 0.993867842633208 0.01969239274732444 3.74076581001 -0.002941307561680152 -0.020131802244429932 0.9997930082013069 1.20902192593
0.9900325143836662 0.14078637381925246 0.003849338903690013 105.6823349 -0.14083262222432025 0.9898777865931068 0.017553920558321633 3.68896794319 -0.0013390222521158274 -0.01792106459928279 0.9998385081917164 1.21584200859
0.9844079984523181 0.17588009282897274 0.002661865806852727 106.036506653 -0.17590014559347897 0.9842795416182001 0.01590354463820924 3.59597039223 0.0001770968510597156 -0.01612379912857235 0.9998699874175476 1.2194494009
0.9768340887724275 0.21398691263496716 0.0021827123339052193 106.390357971 -0.21399731111308473 0.976753227008742 0.012581111414136899 3.49506783485 0.0005602218732518454 -0.01275675307436175 0.9999184723778497 1.22837507725
0.9673675685829308 0.25337255727058716 0.0015278992563370459 106.740463257 -0.25337508147384913 0.9673175808514729 0.009887662200972204 3.37489771843 0.0010272984448623187 -0.00995213534088204 0.9999499485774586 1.23755204678
0.9557100301490181 0.2943068873685997 0.0013395223120377367 107.069290161 -0.29430480978798806 0.9556566236708744 0.010251661801681458 3.25172042847 0.0017370113051527341 -0.010191843868813595 0.9999465531268557 1.25218093395
0.9411263124711733 0.33804733075980486 0.0022948073296548944 107.401306152 -0.33804799839447297 0.9410407420862636 0.012879150411514093 3.12434887886 0.0021942552266192203 -0.01289666235904064 0.9999144270106306 1.25735044479
0.9239317377246768 0.38253772073190845 0.003877659366071061 107.727745056 -0.382555392215355 0.923846866330769 0.01258330074495165 2.97256064415 0.0012312237322195938 -0.013109530423260728 0.9999133083923839 1.2625682354
0.9048082714534745 0.42578737260758814 0.0052062690533735394 108.026153564 -0.4258189046186789 0.9047255862882247 0.01224230308929818 2.80220961571 0.0005023732453658023 -0.013293864882294216 0.9999115064732547 1.26221168041
0.8823691496573567 0.4705360972221864 0.004523819607417451 108.316314697 -0.47055676119655215 0.8823057281452962 0.01062716209454141 2.61799192429 0.0010090714237932588 -0.01150579388333531 0.9999332970163439 1.2665964365
0.858098800880119 0.5134764316721414 0.002898628221422812 108.597541809 -0.5134759830250972 0.8580379785570131 0.010641532334424492 2.42767810822 0.0029770429509015156 -0.010619862111116056 0.9999391760222266 1.27816081047
0.8309407656494208 0.5563604688917093 0.0006874857135744515 108.861656189 -0.5563257580787514 0.8308737682683058 0.012265076509454102 2.2391102314 0.00625258987232322 -0.01057401807628741 0.9999245447840606 1.28787219524
0.8016154112084916 0.5978391452295525 -0.0010435249236573187 109.12121582 -0.5977514656011483 0.8015254517426339 0.01581567515072449 2.01485300064 0.010291641499175896 -0.012054320386980705 0.9998743798474188 1.29656720161
0.7693308187644852 0.6388501951199367 -0.0007207594958086047 109.374710083 -0.6386949460965837 0.769167785824739 0.02120573224426424 1.79102134705 0.01410167116741651 -0.015853877902654613 0.9997748733718674 1.30870425701
0.7329905132318655 0.680238621062146 0.0005709010032437858 109.618995667 -0.6800117261817655 0.7327238202647366 0.026454781653702682 1.55190598965 0.017577251428511548 -0.01977932335848417 0.9996498479966371 1.30513763428
0.6945068540459525 0.7194860343124135 0.00027588552226862767 109.851379395 -0.7192310028165122 0.694250364959322 0.026892291490936863 1.29645502567 0.019157094533858294 -0.01887530618230415 0.9996382988589149 1.30517566204
0.6548120150935 0.7557914553657962 0.0007077325956594896 110.056930542 -0.7555855043655625 0.6546111299460062 0.023975281930289034 0.998441457748 0.017657023588749217 -0.01623405516345674 0.9997123011001398 1.32037496567
0.611674855546219 0.7911044375073429 0.0027640637139592188 110.264770508 -0.790961555297497 0.6114894006105598 0.02145998559680215 0.701516330242 0.015286894170786863 -0.015312801724078597 0.9997658870805554 1.32862842083
0.5660221040882745 0.8243737128893611 0.005192223055807642 110.469581604 -0.8242914216534214 0.5658457225008013 0.019033405262774125 0.404855698347 0.012752641759006984 -0.01505323301901254 0.9998053662107649 1.33892941475
0.5198469158859044 0.8542304070715134 0.0070424199665998655 110.628707886 -0.8541888792166183 0.5196803630251483 0.017137062447915304 0.0579979047179 0.010979192466062533 -0.014924205879137056 0.9998283479736262 1.3396730423
0.4701188757972147 0.8825635096835484 0.00836026281981003 110.781715393 -0.882577674038128 0.47001233181581104 0.012043970720154836 -0.286048382521 0.00670014244677102 -0.013040679288948955 0.9998925186113135 1.36171877384
0.4194282498917521 0.907718476358783 0.011274345603804338 110.93762207 -0.9077700452320693 0.41930820824172255 0.01158324132725406 -0.648146748543 0.005786896514654309 -0.015092851856693961 0.9998693502911069 1.37105822563
0.36918943651146663 0.929252072898211 0.013774795164143885 111.074417114 -0.9293163307344956 0.36900011585100545 0.01449385839617101 -1.01544904709 0.008385546947558067 -0.018152121512723468 0.9998000715577976 1.38444471359
0.319151495228583 0.9475882520231413 0.014792826691043377 111.191078186 -0.9475967710014965 0.31884211954658404 0.020001559714266915 -1.38413095474 0.01423666679111208 -0.020401162496129405 0.9996905070508 1.38222956657
0.27279891512340815 0.9619706422420159 0.013900912609832209 111.290992737 -0.9619041540228325 0.27245396824033485 0.022566206219138157 -1.8111076355 0.017920669086892094 -0.01952738215913674 0.9996487037782268 1.38250935078
0.2298386078121203 0.9731904858557755 0.00863090953416501 111.376121521 -0.973028565419333 0.2296024273911922 0.0223189653583747 -2.22784090042 0.01973892696126576 -0.013527881448071835 0.9997136445932631 1.38758075237
0.19373544221908323 0.9810523929371641 0.0016675547368441186 111.452133179 -0.9808305372576195 0.19365480939666802 0.021662686325320462 -2.67258906364 0.020929300262203746 -0.005832418723318449 0.9997639457803877 1.39836525917
0.16198584426843743 0.9867920512279688 -0.0014261451949448244 111.521759033 -0.9865590443947968 0.16197873133774188 0.021543967072442848 -3.11644744873 0.021490420648382146 -0.0020828412544301334 0.9997668846249432 1.41831278801
0.1338023183411423 0.9910041709039028 0.0027699920907519604 111.585716248 -0.9908244970329319 0.13372322075035847 0.019619284140035307 -3.57263207436 0.019072380149113326 -0.00536968172222315 0.9998036861472603 1.44562160969
0.10811227596861994 0.9940869129365504 0.010146196915765512 111.646080017 -0.9940261571231166 0.10794084858793251 0.01614844140637789 -4.06633138657 0.014957765161393417 -0.011831429883379053 0.9998181247248377 1.45424759388
0.08519717983060526 0.9962493893959106 0.015119347786518494 111.688079834 -0.9962977156772781 0.08500651521225855 0.012835657677287057 -4.58090543747 0.011502273055873646 -0.016156933497614052 0.9998033062630378 1.45522248745
0.06160750555863792 0.9980265122956872 0.012148910062472708 111.721748352 -0.9980560647470788 0.06148540698951199 0.010180194048551788 -5.08992576599 0.009413122881076855 -0.01275246972934918 0.99987437592601 1.45872187614
0.04128438329000572 0.9991358721639365 0.004807145863054715 111.730171204 -0.9990964100174029 0.04123317318712749 0.010304800775984281 -5.6416926384 0.010097682232883296 -0.005228229519170263 0.9999353491249414 1.47233259678
0.023374393301566987 0.999725745792023 -0.0014390759773788 111.725143433 -0.9996597145542729 0.023389474395907994 0.011549354356608785 -6.18309736252 0.011579846128296978 0.001168627129649386 0.9999322684433566 1.49123692513
0.008378287493863268 0.9999589325693452 -0.003455064957163908 111.725059509 -0.9998277369766786 0.008434315134023374 0.01653356285638668 -6.76946163177 0.016562024972095114 0.0033159468343158206 0.9998573417370179 1.50461101532
-0.002671879319160686 0.9999962850444837 0.0005394068772150411 111.741706848 -0.9997737652810477 -0.0026826664461268024 0.021100273887769624 -7.35205507278 0.021101642549903328 -0.00048290745923931094 0.9997772189253376 1.51193404198
-0.010355980314084134 0.9999463728530507 7.134149009268426e-05 111.742340088 -0.9997098254042618 -0.01035508222121706 0.021749419813372965 -7.98338747025 0.021748992201037928 0.00015391577482707156 0.9997634508463357 1.51100647449
-0.013416129619195805 0.9998970953058192 -0.005079986566699119 111.724227905 -0.9997382009484584 -0.013319478183765887 0.01860432916671077 -8.62042808533 0.01853475192366847 0.005328254722630709 0.9998140190419109 1.5300014019
-0.0135615508822019 0.9998793883073724 -0.007569225659842864 111.720741272 -0.9997731694203338 -0.013435005724557136 0.016526050034620317 -9.29075050354 0.016422364209676864 0.0077916275964089975 0.9998347845985175 1.54739284515
-0.011459110743062717 0.999911508444977 -0.006757518634731407 111.715950012 -0.9998170645235722 -0.011354005191773653 0.01539233742490564 -9.97142887115 0.015314250431378403 0.0069326649440110254 0.9998586959618339 1.57656514645
-0.008967285459510532 0.999952747874435 -0.003753639630910542 111.72492981 -0.999835964036609 -0.0089070384841331 0.015770532174007725 -10.6401185989 0.015736353170189416 0.0038944427628640997 0.9998685916181536 1.58404529095
-0.008486072609044104 0.9999590129631595 -0.0031557827580969656 111.726951599 -0.9998210687198834 -0.00843146154426011 0.016933428461370702 -11.3415517807 0.016906126549351686 0.0032989163932975706 0.9998516390123723 1.60032212734
-0.007550088589335036 0.9999694554033584 -0.00202099547874853 111.733779907 -0.9998131358613652 -0.00751291026602241 0.01781150017597539 -12.0549297333 0.01779577257320611 0.0021550962314055844 0.9998393201103646 1.61704778671
-0.006527611118542942 0.9999773961057719 -0.001611697313506133 111.722572327 -0.9998251882087899 -0.006498360933982705 0.01753180897839087 -12.7975196838 0.017520939300394372 0.0017258564010501059 0.9998450070414486 1.6374502182
-0.006145397061745772 0.9999809522093109 -0.0005738566029278502 111.732147217 -0.9998508709386064 -0.0061353337531950825 0.01614291054719935 -13.5559310913 0.01613908225864904 0.0006729756192937171 0.9998695300526286 1.64948165417
-0.005999514874646561 0.9999813776493789 -0.0011181122253886774 111.730445862 -0.9998730031659042 -0.00598234847497725 0.014771223576565113 -14.3293333054 0.014764259564699386 0.00120659040424634 0.9998902743696942 1.66856348515
-0.00558530432630544 0.9999613145119668 0.006795134505548424 111.624916077 -0.9998735459561781 -0.005685735355575927 0.014851414355257064 -17.6148548126 0.01488947515757184 -0.006711325564453078 0.9998666219244943 1.70248055458
-0.01113117153861598 0.9999135925474002 0.00699317236318991 111.574790955 -0.9998373476632717 -0.01122902850956442 0.014113367315323396 -20.0226078033 0.014190674347038641 -0.0068349365947915925 0.9998759465070262 1.75946652889
-0.011250549160988665 0.9999095951028867 0.007363882402138604 111.571334839 -0.9998738925176724 -0.011332083779891478 0.011125778086888095 -20.7901611328 0.011208220394397802 -0.007237782648146537 0.9999109911876801 1.79270160198
-0.008723721873045376 0.9999571223957165 0.0031064522239081832 111.613426208 -0.9999270301602573 -0.008749336189512236 0.0083296740506617 -20.0395622253 0.008356496289065192 -0.003033559786872624 0.9999604824615772 1.76930832863
-0.010998189120601798 0.9999372093894335 0.0021487472724770083 111.599006653 -0.9999177388211383 -0.011012106884247364 0.006576404267770108 -20.8124427795 0.006599653565961251 -0.0020762419761235 0.9999760666096293 1.78638505936
-0.012863683772255441 0.9999057067567335 0.004806582564561947 111.599273682 -0.9998988195718178 -0.012892491129878558 0.006011180597583257 -21.6814556122 0.006072582606943063 -0.004728770306175266 0.9999703807972882 1.80300116539
-0.013189243294518205 0.999895508800046 0.005917376323395153 111.590675354 -0.9998699351026356 -0.013243379097719665 0.00920466119218891 -22.5007667542 0.009282065444012328 -0.005795204164543154 0.9999401276425425 1.8291656971
-0.014237851380621724 0.9998836133599204 0.005481178947513479 111.592750549 -0.9998100859851072 -0.014309329272466531 0.013230081575967986 -23.3097038269 0.013306973765584049 -0.0052917700595821815 0.9998974555517374 1.84202778339
-0.015405920651359262 0.9998678652733376 0.005187446718059633 111.576042175 -0.9997650751466766 -0.015483030806265563 0.015168067604094577 -24.1695346832 0.01524638077296094 -0.004952550011961311 0.9998715018049594 1.8689198494
