1.0 0.0 0.0 0.0 0.0 1.0 0.0 0.0 0.0 0.0 1.0 0.0
0.9999979660174791 -0.0009025714358993442 0.0018036818356450758 -0.0113159109511874 0.0009076815623356336 0.999995571309683 -0.0028343164801631574 -0.0263111579257105 -0.001801115638301255 0.0028359479070369266 0.99999435659521 0.0148593486471557
0.9999918640699165 -0.0018000172022765771 0.003609898917337904 -0.0226318219023749 0.0018204577080217351 0.9999822852387319 -0.005666952847768432 -0.052622315851421 -0.0035996341279626205 0.005673478555263507 0.99997742638084 0.0297186972943115
0.999981694157312 -0.0026923372991318967 0.005418651245078682 -0.0339477328535624 0.0027383284370585048 0.9999601417871468 -0.008497909102815619 -0.0789334737771315 -0.005395555468984293 0.00851259194467954 0.99994920935689 0.0445780459414672
0.9999674562796657 -0.003579531726464907 0.007229938818867015 -0.0452636438047499 0.0036612937494455424 0.9999291409549275 -0.011327185245304723 -0.105244631702842 -0.00718887966136588 0.011353288075285026 0.99990970552336 0.059437394588623
0.9999491504369776 -0.004461600484276002 0.0090437616387033 -0.0565795547559374 0.004589353645183247 0.9998892827420742 -0.01415478127523574 -0.1315557896285525 -0.008979606705107772 0.014195566947079968 0.99985891488025 0.0742967432357787
0.999920805446945 -0.006418298942670747 0.010825275496573562 -0.0450015771452219 0.006584610215043662 0.9998597601475735 -0.015398050684224389 -0.1507451355413 -0.010724927002555638 0.015468112206746886 0.9998228391468365 0.0785973395337204
0.9998652490545129 -0.010605236383487366 0.012530092885979355 0.0138553504075076 0.010772629958745122 0.9998526107898926 -0.013367751712755513 -0.1552269846150167 -0.012386472873778948 0.013500937127928813 0.9998321300063436 0.0610926963058905
0.9997893198598389 -0.014795379944254426 0.014226476620592378 0.0727122779602373 0.014957126522271744 0.9998239284636764 -0.011330478007359424 -0.1597088336887334 -0.014056324943877145 0.011540888093368475 0.9998345922886928 0.0435880530780606
0.9996930178629228 -0.018988729624971924 0.015914426700413025 0.1315692055129669 0.019138099905623526 0.999773713168925 -0.009286229568036108 -0.16419068276245 -0.015734483212850623 0.009587965103065876 0.9998302259938837 0.0260834098502307
0.9995763430637645 -0.023185285425639857 0.017593943125440905 0.1904261330656967 0.023315550108800473 0.9997019649056383 -0.007235006394785582 -0.1686725318361667 -0.017420947680698993 0.007642168157021016 0.9998190311219167 0.0085787666224008
0.9994392954623643 -0.027385047346258223 0.019265025895676413 0.2492830606184264 0.027489477131802578 0.9996086836738165 -0.0051768084876080344 -0.1731543809098834 -0.019115718347422636 0.005703497255234097 0.9998010076727917 -0.0089258766054291
0.9994969098864211 -0.027132121925110834 0.01642388618216779 0.2858800200025889 0.027189930091620965 0.9996248050832002 -0.0033066005937250446 -0.1737313158682994 -0.01632800597429603 0.003751515122530913 0.9998596469969171 -0.0110264174610771
0.9996372511801209 -0.024498572585204496 0.011186625333846196 0.3106220538103879 0.024517162050873075 0.9996982232966034 -0.001527523139412369 -0.1722286222365743 -0.01114582478076934 0.0018012504705558837 0.9999362570221734 -0.0049232409614252
0.9997433972305392 -0.02185519698577194 0.005954101238688533 0.335364087618187 0.021854003337255772 0.9997611194717715 0.00026545991327202263 -0.1707259286048493 -0.00595848092911782 -0.0001352610196840134 0.9999822376062684 0.0011799355382266
0.999815348037676 -0.019201995126813164 0.0007263138966950083 0.3601061214259861 0.019200453950769053 0.9998134936087043 0.002072348564328532 -0.1692232349731242 -0.0007659744193416773 -0.0020580193481891744 0.9999975887492021 0.0072831120378785
0.9998531036015315 -0.01653896700832798 -0.0044967366921339815 0.3848481552337852 0.01655651389141273 0.9998553457074019 0.003893142813757164 -0.1677205413413992 0.004431694748558691 -0.003967024514959598 0.9999823104509745 0.0133862885375304
0.9998566639221053 -0.013866112630316783 -0.00971505052779923 0.4095901890415843 0.013922183159187205 0.999886675767864 0.0057278426615575105 -0.1662178477096741 0.009634526574584086 -0.005862276519994889 0.9999364027115856 0.0194894650371823
0.9998109806701913 -0.017893357024710285 -0.007603988789065384 0.395414342942351 0.017942803614007945 0.9998179798832618 0.006484844867070192 -0.1765808170390105 0.007486565940878651 -0.006620059581837192 0.9999500604948285 0.0253612506624792
0.9997422241258547 -0.022067622541412514 -0.005336994091494405 0.3803935364875371 0.022105927343289693 0.999729496138058 0.00722769815796977 -0.1872014061261222 0.00517604548435395 -0.007343819152135004 0.9999596359129893 0.0312280124756892
0.9996508439573398 -0.026243347448638477 -0.003073178458866949 0.3653727300327233 0.026267152624018904 0.9996230891465449 0.007980055970893244 -0.1978219952132339 0.002862586972739914 -0.008057996957193052 0.999963434772021 0.0370947742888991
0.9995368401646466 -0.030420531746387782 -0.0008125418911830192 0.3503519235779094 0.03042647945619519 0.9994987589087224 0.008741918305840816 -0.2084425843003456 0.0005461904060365433 -0.008762592997011539 0.9999614570719235 0.0429615361021091
0.999400212747775 -0.034599175434660824 0.0014449156115571892 0.3353311171230956 0.03458390783981894 0.9993565054245906 0.009513285162812081 -0.2190631733874573 -0.00177314421575596 -0.009457607271590068 0.9999537028126967 0.048828297915319
0.9992937519803313 -0.037472213220887875 0.0027978657089102496 0.3261006138782002 0.03744421043851446 0.9992538701382015 0.009467393726723247 -0.2310054953805968 -0.00315054294257745 -0.009355943333992032 0.9999512689303184 0.0488139813924344
0.9992993599291337 -0.03736828479313123 0.002095738457703305 0.3300644081116437 0.037351511477725016 0.9992737315427115 0.007540909360735371 -0.2459596349792749 -0.0023760089210766258 -0.007457346396466189 0.9999693706301025 0.035398519152875
0.9993044128357474 -0.03726576836671995 0.0013934179846811538 0.3340282023450872 0.03725739921352046 0.999289923967516 0.005614485052966258 -0.260913774577953 -0.001601658355088096 -0.005558664102425232 0.9999832676950811 0.0219830569133156
0.9993089107001726 -0.03716466394165363 0.0006909042898433958 0.3379919965785307 0.03716187364590037 0.9993024474126153 0.0036881208034158968 -0.2758679141766311 -0.0008274912446114583 -0.0036598964518691655 0.9999929601252541 0.0085675946737563
0.9993128535224091 -0.037064971517932664 -1.1802626809567717e-05 0.3419557908119742 0.03706493477486517 0.9993113018780091 0.001761816612084295 -0.2908220537753093 -5.350758964711594e-05 -0.0017610434447979826 0.9999984479206215 -0.004847867565803
0.999316241302457 -0.036966691095556864 -0.0007147027652779439 0.3459195850454177 0.036966582600414646 0.9993164873636974 -0.00016442752102846435 -0.3057761933739874 0.0007202926098051363 0.00013789491878822603 0.9999997310811833 -0.0182633298053624
0.9993048460525071 -0.037267615866767176 -0.0009742139826368694 0.3737818301839668 0.03726690899566763 0.9993050777689241 -0.0007339404463401741 -0.3072572982467645 0.0010008891974182155 0.0006971242910921446 0.9999992561187936 -0.0283124249967911
0.9992848045182805 -0.03780117139456784 -0.0009747358359560433 0.4156045565443106 0.03780068675013284 0.9992851676274582 -0.0005109317680575068 -0.3008680164974805 0.000993352892844671 0.00047372064741197403 0.9999993944188713 -0.0363950285462426
0.9992644778658266 -0.038334722236182645 -0.0009753769261725113 0.4574272829046543 0.03833445825446666 0.9992649225428281 -0.00028792350564918646 -0.2944787347481965 0.0009856974231169599 0.0002503211602634476 0.9999994828694729 -0.044477632095694
0.9992438660951454 -0.03886826839161176 -0.0009761372532866711 0.4992500092649979 0.03886822350866926 0.9992443425150336 -6.491565911530063e-05 -0.2880894529989126 0.0009779227882354827 2.6925829646637188e-05 0.9999995214705981 -0.0525602356451454
0.9992229692062369 -0.0394018098608552 -0.0009770168172983258 0.5410727356253416 0.03940198251274067 0.9992234275440747 0.00015809177154433058 -0.2817001712496286 0.0009700289882000361 -0.0001964653444386295 0.9999995102222473 -0.0606428391945968
0.999201787199101 -0.03993534664391297 -0.0009780156182072712 0.5828954619856853 0.03993573526668088 0.9992021776299513 0.00038109878632946255 -0.2753108895003446 0.0009620160230104253 -0.0004198523619920998 0.99999944912442 -0.0687254427440483
0.9992031837194977 -0.03987538751443412 -0.0017167289888273933 0.5878556009217295 0.03987402758671306 0.9992043768984018 -0.0008192435801768459 -0.2812207196680489 0.0017480308525351484 0.0007501377229059626 0.9999981908346389 -0.0674501599509701
0.9992049606126844 -0.03979005833743639 -0.0024882894521736816 0.5911795414603502 0.039784916945388965 0.9992060930660884 -0.0020826934968577403 -0.287676463419536 0.002569184801233918 0.00198204088170778 0.9999947353667841 -0.0657595140565264
0.9992060954584646 -0.039705723290368276 -0.003259957543120478 0.5945034819989712 0.03969481243711589 0.9992062443035206 -0.0033460720695945028 -0.2941322071710231 0.0033902287203715123 0.0032140116212354733 0.9999890881315282 -0.0640688681620827
0.9992065882568383 -0.039622382373229376 -0.004031733261667978 0.597827422537592 0.03960371406189339 0.999204830610698 -0.004609379298387134 -0.3005879509225102 0.004211162609948128 0.004446049941489036 0.9999812491288712 -0.062378222267639
0.9992064390078055 -0.039540035586020095 -0.0048036166078163885 0.6011513630762129 0.03951162181972191 0.9992018519876209 -0.00587261518323564 -0.3070436946739973 0.005031986469963968 0.005678155842468464 0.999971218358813 -0.0606875763731953
0.9992112256116572 -0.0392302209376891 -0.006156719386308434 0.5925981205229102 0.03918266100184631 0.9992026660799294 -0.007664194086170365 -0.3102848121489227 0.006452480549063218 0.007416910364578753 0.9999516759575287 -0.0625851359017339
0.999224020185142 -0.038349762421646554 -0.008978455720101391 0.5540641470811828 0.038252282838731326 0.9992098596450012 -0.010787861971404059 -0.3054114765116457 0.009385084045455135 0.010436035190225778 0.9999014972590107 -0.0735401478856423
0.999227713305491 -0.037478169354211485 -0.011802896159633957 0.5155301736394556 0.037313087353288976 0.9992067957432961 -0.013908843408531655 -0.3005381408743688 0.012314830411495127 0.013457683108703046 0.9998335980425693 -0.0844951598695506
0.9992223049727043 -0.036615441735384315 -0.014630040704906531 0.4769962001977282 0.036365074545519675 0.9991934743748143 -0.017027138397553366 -0.2956648052370919 0.015241719647183608 0.016481854120010752 0.9997479783082046 -0.095450171853459
0.9992077951867816 -0.03576157956516464 -0.017459889355918707 0.4384622267560009 0.03540824441542301 0.9991698955395554 -0.020142746938469375 -0.2907914695998149 0.018165751752520175 0.019508548224149096 0.9996446380559164 -0.1064051838373673
0.9991841839477233 -0.03491658284355266 -0.02029244211267089 0.3999282533142738 0.034442596962999186 0.9991360592375198 -0.02325566903127929 -0.285918133962538 0.021086926727505218 0.022537765421117677 0.999523577285705 -0.1173601958212756
0.9991518740165504 -0.03585518693306356 -0.02024612784050896 0.378777515779532 0.03540894620156552 0.9991310436077955 -0.02198478798042159 -0.2614583092381297 0.021016818299490588 0.021249233954298667 0.999553273353854 -0.1127370025331918
0.999111342430977 -0.03793651203088327 -0.01836502907110191 0.3687406503820437 0.037608092401781985 0.9991320373985477 -0.0179090123376971 -0.2244759750973587 0.01902852132328724 0.0172023949478963 0.9996709289826469 -0.0981539730876047
0.9990624824305129 -0.040025694737043295 -0.016492631138306093 0.3587037849845552 0.039799372808094764 0.9991119445340093 -0.01382910139965129 -0.1874936409565875 0.01703153090974169 0.01315970676939932 0.9997683362022126 -0.0835709436420176
0.9990052940151581 -0.04212273505154344 -0.014628934042121107 0.3486669195870667 0.04198278742050363 0.99907076501418 -0.009745055166283946 -0.1505113068158163 0.015025847058853533 0.009121169418807537 0.9998454950125512 -0.0689879141964304
0.9989397771849127 -0.04422763297438409 -0.012773937782547347 0.3386300541895783 0.04415833623900901 0.9990084988390601 -0.005656873637595479 -0.1135289726750453 0.013011469770623176 0.0050867828961213375 0.9999024054136624 -0.0544048847508433
0.9988659319397766 -0.04634038850556487 -0.010927642359584426 0.3285931887920899 0.04632601926361051 0.9989251460086496 -0.001564556813585481 -0.0765466385342741 0.010988399045050216 0.0010565472013403334 0.9999390674055465 -0.0398218553052561
0.9988329776124184 -0.046865297579754835 -0.011674672854128503 0.3602194144326739 0.046818156209873375 0.998894249743215 -0.0042791187246307505 -0.0755105114164662 0.011862308063686188 0.0037275314502517717 0.9999226916384428 -0.0487288915016155
0.9988019916351745 -0.04728483857571002 -0.012596722852943993 0.3946825127607639 0.047193429824916366 0.9988579070445891 -0.007457602962609945 -0.0769219898502886 0.012934974569960718 0.006854174017070151 0.9998928454726497 -0.0592353847710582
0.9987698512979115 -0.04770751367859487 -0.013517484802585486 0.4291456110888538 0.047565543781019 0.9988114603698721 -0.010636383473274065 -0.0783334682841111 0.014008865107402917 0.009980317989986907 0.9998520582321075 -0.0697418780405008
0.9987365566006295 -0.048133322888408984 -0.014436958703052985 0.4636087094169435 0.04793449807818089 0.998754909719064 -0.013815460256622914 -0.0797449467179335 0.015083979676012776 0.013105963369001843 0.9998003299168164 -0.0802483713099433
0.9987021075433286 -0.04856226620515278 -0.015355144554346693 0.4980718077450334 0.04830029271640244 0.998688255092165 -0.016994833312656294 -0.0811564251517559 0.016160318275790488 0.016231110154114752 0.9997376605267764 -0.090754864579386
0.998675704187598 -0.04903262879840263 -0.015576768882756813 0.5288578825365802 0.048730931292074245 0.9986275538053591 -0.019191183939689997 -0.0930128421410164 0.01649638600166421 0.018406697659219953 0.9996944842972375 -0.0959603970492325
0.9986725842046801 -0.04961229087464426 -0.013844731667694295 0.5493132721540289 0.049350881431176746 0.9986078362936388 -0.01862432754367349 -0.1342145626907937 0.01474945771025845 0.017916351990787352 0.999730691275451 -0.0862727539392612
0.9986660761045105 -0.05019287284884112 -0.012113012556674472 0.5697686617714778 0.04996991111795698 0.9985874791052964 -0.01805642723657711 -0.1754162832405714 0.013002212922482258 0.01742705072197796 0.9997635905633773 -0.0765851108292898
0.9986561798870894 -0.05077437472099301 -0.010381611549697361 0.5902240513889266 0.05058802035241479 0.998566482240332 -0.017487483018400463 -0.216618003790349 0.01125465163833562 0.016938793852791397 0.999793182161016 -0.0668974677193184
0.9986428955524167 -0.05135679649110034 -0.008650528646763148 0.6106794410063753 0.05120520913455055 0.9985448456987452 -0.016917494889143958 -0.2578197243401263 0.009506773857818753 0.016451581383228053 0.9998194660683674 -0.0572098246093471
0.9986262231004923 -0.05194013815916289 -0.006919763847871444 0.6311348306238241 0.05182147746436408 0.9985225694805364 -0.016346462848807183 -0.2990214448899039 0.007758579580931242 0.015965413313287533 0.9998424422854313 -0.0475221814993757
0.9986606849063069 -0.051236232387261015 -0.007187837362891128 0.6251811419823537 0.051125349021756104 0.9985819079597751 -0.014844214517026715 -0.3027227847923174 0.007938211549235108 0.014456849863731403 0.9998639818833737 -0.0449152173965846
0.9987284538738407 -0.04962988731674384 -0.008849222323535381 0.6007803477205339 0.049515670345640625 0.9986927068024208 -0.012689903311857969 -0.28022959129137 0.009467462227328602 0.01223558501951447 0.9998803197192387 -0.047254205296686
0.9987910857360605 -0.04801998499701937 -0.010507148072170305 0.5763795534587141 0.047909419953422336 0.9987961238436247 -0.010532935962281114 -0.2577363977904225 0.01100029997095969 0.010016800943661168 0.9998893202304238 -0.0495931931967873
0.9988485804929663 -0.04640652542808785 -0.012161614608795496 0.5519787591968943 0.04630659784510148 0.9988921590833867 -0.008373312468296349 -0.2352432042894753 0.01253672478012797 0.007800497636171707 0.9998909834169288 -0.0519321810968886
0.9989009381445582 -0.04478950860994884 -0.013812621933411368 0.5275779649350745 0.04470720402067765 0.9989808125217069 -0.006211032829903278 -0.2127500107885278 0.014076736654833845 0.005586675097045683 0.9998853092787537 -0.05427116899699
0.998948158690836 -0.04316893454260257 -0.015460170046017513 0.5031771706732548 0.04311123848015105 0.9990620841585852 -0.004046097047102093 -0.1902568172875806 0.015620335595076909 0.0033753333262833037 0.9998722978158986 -0.0566101568970913
0.9987313598383327 -0.045264098206030445 -0.022060167503305025 0.5084138480308665 0.045125123427256816 0.9989584145591982 -0.006757245458214664 -0.1996081318592465 0.02234307079060267 0.005753133416022568 0.9997337898660786 -0.0629944470954256
0.998436017942402 -0.047724545376356085 -0.029112134372811523 0.5164037331345458 0.047453303726458514 0.9988238863952663 -0.009937307774852756 -0.2119176794212645 0.02955220067211551 0.008540134014627573 0.9995266988597452 -0.0697545304034318
0.9980839914076735 -0.05020580342204446 -0.036155465713169466 0.524393618238225 0.049759684362329165 0.9986746843455092 -0.013133882338050958 -0.2242272269832825 0.03676702612872734 0.011309392373395705 0.9992597700612308 -0.0765146137114379
0.9976752802341473 -0.052707872343095756 -0.04319016152437885 0.5323835033419041 0.05204426533486895 0.9985108084099269 -0.016346969147809476 -0.2365367745453005 0.043987547160438165 0.01406090849232716 0.9989330034705356 -0.083274697019444
0.9972098844218233 -0.05523075213951018 -0.05021622180643988 0.5403733884455834 0.05430704664407809 0.9983322585885193 -0.019576568204128116 -0.2488463221073187 0.05121376376724819 0.01679468237142173 0.9985463990876593 -0.0900347803274503
0.9968383385547386 -0.05724357031411848 -0.0551042488581219 0.5448487181446969 0.056138858631564904 0.9981937623095624 -0.021392259194493307 -0.2638058661491247 0.056229290730636344 0.018231123377120406 0.998251411581672 -0.0972127790005946
0.9969164022788343 -0.0575977506858097 -0.053292542416679085 0.5382704979444767 0.05667245638482351 0.9982173788104767 -0.018714827688643527 -0.2870998550781398 0.05427548846955233 0.015636854032721872 0.9984035321865689 -0.1057051539775675
0.9969907139137443 -0.05795692978355716 -0.05148190566844226 0.5316922777442563 0.057201101694076696 0.998233837478482 -0.016036423333913568 -0.3103938440071552 0.05232041939983336 0.013043281735223537 0.998545134955381 -0.1141975289545404
0.9970612734594684 -0.05832110760736127 -0.04967233861341164 0.525114057544036 0.057724794559324846 0.9982431383135785 -0.013357046130303444 -0.3336878329361702 0.050364083521479655 0.010450406484625382 0.9986762198881086 -0.1226899039315133
0.9971280809160067 -0.05869028415722185 -0.04786384125158683 0.5185358373438157 0.058243534980567786 0.9982452813157661 -0.010676696077813148 -0.3569818218651853 0.04840648083449083 0.007858228280927432 0.9987967869847515 -0.1311822789084862
0.9971911362833592 -0.05906445943313888 -0.04605641358296801 0.5119576171435953 0.058757322957805495 0.9982402664850446 -0.00799537317644268 -0.3802758107942008 0.04644761133886706 0.005266747124129673 0.9989068362453096 -0.1396746538854592
0.9973852925754172 -0.05577481330786535 -0.04595217271444303 0.5003428067053655 0.05551856182374047 0.9984342172053002 -0.0068348862596924525 -0.381868976791771 0.046261444743206454 0.004265744674988398 0.9989202279396596 -0.1336977702996748
0.9976511860605315 -0.049689812583408426 -0.047145962794644156 0.484889537627595 0.04942206405230309 0.9987545636538538 -0.006828360737656913 -0.3669236301587682 0.04742656288640655 0.004482125721046856 0.9988646007797454 -0.1166936544171633
0.9978785151310208 -0.043604334130788396 -0.048340507498102196 0.4694362685498244 0.04332484185250355 0.9990377222010324 -0.006814663461952921 -0.3519782835257651 0.048591158646600206 0.004705699167465067 0.9988075751743671 -0.0996895385346515
0.9980672797868854 -0.03751837795000569 -0.04953580682481678 0.453982999472054 0.03722689522434226 0.9992836928468359 -0.0067937944325804755 -0.3370329368927623 0.04975523202378702 0.004936465014243028 0.9987491511235251 -0.08268542265214
0.9982174800281249 -0.031431944041059895 -0.05073186077478811 0.4385297303942836 0.031128224167818838 0.9994924755912646 -0.0067657536495395725 -0.3220875902597595 0.05091878301796719 0.005174423261380746 0.9986893286272192 -0.0656813067696285
0.9983291158547398 -0.0253450324039514 -0.05192866934801637 0.423076461316513 0.025028828682933647 0.9996640704343184 -0.006730541112830224 -0.3071422436267564 0.05208181162914093 0.0054195739088782075 0.9986281076854494 -0.0486771908871167
0.9985138434268805 -0.021568741134222084 -0.05004836363979636 0.4582015771672269 0.021276097217619593 0.9997533239000028 -0.006372588004766131 -0.2910273641901681 0.05017346892853606 0.0052982635435589185 0.9987264410868845 -0.0473057613676232
0.9986934155620076 -0.018067514349301813 -0.04780110186150655 0.4993395080094386 0.01780152751905589 0.9998236264720844 -0.0059841951646543 -0.2747734493853213 0.04790079364608323 0.005125416960418848 0.9988389118486865 -0.0477927630940828
0.9988556881467873 -0.014566650797834322 -0.04555268295025849 0.540477438851651 0.014326049661409034 0.9998816704138347 -0.005603677114242083 -0.2585195345804743 0.045628922193403386 0.004944651720373345 0.9989461838304786 -0.0482797648205423
0.9990006611812194 -0.01106615047981961 -0.04330310690605202 0.5816153696938626 0.010849663644679037 0.9999274557252537 -0.005231033853529081 -0.2422656197756275 0.04335785457049636 0.004755967823422015 0.9990482570322609 -0.0487667665470019
0.9991283346653038 -0.00756601339525768 -0.04105237372888748 0.6227533005360744 0.007372369468865885 0.9999609824063413 -0.0048662653825156926 -0.2260117049707806 0.0410875907773625 0.004559365269565251 0.9991451314540333 -0.0492537682734615
0.9992366792079235 -0.00555365799220703 -0.03866787700966678 0.6524523602076219 0.005359307861107821 0.9999724904128111 -0.00512794666098879 -0.2132155371570771 0.03869529233355124 0.004916797800771673 0.9992389545987943 -0.0465890547647868
0.9993198226378553 -0.008810869837550124 -0.035808042104705125 0.6415954220922659 0.008544664039310592 0.9999347599473912 -0.00758025531408927 -0.2126786541301548 0.03587249675060126 0.007269121465295215 0.9993299153623045 -0.0327500781497261
0.9993845084053425 -0.012061280190573962 -0.03294044177680224 0.6307384839769102 0.011736876147415842 0.9998808756906918 -0.010023427579914583 -0.2121417711032326 0.03305741857112638 0.009630622114590488 0.999407025746611 -0.0189111015346656
0.9994307365103852 -0.015304889051278537 -0.030065076025958128 0.6198815458615544 0.01493594418542357 0.9998108376427131 -0.01245746345846453 -0.2116048880763104 0.0302500577951266 0.01200129974865729 0.9994702857517135 -0.0050721249196051
0.9994585069529832 -0.01854169641966386 -0.027181944852172773 0.6090246077461986 0.018141868153333778 0.9997246458034549 -0.01488236294973951 -0.2110680050493882 0.027450414422601915 0.014381154367496025 0.9995196953776124 0.0087668516954556
0.9994678197331366 -0.021771702295729917 -0.02429104825544639 0.5981676696308428 0.021354648051146452 0.9996223001729172 -0.017298126053739326 -0.2105311220224659 0.024658488453552535 0.016770185971106483 0.9995552546243074 0.0226058283105161
0.9994426988484058 -0.023161661915032012 -0.024038000736417688 0.5933575049500885 0.022709784891610508 0.9995633524123104 -0.018904161434015035 -0.2130941563071103 0.02446535779928511 0.01834772647169882 0.9995322926911205 0.0192683074417067
0.9993971514050721 -0.023028660467299508 -0.025980868879386054 0.5935701749529967 0.022516322956732424 0.9995495338088447 -0.01984283065527987 -0.2182321791137197 0.026426122514552494 0.01924587033594031 0.9994654814112554 0.0016628950702766
0.9993477646181822 -0.02289745917578552 -0.027923816874702304 0.5937828449559048 0.022321072508380127 0.9995348442599614 -0.02078114903156279 -0.2233702019203291 0.02838666777968683 0.02014429934968257 0.9993940128856725 -0.0159425173011531
0.999294538487736 -0.022768058040489834 -0.029866844722366018 0.593995514958813 0.0221240335465534 0.9995192837656605 -0.021719116562863763 -0.2285082247269385 0.030346993594687698 0.021043013512925608 0.9993178871143722 -0.0335479296725828
0.9992374730137336 -0.022640457061412853 -0.031809952422377594 0.594208184961721 0.02192520607125265 0.9995028523259418 -0.022656733249182805 -0.2336462475335479 0.03230709995955551 0.021942012825669398 0.9992371040973544 -0.0511533420440129
0.9991765681961748 -0.02251465623855438 -0.03375313997473665 0.5944208549646292 0.02172459008247768 0.9994855499408057 -0.02359399909051971 -0.2387842703401573 0.034266986874289855 0.02284129728791377 0.9991516638346192 -0.0687587544154427
0.9992600187327357 -0.021065716555518 -0.032181305634808574 0.5795968535002345 0.020349655021466222 0.9995415426166385 -0.02241846066342733 -0.2358809829637497 0.03263881717932961 0.021746986550161353 0.9992305847559632 -0.0815216399537727
0.9993582873507602 -0.01942604045061003 -0.03009354841291005 0.5625755160907612 0.01880032464032522 0.9996040039534735 -0.02093729300249677 -0.2318026044144658 0.030488366586081297 0.0203580794100348 0.9993277672098971 -0.0935768783044578
0.9994495139190431 -0.017789317134336638 -0.028003377509514767 0.5455541786812875 0.017247856961196212 0.9996618577296978 -0.019459425490681522 -0.2277242258651817 0.02834008444399056 0.01896570605264321 0.9994183910136349 -0.1056321166551431
0.9995336984375842 -0.016155546606697827 -0.02591079292462271 0.5285328412718142 0.015692251984079194 0.9997151039453112 -0.01798485812798159 -0.2236458473158978 0.0261939707530574 0.017569866477986598 0.9995024561671761 -0.1176873550058282
0.9996108409063839 -0.014524728867693402 -0.023815794658234083 0.5115115038623408 0.014133509708973967 0.9997637426003138 -0.016513590914397174 -0.2195674687666138 0.024050025513282013 0.01617056068606516 0.9995799626705211 -0.1297425933565133
0.9996593170402605 -0.013344978438495888 -0.022431243871120436 0.493381559435318 0.013007511871400772 0.9998010199274511 -0.015123649561972888 -0.2177720460285624 0.022628605481667806 0.01482672221477406 0.9996339899015805 -0.1381381907691057
0.9996162334631327 -0.013971982242393583 -0.023919983333043845 0.4707823250822007 0.01363845616065421 0.9998082734187437 -0.01405015890683331 -0.2251802375986879 0.0241117067829876 0.013718533594068737 0.9996151376976743 -0.1317801413809586
0.9995705449389626 -0.014597353572215822 -0.025409382764875293 0.4481830907290833 0.014271010613726485 0.9998139411244444 -0.012977622726139375 -0.2325884291688135 0.02559409541021385 0.012609429180054945 0.9995928864658813 -0.1254220919928115
0.9995222514677501 -0.0152210924279626 -0.026899442166615176 0.4255838563759657 0.014905175230617596 0.9998180230445535 -0.011906041019890885 -0.2399966207389391 0.027075771363346948 0.011499408972732482 0.9995672362062012 -0.1190640426046642
0.9994713530494954 -0.015843198809633724 -0.0283901615382633 0.4029846220228484 0.015540950011327341 0.9998205191790709 -0.010835413788088237 -0.2474048123090647 0.028556734642386707 0.01038847297210175 0.9995381869186345 -0.1127059932165171
0.9994178496841984 -0.016463672717229587 -0.02988154087981946 0.3803853876697311 0.016178334955856126 0.9998214295279966 -0.009765741030731235 -0.2548130038791902 0.030036985247332913 0.009276621178162546 0.9995057386031808 -0.10634794382837
0.9994045008072683 -0.017515444888685866 -0.029729510846892262 0.3711030376285366 0.017286690280462938 0.9998190920541807 -0.007934149358119189 -0.266366270860565 0.02986310372334772 0.007415495751532942 0.9995264869877187 -0.0920955853811626
0.9994254424524165 -0.018961731412611704 -0.02809300761605286 0.3738692972028922 0.018816903261620464 0.9998083025765022 -0.005410671224061158 -0.2816698441664033 0.028190219699790322 0.004878929522758144 0.9995906626477654 -0.070700756832901
0.9994414294598909 -0.020412218364049158 -0.026460257002691202 0.3766355567772478 0.020342940504235806 0.9997888945652007 -0.002884708672994366 -0.2969734174722415 0.02651355560522233 0.0023448057372202663 0.9996456958633203 -0.0493059282846393
0.9994524618296915 -0.021866905742998252 -0.024831259006807486 0.3794018163516034 0.02186480200830898 0.9997608680202767 -0.0003562617049190028 -0.31227699077808 0.024833111439643958 -0.00018687560508050336 0.9996915866343835 -0.0279110997363773
0.9994585395618182 -0.02332579354945897 -0.023206013628401714 0.382168075925959 0.023382487773839965 0.9997242229417298 0.0021746696801650863 -0.3275805640839182 0.023148887203055187 -0.0027161145041443204 0.9997283349609548 -0.0065162711881156
0.9994596626562711 -0.02478888178343132 -0.021584520867473894 0.3849343355003146 0.02489599780082878 0.9996789593295602 0.004708085482258148 -0.3428841373897564 0.021460882895456036 -0.005242910959971431 0.9997559408430344 0.0148785573601459
0.9995350413293654 -0.022930094560881034 -0.020097349123378842 0.3791716566008109 0.02305249434818369 0.9997169620346198 0.005879894958635903 -0.3411705631222042 0.019956832982336685 -0.006340459275690286 0.9997807356596892 0.0160548044011782
0.999616407342591 -0.02049155170442947 -0.018631221800353648 0.3719186051926594 0.02062151427032797 0.999764155375749 0.006810239610908555 -0.3364833610114309 0.01848727308793644 -0.00719183725511234 0.9998032266536419 0.0136979953491703
0.9996896862887013 -0.018054241010609796 -0.017162879112658444 0.3646655537845079 0.01818915021346662 0.9998046239662738 0.00773703610932638 -0.3317961589006576 0.017019837026742042 -0.00804681892277243 0.9998227680538355 0.0113411862971624
0.999754878167696 -0.015618162479422026 -0.01569232106029284 0.3574125023763563 0.015755402177599638 0.9998383678061941 0.008660284453888983 -0.3271089567898844 0.015554524798753086 -0.008905404278670152 0.9998393598602702 0.0089843772451544
0.9998119829795755 -0.01318331611086615 -0.014219547643257032 0.3501594509682046 0.013320270162727025 0.9998653868955097 0.009579984644596556 -0.322421754679111 0.014091336403969772 -0.009767593322805707 0.9998530020729458 0.0066275681931465
0.9998594364826631 -0.010927592900565195 -0.012715900542644643 0.3417364457914835 0.011053067142980579 0.9998905016876699 0.009839393729231852 -0.3170996437608714 0.012606986949452923 -0.00997856079931375 0.9998707373508247 0.0037730069540511
0.9998935308724682 -0.009494009840653784 -0.011080936226997106 0.3278921055463194 0.009572509882219974 0.9999293094509547 0.007052715732884654 -0.3088354906221184 0.011013193227942959 -0.007158038963266889 0.9999137308676037 -0.0013880397716893
0.9999228950381623 -0.008055877527048842 -0.009450032807421281 0.3140477653011551 0.008096457052681725 0.9999581324907408 0.004263641879646319 -0.3005713374833653 0.009415288948631874 -0.004339826742277055 0.9999462563867534 -0.0065490864974298
0.9999475289797454 -0.006613195959750371 -0.007823190283917168 0.300203425055991 0.00662490865436583 0.9999769708070282 0.001472172169517048 -0.2923071843446123 0.00781327411151966 -0.0015239241363444484 0.9999683139082733 -0.0117101332231703
0.9999674326972174 -0.0051659651387583735 -0.006200408656484765 0.286359084810827 0.00515786468727229 0.999985824399817 -0.0013216933975033584 -0.2840430312058593 0.0062071487166063255 0.0012896688545311298 0.9999799034321639 -0.0168711799489107
0.9999826061905784 -0.003714185064072848 -0.004581687925123872 0.2725147445656627 0.003695325151401106 0.999984693269107 -0.004117954821415101 -0.2757788780671062 0.004596912763891666 0.0041009522303498795 0.999981024958425 -0.0220322266746512
0.999984305104067 -0.0011537652253757046 -0.005482501990812708 0.2825153876269331 0.0011273717720134667 0.999987773578038 -0.004814696680156939 -0.2636981026586023 0.0054879900840124314 0.004808440187728322 0.9999733796188593 -0.02338133915382
0.9999576388259303 0.0024988059058886395 -0.008858498310021338 0.3160060018362302 -0.0025292956533034265 0.9999909109493755 -0.0034321894833027116 -0.2478575281406908 0.008849841058580388 0.0034544507806320525 0.9999548706426373 -0.0209752707498897
0.9999062645339273 0.006155859259318534 -0.012229376713401281 0.3494966160455278 -0.006181225949476773 0.9999788193478817 -0.0020374167746798023 -0.2320169536227792 0.012216574961106496 0.0021128223142739553 0.9999231386313059 -0.0185692023459593
0.9998301822280579 0.00981739483491378 -0.01559513720095254 0.3829872302548249 -0.009828419116506375 0.9999514987735566 -0.0006303785542882125 -0.2161763791048678 0.015588191791590765 0.000783554788654031 0.9998781835848649 -0.0161631339420289
0.9997293919083223 0.013483412632674175 -0.01895577977267492 0.416477844464122 -0.013470875154392032 0.9999089492264003 0.000788925177871855 -0.2003358045869565 0.018964691550032987 -0.0005333517962275245 0.9998200055033147 -0.0137570655380985
0.9996038935747203 0.01715391265260013 -0.02231130442856881 0.4499684586734191 -0.017108594063134145 0.9998511707064126 0.0022204944218008065 -0.184495230069045 0.022346074236433568 -0.0018378974403711053 0.9997486043866549 -0.0113509971341681
0.9995601717599355 0.021484727298972797 -0.020441047495091055 0.4539562383201223 -0.02138645465932718 0.9997587015701436 0.0050139836241456645 -0.1757084134783509 0.020543843041464713 -0.004574600263130228 0.9997784789011308 -0.007180501500707
0.9995104273602478 0.02594189218798534 -0.01748883536276873 0.4519012687190648 -0.02580384449864703 0.9996344033226522 0.008072989666279522 -0.1683663424872075 0.0176918834986196 -0.007617728189503582 0.9998144543080917 -0.002648617157583
0.9994325600220555 0.030389922798097754 -0.014523259715301086 0.4498462991180073 -0.030229811699787994 0.9994810902895988 0.011118923602599567 -0.1610242714960642 0.014853651572182172 -0.010673545325277034 0.9998326956346362 0.0018832671855409
0.9993265697453586 0.03482881912931043 -0.011544320552688524 0.4477913295169497 -0.034664356262750474 0.9992987624709835 0.014151785433105806 -0.1536822005049207 0.012029147262152831 -0.013742051670450573 0.9998332028807644 0.006415151528665
0.9991924565301572 0.039258581181623176 -0.008552017874930639 0.4457363599158923 -0.03910747818753427 0.9990874198668065 0.017171575157798227 -0.1463401295137773 0.009218370568531172 -0.016823247225024207 0.9998159760464763 0.010947035871789
0.9990592745917423 0.0429217954228986 -0.006186900471046965 0.4504020528454852 -0.04279701637689751 0.9989019952395498 0.019058080539369828 -0.1367710016128357 0.006998117532548784 -0.01877537009713474 0.9997992349508829 0.013269269947671
0.9990704438563376 0.042488709453982414 -0.007274085957832327 0.4913593234405941 -0.04237690674079215 0.9989907143410355 0.014889630002064138 -0.1151757663989825 0.00789940077911435 -0.014567528117399656 0.9998626805101707 0.0036593925804448
0.9990804417568175 0.04205144858735449 -0.008359502212908616 0.5323165940357029 -0.04196095455354015 0.9990616992570024 0.010720669120492599 -0.0935805311851294 0.008802493879479859 -0.010360025344584212 0.9999075854369955 -0.0059504847867813
0.9990892682931822 0.04161001282301482 -0.00944314923627564 0.573273864630813 -0.04154915981514148 0.9991149499874507 0.006551197894655008 -0.0719852959712755 0.009707396833645104 -0.006152861778688221 0.9999339497313576 -0.0155603621540079
0.9990969234654318 0.041164402160963225 -0.010525027027933388 0.6142311352259218 -0.041141522525595976 0.9991504665323804 0.002381216324551766 -0.0503900607574224 0.010614109641610098 -0.0019460374197120816 0.999941773393257 -0.0251702395212341
0.9991034072735658 0.04071461660120006 -0.011605135587881659 0.6551884058210307 -0.040738042684904 0.9991682488917915 -0.0017892755898171332 -0.0287948255435692 0.01152263230337464 0.002260447732344206 0.9999310564226935 -0.0347801168884603
0.9992012043022553 0.03857609145739023 -0.010430777166551004 0.687581870111496 -0.03860446251896964 0.9992513437814241 -0.002532270566774578 -0.0258164130241898 0.010325280531232363 0.0029329317197896985 0.9999423902394862 -0.0474770608702429
0.9993769884881651 0.03462165462582665 -0.0068486200339665845 0.7107903193498303 -0.03461964512502617 0.9994004407744581 0.0004117748066056661 -0.0428052662962937 0.006858770794896447 -0.0001744076950112785 0.9999764617794675 -0.0634850037598661
0.9995245729259006 0.03065633031430548 -0.0032782874598078333 0.7339987685881646 -0.030645277496012716 0.9995246068994569 0.0033699873025477604 -0.0597941195683976 0.003380047958434196 -0.0032679135372820447 0.9999889471294944 -0.0794929466494893
0.9996439576154614 0.026680118522826334 0.0002802205559253135 0.7572072178264996 -0.026681359631928893 0.9996238421564203 0.006342366921051903 -0.0767829728405021 -0.00011088797815445176 -0.006347585807022801 0.9999798462895664 -0.0955008895391129
0.999735142556848 0.022693019251390008 0.0038269040132326657 0.7804156670648339 -0.022727891532775497 0.9996981465453486 0.009328913662117699 -0.0937718261126059 -0.0036140370148693137 -0.009413424504233145 0.9999491592596839 -0.1115088324287361
0.99979812775006 0.018695032499995896 0.007361762912114411 0.8036241163031682 -0.01878487319855193 0.9997475200662417 0.01232962752574534 -0.1107606793847098 -0.0071293991517105745 -0.012465429628913274 0.9998968860398466 -0.1275167753183593
0.9997854927979902 0.020310654786332313 0.0040530508825792795 0.8204663705791416 -0.02035121026216739 0.9997405553932792 0.010228773232214794 -0.11987130399723 -0.003844237267832614 -0.010309067034482674 0.9999394680500696 -0.1464877537550016
0.9997294988311264 0.023240304358691035 -0.0008809278108610134 0.8358031722596879 -0.023233648894220905 0.9997060027645097 0.006932576319254999 -0.1271189162683029 0.001041796310518346 -0.006910232172484072 0.999975579509551 -0.1661594191138911
0.9996409424581854 0.02615337863802089 -0.005824406534997021 0.8511399739402342 -0.026132389240988534 0.9996517936200126 0.0036508109052584715 -0.1343665285393758 0.005917867709409387 -0.0034972808758805558 0.9999763715743059 -0.1858310844727806
0.9995198236791669 0.029049877624322092 -0.010777385289828948 0.866476775620781 -0.02904743130247048 0.9995779279597876 0.00038347699022501624 -0.1416141408104489 0.010783976928840708 -7.021314467192484e-05 0.9999418442443342 -0.2055027498316707
0.9993661424940711 0.03192980131759423 -0.015739864075356384 0.8818135773013273 -0.031978775078666345 0.999484405783835 -0.002869425425844973 -0.1488617530815218 0.015640123968811915 0.0033709710211414145 0.9998719975196361 -0.2251744151905602
0.9992156838020219 0.03441634621717972 -0.019583884008996175 0.8959060226222649 -0.034530022207705194 0.9993885461496562 -0.005496216356575937 -0.160008453419193 0.019382749189781702 0.00616813918148138 0.9997931096376057 -0.2400352906699791
0.9992740348253348 0.03447880507255537 -0.016204653968587574 0.9020253697871912 -0.03455101857456417 0.9993941100734309 -0.004197547650547242 -0.1961381995169238 0.016050106695379086 0.004754397079254444 0.999859882709569 -0.2240714754401928
0.9993211162949388 0.0345367111724736 -0.012825306504730339 0.9081447169521172 -0.03457656920810964 0.9993978321358497 -0.00289899323915955 -0.2322679456146545 0.012717459154561704 0.0033404911903829044 0.9999135477978799 -0.2081076602104065
0.9993569282108337 0.0345900645169348 -0.009445841617424258 0.9142640641170436 -0.034606674108341985 0.9993997123369124 -0.0016005531224128613 -0.2683976917123853 0.009384806567329353 0.001926421514866761 0.9999541049025381 -0.1921438449806202
0.9993814705730195 0.03463886510593875 -0.006066259306669738 0.9203834112819697 -0.034641333275261005 0.9993997506766192 -0.00030222730030716907 -0.3045274378101161 0.006052148933682431 0.0005121880527060185 0.9999815540235439 -0.1761800297508339
0.9993947433814964 0.03468311293948547 -0.0026865595724663814 0.926502758446896 -0.03468054670886669 0.99939794715497 0.0009959842271573187 -0.340657183907848 0.002719486253620538 -0.0009022091960991296 0.9999958951608974 -0.1602162145210471
