0.9999431500353043,0.0051666487123061796,-0.009327509772529089,-0.10713076830463611,0.0014455592832799521,-0.9323757284135276,-0.36148777492980577,0.13051801204279326,-0.010564424065301616,0.3614537408942214,-0.9323301915832938,-0.06662807063786426,0.0,0.0,0.0,1.0
0.9999987272132478,0.0012191250955088343,-0.001029225867601418,-0.10645476800774581,0.0007612940839825824,-0.9315127749125562,-0.3637078093827886,0.12931994166099142,-0.0014021423617922813,0.36370656291674297,-0.9315125174081593,-0.0627349845773399,0.0,0.0,0.0,1.0
0.9999894513558372,-0.0008589045128266893,0.0045121458407794985,-0.1035824183652597,0.0008483721136450403,-0.9309200925793579,-0.3652219345778626,0.1273364525446681,0.004514137991622235,0.3652219099603386,-0.9309095439639208,-0.06066132442309928,0.0,0.0,0.0,1.0
0.9999654761157102,-0.003000244652846039,0.007748877899671225,-0.09988249668990364,5.643526123339811e-05,-0.9300669104963751,-0.3673901724526518,0.12736782160289065,0.008309235328370109,0.36737792602679736,-0.9300346316543846,-0.05771031408429111,0.0,0.0,0.0,1.0
0.9999193765178668,-0.004684746003254763,0.011802271773065694,-0.09721200845690608,-1.854380855303738e-05,-0.9299932224095555,-0.3675766667355507,0.12604393184221224,0.012698036078365784,0.3675468125656593,-0.9299183299906376,-0.05520613918897669,0.0,0.0,0.0,1.0
0.9998895991286291,-0.00565758522970195,0.013739770149388039,-0.09416564167630304,-0.00021008016562794308,-0.9299674693130063,-0.36764175753834927,0.12588381019685527,0.014857503852039414,0.36759828311477605,-0.9298659886404897,-0.051964987182826126,0.0,0.0,0.0,1.0
0.9998690147532506,-0.005389415557419568,0.015261308473215655,-0.09129148047318551,0.0005845675975802443,-0.9302902403802537,-0.3668238363765008,0.12498941150787103,0.016174412418664835,0.36678470913220934,-0.9301652356058636,-0.04933597122424408,0.0,0.0,0.0,1.0
0.9998766744581825,-0.0054932237153323404,0.014712592146166822,-0.08758094611817081,0.00021129636850540173,-0.9320402726207171,-0.36235464060357214,0.12117819520447774,0.015703223499995016,0.3623130617384813,-0.9319241675508778,-0.04645653932605657,0.0,0.0,0.0,1.0
0.9999042554157317,-0.0058495758714554305,0.012540433151778533,-0.08367679097337129,-0.0009356601551951226,-0.9327627568132695,-0.3604896171073214,0.12163640867868121,0.013805960364426658,0.3604433685951697,-0.9326789230459659,-0.044182609583428185,0.0,0.0,0.0,1.0
0.9999258136977025,-0.005032514826181255,0.011092380065200377,-0.08093761693170087,-0.0007405444205535157,-0.9340916539063708,-0.35703253870819923,0.12154285301965244,0.012158071185339226,0.35699783738418484,-0.934026083901337,-0.04214703582028079,0.0,0.0,0.0,1.0
0.9999593685254538,-0.0037461220335965628,0.008199260203556422,-0.07841118388997742,-0.0006027011843765512,-0.9353110203671431,-0.3538261323461797,0.12191329964641469,0.008994334297688342,0.35380681416485366,-0.9352752750934122,-0.040680203840702,0.0,0.0,0.0,1.0
0.9999879604362859,-0.0021890901470661877,0.00439168154637011,-0.07586859911832038,-0.0005248341415600467,-0.9375566596579189,-0.3478321929899655,0.12014475018822472,0.004878886307402844,0.34782570033770177,-0.937546520794028,-0.038252321071065506,0.0,0.0,0.0,1.0
0.9999997337771794,-0.000671409712723996,0.0002857526335176555,-0.07368008912052465,-0.0005336194548680669,-0.939990099896782,-0.3412013003291675,0.11851780381197972,0.0004976905135610898,0.3412010570104305,-0.9399902079272515,-0.03637592634445893,0.0,0.0,0.0,1.0
0.9999928696883224,0.001119466621480062,-0.003606572749446447,-0.07212326121223113,-0.00014800452694764863,-0.942698044983914,-0.3336470801283393,0.11717757413154452,-0.0037734158495533847,0.3336452349097614,-0.9426911575669078,-0.03369563724150787,0.0,0.0,0.0,1.0
0.9999631062510221,0.0037141700614690765,-0.007745390730056993,-0.07110526338740777,0.0009975215952223965,-0.945797111228822,-0.32475656935908503,0.11365089390695741,-0.00853176930500532,0.32473686167721943,-0.945765922192461,-0.03369231203530206,0.0,0.0,0.0,1.0
0.9999098650744562,0.005974545910469257,-0.012023582159495984,-0.07042395102022105,0.0018778003080257865,-0.9489636496042265,-0.3153798750647065,0.11064005798637508,-0.013294193950203724,0.31532887043686686,-0.948889333840477,-0.03388666522320185,0.0,0.0,0.0,1.0
0.9998051975976479,0.00904632076067801,-0.01754226146833083,-0.06916253811946209,0.0032708206098681757,-0.9524303583227056,-0.304738763989455,0.10675431071626051,-0.019464546983334084,0.30462202255578563,-0.9522744114932187,-0.032405788154462885,0.0,0.0,0.0,1.0
0.9996651246516156,0.01090476891180086,-0.02346752160433622,-0.06728054484122856,0.003495486231069808,-0.955465860418771,-0.29508095694271064,0.10391210784418123,-0.025640205367316524,0.2949001112058075,-0.9551840159254783,-0.033373887778200814,0.0,0.0,0.0,1.0
0.9995529659573134,0.014159282861249902,-0.026332165782424206,-0.06837416107492165,0.006016662185350092,-0.9579896720859946,-0.2867395821171465,0.10358598147785004,-0.029285969713931884,0.286452968016433,-0.9576466097117929,-0.03291088650260419,0.0,0.0,0.0,1.0
0.9993361786201265,0.01716131938588648,-0.03213551334363266,-0.06785481893416591,0.007553692188543273,-0.9605359405274674,-0.27805331986749343,0.10294810797026,-0.03563907736241129,0.27762600035290186,-0.9600279475581982,-0.03202619093262727,0.0,0.0,0.0,1.0
0.9989032820526542,0.01773404222226293,-0.04333286109750196,-0.06098604747607291,0.00543623000353064,-0.9631636441736485,-0.26886100860014245,0.10353295124670213,-0.04650462888557564,0.26833057650703196,-0.9622037316512645,-0.029522232112038332,0.0,0.0,0.0,1.0
0.9986409696683649,0.02172582444991939,-0.04737301185061961,-0.06377740557592772,0.008674968916255809,-0.9655816161008992,-0.25995554920462366,0.10334957832107285,-0.051390257969090365,0.2591913023231043,-0.9644578322487323,-0.026962399347569933,0.0,0.0,0.0,1.0
0.9983147760613694,0.02438711813715946,-0.0526581082693039,-0.0642825762271645,0.010664758120269431,-0.9690574877557167,-0.24660463977552272,0.09879392117078027,-0.05704271059279751,0.2456274697454326,-0.9676844915956249,-0.026227858657799752,0.0,0.0,0.0,1.0
0.9978005002928857,0.02583233889975023,-0.061047947403949865,-0.06153477053128898,0.010846765704202456,-0.9721565685847128,-0.2340810838819631,0.09560730675107795,-0.06539502495622365,0.23290404982431065,-0.9702985078244786,-0.02398253400695656,0.0,0.0,0.0,1.0
0.9973701896436155,0.027565204394634876,-0.06702883198251701,-0.060431695500855837,0.01202988897940044,-0.9749828205273402,-0.22195445804870828,0.09274508024124238,-0.07147017966538068,0.2205644105091175,-0.9727504069571823,-0.024804667770743093,0.0,0.0,0.0,1.0
0.9968881092202744,0.02988537780673301,-0.07294492366556733,-0.059565217540203,0.013875158090735973,-0.9774249835184607,-0.21082666240751902,0.09102711080028532,-0.07759882526935379,0.2091584705128763,-0.9747980080660457,-0.02225116334248394,0.0,0.0,0.0,1.0
0.9962617392666384,0.03088855602069763,-0.08067492782995332,-0.05737845554413195,0.01427268672957069,-0.9799097580317487,-0.19893002922555264,0.08806207100272877,-0.08519881036101083,0.1970349289367647,-0.9766874625446733,-0.021238295083541275,0.0,0.0,0.0,1.0
0.9957578401490156,0.030608928674084147,-0.08677221483396401,-0.05566902990383305,0.014195517679193385,-0.982860555495345,-0.18380319836499395,0.08246517758245546,-0.09091100626209393,0.18179169930666927,-0.9791256134958409,-0.019514750573236025,0.0,0.0,0.0,1.0
0.9953909117454363,0.030207652373399757,-0.09101884723877994,-0.05578251436552375,0.01422469531303227,-0.985102874418349,-0.17137673370664436,0.07954999650830832,-0.09483981683786573,0.1692921278464965,-0.9809921429814642,-0.01894795622852574,0.0,0.0,0.0,1.0
0.9948171731125193,0.03054239320678076,-0.09698429923249768,-0.05426343827348393,0.014710270112018259,-0.9870168592086418,-0.1599416380782054,0.07726085020146148,-0.10061013882133212,0.1576860230176111,-0.9823506085462774,-0.018404690540536763,0.0,0.0,0.0,1.0
0.9943792749617042,0.030066605612851773,-0.10151776570412467,-0.05364103040330832,0.014683018518075798,-0.9887266657876304,-0.1490100309632651,0.07463509555818082,-0.10485354783618037,0.14668189931752526,-0.9836107735881958,-0.019041673066691897,0.0,0.0,0.0,1.0
0.9937336223577996,0.029522962596126363,-0.10780483511974433,-0.05103666124078759,0.014554101574647144,-0.9904526559915974,-0.13708287408186845,0.07117572855340397,-0.1108226778371755,0.13465485850402226,-0.9846757858088414,-0.01828546578729244,0.0,0.0,0.0,1.0
0.9931604009210401,0.030048062266463164,-0.11282522765937132,-0.04859345605009274,0.015729857170727505,-0.9919418708070237,-0.12571354952132352,0.0675616559163062,-0.11569351596241999,0.12307899452746798,-0.9856300378287793,-0.016921272493235086,0.0,0.0,0.0,1.0
0.9927706406940968,0.029833702760174396,-0.1162600755007864,-0.04730679967290979,0.016185923703078635,-0.9930456482364185,-0.11661199077534697,0.06628094403010582,-0.11893052951075729,0.11388718408288549,-0.9863494504748112,-0.015713568471539135,0.0,0.0,0.0,1.0
0.9924040222487724,0.02891224858699492,-0.11957566017422425,-0.0456522603826124,0.01610718005996545,-0.9941608994023313,-0.1066989449341628,0.06335951720566382,-0.1219623522853409,0.10396243543314798,-0.9870749701232602,-0.013882338173879684,0.0,0.0,0.0,1.0
0.9922510964859346,0.02867372811545413,-0.12089490824026687,-0.04499662974834222,0.01672952794898917,-0.9949786283209293,-0.09867954235405689,0.061233512900583306,-0.123117360339903,0.09589236935524711,-0.9877483328674219,-0.012883801649563736,0.0,0.0,0.0,1.0
0.9920541329043467,0.0285207519378585,-0.12253637866488643,-0.04311187191812258,0.017327015406576676,-0.9956577011935959,-0.0914631980141984,0.059454896285578325,-0.12461288827607502,0.08861325387764152,-0.988240516935382,-0.010313711934891083,0.0,0.0,0.0,1.0
0.9922977753376221,0.027553614404825597,-0.12077219627561701,-0.04343582739979378,0.01736687673613773,-0.9962634816964319,-0.08460181221779425,0.056753657168627424,-0.12265201446546962,0.08185275420737723,-0.9890685567624871,-0.009231547082040438,0.0,0.0,0.0,1.0
0.992595638092341,0.026154972432615352,-0.1186162579797044,-0.043765117449626044,0.01687258152239058,-0.9967638117336413,-0.0785952900051425,0.05432816393943893,-0.12028805108084901,0.07601197955106352,-0.9898247136396928,-0.008882907717475123,0.0,0.0,0.0,1.0
0.9929576960464862,0.024602432310741627,-0.11588672998428029,-0.04393777194337836,0.016297191245027404,-0.9972659297870851,-0.0720768121064182,0.050996623483251735,-0.11734315241878035,0.06968059708624984,-0.9906438305315015,-0.008994868358908047,0.0,0.0,0.0,1.0
0.9929748096371681,0.022292825805477628,-0.11620695910158155,-0.038650511749395745,0.015165223332407444,-0.9979694506097505,-0.061862683832427386,0.04414413517611054,-0.11735008916617073,0.05966578221459346,-0.9912966009249767,-0.008144592895452838,0.0,0.0,0.0,1.0
0.9935802547000064,0.02306541084199216,-0.11075316832019606,-0.04140373644475672,0.016273002003236937,-0.9979530231912449,-0.06184620367700381,0.045872532182018456,-0.11195296724997607,0.05964688027168649,-0.9919217624378351,-0.006611708846205132,0.0,0.0,0.0,1.0
0.9938969222606034,0.021584926583448,-0.10818039963545394,-0.03939415944916281,0.01563278180416902,-0.9983324188476883,-0.05556975446038268,0.04120659373157136,-0.10919946911025989,0.05353944734596295,-0.9925769509332393,-0.004340073760275072,0.0,0.0,0.0,1.0
0.9943674268107179,0.02039353495187076,-0.10400732777068308,-0.03808062228125453,0.015107205101418943,-0.9985657567292474,-0.05136342903048118,0.03837518269717438,-0.10490563784590007,0.04950286072453229,-0.9932493513354198,-0.003532639644138001,0.0,0.0,0.0,1.0
0.994892361671609,0.01961193871092844,-0.09901798093016828,-0.03674292838452818,0.015020802429865872,-0.9987865913829241,-0.04690117661682407,0.03475116591674814,-0.09981765466014175,0.04517429284093306,-0.9939797377635373,-0.003323835561940311,0.0,0.0,0.0,1.0
0.9953863866804502,0.01853964903325312,-0.09413937871561029,-0.03477029263376509,0.01433838254329322,-0.9988791163233124,-0.04511010706261825,0.03382675143562077,-0.09487018497546784,0.043552180047415456,-0.99453650290768,-0.001575449955465347,0.0,0.0,0.0,1.0
0.9958437008290715,0.017567062114533676,-0.08936846114666473,-0.032391379455979044,0.01368228619143798,-0.9989423372716794,-0.04389762921582265,0.033229652397931526,-0.09004509183533765,0.04249241267401013,-0.9950307916348656,-0.0018474514765074487,0.0,0.0,0.0,1.0
0.9963082832134456,0.01674632766304508,-0.08419836880889997,-0.03010398803079004,0.013467503903107463,-0.9991343348677282,-0.03935996985570945,0.028784536099341847,-0.08478461616883923,0.0380807221337057,-0.9956713451048383,-0.0004684716587035357,0.0,0.0,0.0,1.0
0.9968692607799738,0.014548125897643812,-0.07771762312921256,-0.02877627968499142,0.01184014641102059,-0.9993104394801098,-0.03519171037382904,0.024922567993348327,-0.07817600555767482,0.0341613462693755,-0.9963541110348823,-0.00035406119026947034,0.0,0.0,0.0,1.0
0.9973700499082192,0.013670845628060695,-0.0711764815503727,-0.027227415985584758,0.011228539138202593,-0.9993381209146964,-0.03460115598510728,0.024337181210819674,-0.07160239838789384,0.0337109487629406,-0.9968634151570632,-0.0002716066278713821,0.0,0.0,0.0,1.0
0.9979023294036576,0.012958969499142586,-0.06342717146677027,-0.026408859765589553,0.010984236826647807,-0.9994470378032774,-0.031384154721619234,0.02042119469316026,-0.06379880494249794,0.030621622030433223,-0.9974928715294835,-0.00038435710078219335,0.0,0.0,0.0,1.0
0.9982771232718081,0.011393093084189664,-0.05755851441914921,-0.023450954173653886,0.009753434374919151,-0.9995408328189387,-0.028687872795247676,0.017455723770803663,-0.05785892904348095,0.028077053933722392,-0.997929868964921,0.00047115132991694294,0.0,0.0,0.0,1.0
0.9987305393213027,0.009152453775399359,-0.049533245571719446,-0.021232782227204323,0.007933482132330489,-0.9996621899897823,-0.024750065981494516,0.013992136489462475,-0.04974303658036046,0.024325675627236282,-0.9984657689761044,-0.00037442111848710137,0.0,0.0,0.0,1.0
0.9989903298795383,0.00728088486727753,-0.04433181163365433,-0.01737652375053595,0.006229944836568826,-0.9996973658621825,-0.02379841329892864,0.013532502319386195,-0.044491668821316076,0.02349820001112348,-0.9987333608134514,0.00039962631345872023,0.0,0.0,0.0,1.0
0.9992889398196677,0.00602207173430075,-0.037220282187426124,-0.015413839084701595,0.0052011706395760846,-0.999741952179484,-0.022112821537113397,0.012559817043123015,-0.03734384257227296,0.021903508951333583,-0.9990623973093752,0.0006953827248709274,0.0,0.0,0.0,1.0
0.9995799058723451,0.004854647896898755,-0.028573487187090598,-0.014751607265057295,0.00431061430142931,-0.9998088451875831,-0.019070702373428547,0.010136801546454414,-0.0286606067726768,0.01893952160084083,-0.999409757877595,0.0010205353876602298,0.0,0.0,0.0,1.0
0.9997577830195159,0.0040332268359086305,-0.021635812284097444,-0.01273805409670023,0.00369001942089221,-0.9998671042861789,-0.01587946860084562,0.007658609376486244,-0.021696982476280737,0.015795785756394336,-0.9996398021806466,0.0018852702791941711,0.0,0.0,0.0,1.0
0.999888834403097,0.0026969250417635854,-0.014664427412461501,-0.011137998414395207,0.0025004313436384025,-0.9999070734140458,-0.013401208141567764,0.005997879396428286,-0.014699206751113967,0.013363050994326853,-0.9998026616232879,0.004104473342216438,0.0,0.0,0.0,1.0
0.999961588088118,0.0015020006321297946,-0.008635180507029397,-0.008078141042825185,0.0014222642637394954,-0.9999563668626853,-0.009232634247210202,0.0029604983065475775,-0.008648671149488127,0.009219998095430977,-0.9999200928686595,0.00342710193852658,0.0,0.0,0.0,1.0
0.9999935030190326,0.00040291406318309904,-0.0035821194818052545,-0.004061088476472383,0.0003810817648891389,-0.9999813624902925,-0.006093393861103062,0.0018309672740332628,-0.003584507834097791,0.006091989192024948,-0.9999750191736148,0.0038197970320694974,0.0,0.0,0.0,1.0
0.9999976807601659,0.00013390879405020704,0.002149544771239343,-0.0002882331883987337,0.00013370363504101027,-0.999999986493287,9.5586420936443e-05,-0.0012852925227177486,0.002149557542068414,-9.529879729900992e-05,-0.999997685157577,0.0020381579225216694,0.0,0.0,0.0,1.0
0.9999925170940251,-0.0002659630899509733,0.0038594066371117207,0.005162996930454066,-0.00026827109428215825,-0.9999997855031103,0.0005975151490624194,0.001026113075399404,0.003859246892305663,-0.0005985460451545582,-0.9999923739489497,0.00443423135842482,0.0,0.0,0.0,1.0
0.9999566657216471,-0.0005244078846723044,0.009294712218020085,0.008154726741213075,-0.0005938097846311555,-0.9999719554924797,0.007465629141985629,-0.0025327474234191714,0.009290536517607292,-0.007470824915394704,-0.9999289338279488,0.0029679870160024095,0.0,0.0,0.0,1.0
0.9998810186353058,-0.001270376058170723,0.015373181762243206,0.00971128136563098,-0.0014746368917952432,-0.9999106924034789,0.013282795761164713,-0.004766448557720145,0.01535493467460858,-0.013303885216968967,-0.9997935950081257,0.00380578591496389,0.0,0.0,0.0,1.0
0.9998070888923408,-0.002021713445574872,0.019537084617895696,0.013208267537252735,-0.002396284936655225,-0.9998134057581971,0.019167980715170313,-0.006474415440819983,0.019494686946068002,-0.01921109942035498,-0.9996253752481158,0.0045259538624179965,0.0,0.0,0.0,1.0
0.999716153142831,-0.0023994108559150453,0.02370350127817146,0.016357553889436393,-0.0029267565322535017,-0.9997484209809335,0.02223800445928087,-0.004991406477928204,0.023644179865257974,-0.022301066648808557,-0.9994716680250745,0.006683493788490241,0.0,0.0,0.0,1.0
0.9996384920033551,-0.0032148634029489057,0.02669363142319624,0.020620178591695466,-0.003948760596177642,-0.9996143807062203,0.027486308865936022,-0.005671261525150262,0.026594973115443166,-0.027581779105415555,-0.9992657068399622,0.008196148300954765,0.0,0.0,0.0,1.0
0.9995351477572819,-0.004006640797520073,0.030223090962863453,0.02484626107093998,-0.005033397501676846,-0.9994100631350252,0.03397338096267012,-0.007025655580467182,0.030069142113136254,-0.03410971319088232,-0.9989656521415616,0.009440317856573266,0.0,0.0,0.0,1.0
0.9993704294045253,-0.004306817948612408,0.03521641876982415,0.027372389730176715,-0.005743261655403094,-0.9991512286138086,0.040790161866246455,-0.008786217586771776,0.035010852279995834,-0.04096673868731218,-0.9985469275622221,0.00950472193493202,0.0,0.0,0.0,1.0
0.9991989265353203,-0.003960180354023488,0.03982238293004627,0.029964526077953885,-0.005877102543862029,-0.9988235210302909,0.04813557418729754,-0.010399551350267464,0.039584907178779195,-0.04833105428412979,-0.9980466643977284,0.007406288066145105,0.0,0.0,0.0,1.0
0.9990346324148532,-0.0038469494470287527,0.04376076114134891,0.03253379734935727,-0.006237197927022004,-0.9984879438530144,0.05461614543519828,-0.011091094311047238,0.04348448686298759,-0.05483636530744522,-0.9975480301429757,0.00685108110913746,0.0,0.0,0.0,1.0
0.998991349394279,-0.0032201959508081877,0.044787433208820886,0.03720652377685238,-0.00596651406421007,-0.9981002532517946,0.06132116411668359,-0.011948018311789892,0.044504882263834575,-0.06152653733749411,-0.9971127321712125,0.007980413032888798,0.0,0.0,0.0,1.0
0.9989145222925263,-0.002738038210979054,0.046500325803693475,0.041574349331087425,-0.005905564502500866,-0.9976597718014674,0.06811830911693736,-0.012448935897654516,0.04620499389677726,-0.06831897888434113,-0.9965930040207988,0.008695243594056271,0.0,0.0,0.0,1.0
0.9988365993869819,-0.0024437473538575097,0.0481609367010234,0.04627389940470802,-0.00603401603056606,-0.9971994953916646,0.07454365862467591,-0.012429167616820294,0.04784389590733953,-0.07474753835063642,-0.9960540984981329,0.00914359465701613,0.0,0.0,0.0,1.0
0.9986396046334278,-0.002184710507278466,0.0520976688306503,0.048435133337759555,-0.0063858683806537345,-0.9967252127480346,0.0806106131809572,-0.011468001571479525,0.051750949195291975,-0.08083363973238081,-0.995383223660617,0.009808012358153555,0.0,0.0,0.0,1.0
0.9985040713163033,-0.002125250664627141,0.054636094977403765,0.05159416760768893,-0.006814945021145355,-0.9962896905159643,0.0857928265996825,-0.010186121397425316,0.05425104689428721,-0.08603682863295767,-0.9948137956570853,0.010945496438857023,0.0,0.0,0.0,1.0
0.9984341667867035,-0.00192217560420066,0.055906348779791254,0.055680826631105164,-0.007056124405567968,-0.9957543475020857,0.09177957582746081,-0.009769669960715547,0.055492573388825635,-0.0920303464713792,-0.9942087253826752,0.014516083632692033,0.0,0.0,0.0,1.0
0.9981992012004851,-0.002243822709364764,0.05994430733908105,0.05703894019313615,-0.008107977748488447,-0.9951766278346568,0.09776369524762729,-0.009392257141433507,0.05943580923604291,-0.09807366961264308,-0.993402707822546,0.016083263039276544,0.0,0.0,0.0,1.0
0.9979859446114234,-0.0016880317071421653,0.06341297112580356,0.05896268184823309,-0.008277064081826583,-0.9945649500132733,0.10378848883802261,-0.009468904240328565,0.06289312019793301,-0.1041043262984334,-0.9925758130630213,0.017214625365932226,0.0,0.0,0.0,1.0
0.9978705159085444,-0.0014253467731672534,0.06521044292896544,0.06285792149834307,-0.008671312333943141,-0.9937860044734921,0.11096930050703001,-0.010890662785019727,0.06464705579392492,-0.11129845326503217,-0.9916821126137088,0.01772356511315338,0.0,0.0,0.0,1.0
0.9975942958947311,-0.0009837310126850631,0.06931560482020038,0.06523812227060641,-0.009271009238741577,-0.9928102923608212,0.11933889462415823,-0.01330915322389156,0.06869984851504894,-0.11969442616811968,-0.9904310047440427,0.014600099083401702,0.0,0.0,0.0,1.0
0.9975461677544911,-0.0006733974262857191,0.07000849758590229,0.0676658987032652,-0.00892533077580773,-0.9930180012884675,0.11762477454856021,-0.005062375984456399,0.06944049012551275,-0.11796099208197372,-0.9905873119913081,0.02028745233460007,0.0,0.0,0.0,1.0
0.9974628562044847,-0.0008892212423143352,0.07118328299519738,0.07169442674552721,-0.009651456325307544,-0.9923789123714116,0.12284520206884282,-0.004680751680469497,0.07053155239460436,-0.12322054847352516,-0.9898696866510716,0.020454032830308166,0.0,0.0,0.0,1.0
0.9973704671182331,-0.000557040855262876,0.07246958690266692,0.07505569734501133,-0.009943063360979595,-0.9915659993684068,0.1292207583460645,-0.005599415966805617,0.07178639711921173,-0.1296015378073039,-0.9889641826611442,0.0213695244292032,0.0,0.0,0.0,1.0
0.9972031104077484,-0.00025968787886326226,0.07473880622084957,0.07737986368252829,-0.010192587647478556,-0.9911237892734949,0.1325509166064018,-0.003259216027475025,0.07404098696101098,-0.1329419681603759,-0.9883543723541093,0.0238823270076926,0.0,0.0,0.0,1.0
0.9970686525652178,0.000582335116084154,0.07650988797268211,0.08049406752471501,-0.009901421134134426,-0.9905804147645789,0.1365738032873047,-0.002305188118123387,0.07586872828316228,-0.13693101464112306,-0.9876709134615884,0.02424915320448955,0.0,0.0,0.0,1.0
0.9969496323458509,0.0012145571016506144,0.07803816640926586,0.08312548330834972,-0.009777908759190055,-0.9900574715248808,0.1403231826109176,-0.0015225619595573725,0.07743270023556197,-0.14065819538443824,-0.9870255564094697,0.025890956749161097,0.0,0.0,0.0,1.0
0.9968143939737623,0.0014458954738612872,0.07974317119980026,0.08575332176095375,-0.010049616801207396,-0.9895896487366858,0.14356647350740326,-0.0010508324780004897,0.0791205988910023,-0.14391051559730336,-0.9864226752927201,0.028447984687305673,0.0,0.0,0.0,1.0
0.9966886331192171,0.0014601489603217781,0.08129967143819976,0.08905344488130731,-0.010499011552052153,-0.9891583008032887,0.14647739316488687,-0.00038134217213617967,0.08063212366901568,-0.14684591896598506,-0.9858675046453554,0.02902325789517052,0.0,0.0,0.0,1.0
0.9966064015545628,0.00228993424896929,0.08228266270364369,0.0920337324613454,-0.010002526176369497,-0.9888362973708821,0.1486698573078479,0.0008597478303216072,0.0817045277237268,-0.14898836599875914,-0.9854576789220645,0.03105575720434167,0.0,0.0,0.0,1.0
0.9964715700567567,0.002468165447797826,0.08389468533789568,0.0947923221876119,-0.010154846222507265,-0.9886789467323666,0.14970243614041712,0.0023883281572424217,0.08331439951664694,-0.1500261592106548,-0.9851653984918877,0.03308963365374474,0.0,0.0,0.0,1.0
0.9963313650061255,0.002621781335097261,0.08553909847351573,0.09661362615000302,-0.010303826539822408,-0.9885843379082662,0.1503157942503448,0.004011499428253607,0.0849567081734464,-0.15064572050046987,-0.9849305684317176,0.03536336199777872,0.0,0.0,0.0,1.0
0.9962250808537995,0.0023185918878370062,0.08677679649247684,0.09968834380787321,-0.010860044354751143,-0.9884607424532533,0.15108745833250392,0.004413597692803659,0.0861257668439122,-0.15145951525216542,-0.9847042030605572,0.03708406875489682,0.0,0.0,0.0,1.0
0.9959745563888961,0.0021930864551581034,0.08960956086122734,0.10051437259965479,-0.011462736460250344,-0.9883765197613196,0.15159307654818766,0.004677938883751784,0.08890044262423363,-0.15201001794718014,-0.9843727270424113,0.038709675872429315,0.0,0.0,0.0,1.0
0.9957056673750821,0.0019762196898438313,0.09255440839246176,0.10096987967056309,-0.012164222875847796,-0.9883108954279095,0.15196580424658246,0.004381234303978416,0.09177284804868933,-0.15243906498736276,-0.9840427205293533,0.041037544132240346,0.0,0.0,0.0,1.0
0.9953490787961075,0.001793096133685402,0.09631716433738956,0.10009294207721776,-0.012730210447775482,-0.9886101770899276,0.14995952619349467,0.006200157792153543,0.09548902073901319,-0.15048821402514362,-0.9839894025637811,0.04423126286686444,0.0,0.0,0.0,1.0
0.9950950459700936,0.001513190005522471,0.098911878668763,0.10054892808225949,-0.013105508503721408,-0.9890529652180107,0.14697781342882846,0.008541989234861656,0.09805149225093819,-0.14755318447755644,-0.9841818747659887,0.047034124343641216,0.0,0.0,0.0,1.0
0.9947820780879721,0.0008255960952957002,0.10201928987237073,0.10058581990352457,-0.013961993518307512,-0.9894574142208141,0.14414953409725287,0.009606956925143507,0.10106275205024902,-0.1448217657486186,-0.9842829757308017,0.048909164002530085,0.0,0.0,0.0,1.0
0.9945280576333695,0.0006910977332476808,0.10446753066824577,0.10071194383276438,-0.014057957838258271,-0.9899978029938434,0.14038063929467132,0.010869395242978966,0.10351964258736371,-0.14108108466866126,-0.984570876649974,0.0522711002294749,0.0,0.0,0.0,1.0
0.9942874338005757,2.7562081135005146e-05,0.10673564646638724,0.10128098927877238,-0.01465052249937649,-0.9904997954181662,0.136731552565844,0.011478492029393259,0.10572540459492781,-0.13751419751030286,-0.9848410959674337,0.053994658991543217,0.0,0.0,0.0,1.0
0.9939634930761009,-0.0006805966974204656,0.1097092121022298,0.10086181383957417,-0.015218107936367459,-0.99116922180572,0.13172692562980695,0.013126643410195662,0.10865074147374078,-0.13260132176256423,-0.9851963793295362,0.05620043971801331,0.0,0.0,0.0,1.0
0.9940053276804106,-0.0016051527450792282,0.10931986108491383,0.10393105672586923,-0.015377259366880397,-0.992005523305454,0.12525406830053779,0.015884608426662443,0.10824485409165455,-0.12618425106223466,-0.9860834581040994,0.05879375202232682,0.0,0.0,0.0,1.0
0.9939802194599856,-0.001600961295253433,0.10954798147483678,0.10580526129892903,-0.014961469266446951,-0.9925095274799745,0.1212476486323213,0.015397154211977168,0.10853330253737441,-0.12215676315459895,-0.9865587906738869,0.06215380910269833,0.0,0.0,0.0,1.0
0.9939225098470469,-0.002727952262827401,0.11004818351885605,0.106885835417151,-0.015361938372151347,-0.993348120445528,0.1141206486871974,0.017990746375334397,0.10900484057507863,-0.11511763498173613,-0.9873529636596091,0.06665655777773861,0.0,0.0,0.0,1.0
0.9937349787220052,-0.00343895922234276,0.11170929067827906,0.10687159731016278,-0.015589686631160882,-0.9940198764363475,0.1080807425964993,0.01916237421989663,0.11066957005030507,-0.1091451272798543,-0.9878459330563368,0.07025236042876623,0.0,0.0,0.0,1.0
0.9935984062967594,-0.003764448589354087,0.11290720052927154,0.107644213089442,-0.015449761218604427,-0.9945821059972061,0.10279951025394299,0.018923985373955923,0.11190849781328999,-0.10388581884444349,-0.9882733552819241,0.07315985168277778,0.0,0.0,0.0,1.0
0.9933722610675476,-0.004419110535046293,0.11485652965168422,0.10719690711574205,-0.015685543916278234,-0.9951242641443195,0.09737382925240826,0.018706546888035164,0.11386621383711537,-0.09853004807319284,-0.98859815646859,0.07572272717230759,0.0,0.0,0.0,1.0
0.9932749080961895,-0.004791474125063744,0.11568058921969347,0.10785709477308268,-0.015273593948265987,-0.995833924115415,0.089897235267819,0.02064451177715374,0.11476791482993016,-0.09105952644618216,-0.9892100324850063,0.07899634690356235,0.0,0.0,0.0,1.0
0.9930605529319045,-0.005875225355776086,0.11745731112875635,0.1083647656925931,-0.015688189831437424,-0.996443025787144,0.08279599664218901,0.022112897300467473,0.11655307336313106,-0.08406413080011853,-0.989620433804006,0.08149916870228342,0.0,0.0,0.0,1.0
0.9930190703930023,-0.007149056371102063,0.11773706650337494,0.10964679498728865,-0.01626073541998595,-0.9969283440520668,0.07661243573471226,0.022275702026068826,0.11682771212096274,-0.07799210100136428,-0.9900851063731716,0.08496147249947743,0.0,0.0,0.0,1.0
0.9929358205306233,-0.008291987232958679,0.11836257539825223,0.11065674565407585,-0.016400188990574962,-0.9975712999369591,0.06769442623406197,0.02516859726659986,0.11751378688584552,-0.06915738926401058,-0.9906602673984327,0.08921271055847203,0.0,0.0,0.0,1.0
0.9930581738681727,-0.009625129832055749,0.11722977518244546,0.11387147905838221,-0.016703770629419926,-0.9980855174334755,0.0595506837602313,0.02743369660919781,0.11643215775880116,-0.06109547254312236,-0.9913177572677502,0.09279635311203162,0.0,0.0,0.0,1.0
0.9928982142185576,-0.010548523690448112,0.11849837488147755,0.11427354819851894,-0.016826812855860383,-0.9984997254263814,0.052107165462677414,0.028581076563522736,0.11777094111330258,-0.05373106151373752,-0.9915860923076191,0.09658771519350953,0.0,0.0,0.0,1.0
0.9930500224453949,-0.010857486075524413,0.11719115972342155,0.11728861417486257,-0.01618620856443976,-0.9988731268600693,0.04461483037170646,0.02938457280812898,0.11657469525376922,-0.04620163885521246,-0.9921067225825978,0.09882648044332108,0.0,0.0,0.0,1.0
0.9931439581217612,-0.011681155346735953,0.11631263498007259,0.11944350638485166,-0.016073095069285646,-0.9991899268187097,0.036893708934113874,0.030144737459692726,0.1157874520884534,-0.03851026816041185,-0.992527191156533,0.10190671569767805,0.0,0.0,0.0,1.0
0.9930284228295123,-0.012652240076206146,0.1171941648452936,0.11984577777344947,-0.016043804152068752,-0.9994779948047794,0.028041652043832115,0.032795112506530597,0.11677819916860281,-0.02972639773116372,-0.992713046895661,0.10291150540853666,0.0,0.0,0.0,1.0
0.9928269057197876,-0.014116355931352978,0.11872431837703805,0.1191223193536102,-0.01648975230179562,-0.9996828805646848,0.01903224566150199,0.035597305284791804,0.11841800263430542,-0.02085346017124474,-0.9927448362247914,0.10463558933879721,0.0,0.0,0.0,1.0
0.9928149934369939,-0.015110878667610735,0.11870151706105052,0.12086605256556915,-0.01657029025059964,-0.9997986503207019,0.011317433362457581,0.03729384633794676,0.11850660018628922,-0.01320303612036005,-0.9928654821019268,0.10697337841510307,0.0,0.0,0.0,1.0
0.9926995613453322,-0.016071018783160945,0.11953787374742574,0.12149318127964354,-0.016605674930311634,-0.9998560675332083,0.0034778983793733896,0.03827706499874272,0.1194647749962014,-0.0054375152689179924,-0.9928235497623973,0.10896713924290331,0.0,0.0,0.0,1.0
0.9926654644964602,-0.016757507548280648,0.11972661164835278,0.1226416840065216,-0.01626025702687779,-0.9998546382096641,-0.005128985478750378,0.040770376038020424,0.11979515698660795,0.0031445812742999474,-0.9927936502472018,0.1112741119921984,0.0,0.0,0.0,1.0
0.9926855014216338,-0.017861678704075595,0.11940040075792313,0.12340585043887972,-0.01631661008228508,-0.9997701775064409,-0.013905409169173625,0.0436782521197468,0.11962133381091747,0.011855488290738493,-0.9927488020112061,0.11465243278983457,0.0,0.0,0.0,1.0
0.9930068763526074,-0.017212623157960873,0.11679498756564846,0.12800671077010653,-0.014890886849522063,-0.9996743700866936,-0.020722337720612903,0.04445972153782936,0.11711364141410974,0.018838242906238218,-0.9929398348333764,0.11880443051700294,0.0,0.0,0.0,1.0
0.9930243531880234,-0.018766926724374397,0.11640634190983885,0.12963042514019127,-0.015512003427492174,-0.9994646819259573,-0.028804987976221143,0.04642746444670959,0.11688460858972755,0.026798358978988537,-0.9927838819354692,0.1209541735240528,0.0,0.0,0.0,1.0
0.9929210159387432,-0.01954805345528148,0.11715685943760952,0.13022181898942858,-0.015418383894159123,-0.9992309542312069,-0.03605237224211227,0.04754577348606568,0.11777151415035247,0.03399078863899676,-0.9924588136252469,0.12264359829712769,0.0,0.0,0.0,1.0
0.9928382665534168,-0.020650632136814145,0.11766787097401067,0.13167636424220802,-0.015467848568424392,-0.9988766627525565,-0.04479015817096283,0.05049328285353042,0.11846063535145644,0.042649314187517204,-0.9920423951986446,0.12332668851712973,0.0,0.0,0.0,1.0
0.9929212884904346,-0.021471765581426813,0.11681728530192151,0.13462387488578784,-0.015397172112933557,-0.9984939495129793,-0.052657002163972975,0.052478656564795334,0.11777199137918563,0.05048560258913633,-0.9917565033705567,0.12270055645480862,0.0,0.0,0.0,1.0
0.9928400625370106,-0.022098241273604876,0.11738942863017356,0.13575780554152334,-0.015067098875990689,-0.9980575517486313,-0.06044920122705798,0.053847378953420975,0.11849722677331394,0.0582476705984177,-0.9912444784799015,0.12288804048714047,0.0,0.0,0.0,1.0
0.99251160497196,-0.02321876754590341,0.11992332062461203,0.1342088693330094,-0.015218935103139776,-0.9976235754839575,-0.06719810751004,0.05457749531059423,0.12119858914323474,0.06486979630192914,-0.9905063409779039,0.12179872486182473,0.0,0.0,0.0,1.0
0.9922263242087608,-0.024657185680330183,0.12197927996793421,0.13408786005500675,-0.015660777592981567,-0.9971226365612276,-0.07416999192644738,0.05555704879934129,0.12345712451030569,0.07168312808124254,-0.9897574791615039,0.11844852525999879,0.0,0.0,0.0,1.0
0.9920632693819103,-0.025280225667811934,0.1231721548624567,0.1346102744765763,-0.015299794044221411,-0.996571384193123,-0.08131046986463294,0.05703782548651614,0.1248053918926619,0.07878062196750849,-0.9890486478211936,0.11648746385524267,0.0,0.0,0.0,1.0
0.9919095093165364,-0.02630513771535444,0.12419164648721201,0.13556519516760057,-0.015278129640262834,-0.9959214403821351,-0.08892166969793586,0.05898216740436137,0.12602422022025656,0.08630483368241736,-0.9882658405514817,0.11548521415535107,0.0,0.0,0.0,1.0
0.9917634572829621,-0.02733537050264188,0.12513201955386877,0.13631152603966254,-0.015069097614841402,-0.9950779027216548,-0.09794329896499943,0.06315290309052986,0.12719342394644814,0.0952509581818271,-0.9872938204355494,0.11447534764867881,0.0,0.0,0.0,1.0
0.9917328111635003,-0.029110196685853667,0.12497450824329201,0.1391713821744106,-0.015681696825555983,-0.9941226098995327,-0.10711825647952294,0.06695779591372812,0.12735821782049678,0.1042728772761758,-0.986360507835819,0.11222172676888745,0.0,0.0,0.0,1.0
0.9914353139998033,-0.030061673900008145,0.12709175392778296,0.1392403596279017,-0.015582938399512683,-0.9934251022724742,-0.11341842092782542,0.06832866124243497,0.12966568622788208,0.11046656479339782,-0.9853851774193675,0.10913694430606564,0.0,0.0,0.0,1.0
0.9913738285119736,-0.03168938478232872,0.12717592159536253,0.14090252815284238,-0.015979884407220115,-0.9923157784247297,-0.12269490284300565,0.07278845340123873,0.13008679962180703,0.11960425904389956,-0.9842622850555209,0.10800433202794028,0.0,0.0,0.0,1.0
0.9910709390104144,-0.03373971042777282,0.12899622393413154,0.14140230599242526,-0.016458685709579,-0.9910123746918679,-0.13275385068727028,0.07826966961445918,0.1323159306876079,0.12944537515042703,-0.9827188760466734,0.10603162828244894,0.0,0.0,0.0,1.0
0.990839888246436,-0.03590971608539998,0.13017990686145392,0.14319720036260417,-0.01707767540913989,-0.9895770467852516,-0.14298818649944456,0.08406456004103705,0.13395771296349795,0.13945522853749814,-0.9811256649232775,0.10324653053029449,0.0,0.0,0.0,1.0
0.9904488742369265,-0.038719724152753814,0.13233219745904645,0.14369192690318178,-0.01841478606687686,-0.988309072310122,-0.15134752473567994,0.0874482094343527,0.1366452457164777,0.14746511638703153,-0.9795826235045426,0.1018445677672028,0.0,0.0,0.0,1.0
0.9901208210280735,-0.04058365243568642,0.13421522611713455,0.14469594578734415,-0.018950111868056237,-0.987146013111492,-0.15869354762646806,0.09011368995963906,0.1389303891410454,0.15458239211846006,-0.9781628857302104,0.09998450886232343,0.0,0.0,0.0,1.0
0.9899427514983306,-0.042131518944726935,0.1350491905467225,0.14629371364670005,-0.01966736714251658,-0.9863400386327814,-0.1635436420640214,0.08982763715928715,0.1400947658750901,0.15924278100213338,-0.9772487878084631,0.09527325793977968,0.0,0.0,0.0,1.0
0.9897966935483079,-0.04317625109665861,0.13578776374208465,0.1486956440362856,-0.019526238580880588,-0.9850953990733219,-0.1708969886553167,0.09301955223734812,0.1411425926066276,0.16650185003720286,-0.9758872386123656,0.09345688263038102,0.0,0.0,0.0,1.0
0.9897071176098854,-0.04291383594257963,0.1365218811657142,0.15132773580814304,-0.018686202664078163,-0.9845647522808019,-0.1740203275374464,0.09125328948569554,0.14188251189744647,0.16967808123307054,-0.9752326397156394,0.08944453663615903,0.0,0.0,0.0,1.0
0.9893713990791627,-0.04437639451874299,0.13847371697783706,0.1523626217539557,-0.01904176300194034,-0.9836333239747973,-0.17917280828314605,0.09240180225448877,0.14415840574145922,0.17463166830734894,-0.9740236827091386,0.08637402151861875,0.0,0.0,0.0,1.0
0.9890180890024975,-0.045448609882902766,0.14063300994275862,0.1534461432235903,-0.019081610555459354,-0.98284670401459,-0.1834345892853012,0.0927641852336762,0.1465575373853495,0.17873662262493684,-0.9729204016609851,0.08343820264260803,0.0,0.0,0.0,1.0
0.988578069455756,-0.04648573555701097,0.14336135107082673,0.15412257377342342,-0.018934501455530845,-0.9820139024688805,-0.18785680720290873,0.0932971365381377,0.14951550169049257,0.18299664408825636,-0.9716775921089651,0.08046275896354202,0.0,0.0,0.0,1.0
0.9881761573946245,-0.04796322987696648,0.145627643449187,0.1555498325834401,-0.019335884478134193,-0.9812120413449607,-0.19196107285359593,0.09385730819430453,0.15209867036973895,0.18687551605125963,-0.9705377560776977,0.07819724952624152,0.0,0.0,0.0,1.0
0.9878524572237964,-0.04901955965349105,0.14746052193141296,0.15706331932575127,-0.019436649757597894,-0.9804664803439891,-0.1957235232874957,0.09423200256161395,0.15417437985316285,0.19047982489819823,-0.9695089978456334,0.07628536538636042,0.0,0.0,0.0,1.0
0.9873856463263863,-0.04974614669820257,0.15031602149240794,0.15781018506144084,-0.019190184898610203,-0.9799621592167441,-0.19825716457877096,0.09371303877371888,0.15716654297967583,0.1928716863407837,-0.9685552077067575,0.07440876034613692,0.0,0.0,0.0,1.0
0.986917219806551,-0.05122123997718313,0.15287506606542775,0.1588500728547354,-0.020010799308225677,-0.9797762759786708,-0.1990929856635168,0.09117628168455133,0.15998115251602296,0.1934291436277564,-0.9679830562747873,0.07107141338863303,0.0,0.0,0.0,1.0
0.9863875167366657,-0.052072223521196226,0.15597483887996802,0.1596797904645642,-0.020092642583493796,-0.9795955877010639,-0.19997192370585218,0.08945292951630283,0.16320524666837577,0.1941158625516363,-0.9673071277343864,0.0702663096009575,0.0,0.0,0.0,1.0
0.9861783086778223,-0.05303483806182656,0.1569702183380851,0.162345389807005,-0.02067267305325298,-0.9793694938800951,-0.20101749935236912,0.0878185896557904,0.16439277381376466,0.19499410352316363,-0.9669293229130111,0.06869603574382228,0.0,0.0,0.0,1.0
0.9859428553460847,-0.05344459380010619,0.15830464739088,0.1651214401861214,-0.02054447190903813,-0.9790502982465424,-0.2025794613906724,0.08734738123145541,0.16581498926812357,0.1964794872165994,-0.9663856375366482,0.06792092395544644,0.0,0.0,0.0,1.0
0.9856698898628731,-0.05416630026573762,0.1597525590819525,0.16784369808820443,-0.02064425527242694,-0.9786586562359668,-0.20445304913025594,0.08750035305731847,0.16741769005083557,0.19822524180823675,-0.9657525928353019,0.06587811614178975,0.0,0.0,0.0,1.0
