0.9999533876622522 0.005217328995442066 -0.00812416032207186 -0.10893258071908397 0.0018944900461595685 -0.9310964599596783 -0.3647681361605213 0.1325471475542436 -0.009467492289429637 0.3647357423240953 -0.9310629435548603 -0.0694068345803692
0.9999956119563783 0.0023654326088113995 -0.001783478780471637 -0.10588395418871868 0.001536019442878015 -0.9287878933272936 -0.37060853990824244 0.13542562943947295 -0.00253312302471112 0.3706041742037202 -0.9287874511159807 -0.06511400792305999
0.9999904264200328 0.0011658459730380967 0.004217567005763577 -0.10337602424802735 0.0026550335318174492 -0.927811283953533 -0.37304044306943707 0.13411282439946326 0.003478198560444712 0.3730480695187473 -0.9278054968381627 -0.06362519711874669
0.9999731337305787 -0.0005241403309856393 0.007311435834368242 -0.09935391616570322 0.0022562259455421764 -0.9270077329841954 -0.37503542823576774 0.1341564720887191 0.006974328751163949 0.3750418486841388 -0.9269816451656712 -0.06036782946246498
0.999937966482568 -0.003046703990676918 0.010713579303807081 -0.09599801898106088 0.00120673155846752 -0.9265684664087149 -0.37612420934572627 0.13437164421868283 0.0110728038748805 0.3761138054522795 -0.9265073115537477 -0.05755350201755399
0.9999027556114254 -0.0036789100791054276 0.013451577651257023 -0.09385914109975689 0.0016679351479744289 -0.9261034043962544 -0.377266089594612 0.13532720511611657 0.01384547987684401 0.37725183894355974 -0.9260072098535099 -0.05486873525656704
0.999850727945888 -0.0042389720067799504 0.016749714696168413 -0.09260485601902466 0.002363997671700995 -0.9267559983650878 -0.37565640019749075 0.13360263938243755 0.017115295530182834 0.37563992148153647 -0.9266076386735972 -0.05289681567366093
0.9998397069223832 -0.004830021534616101 0.01724039887408914 -0.08994661302215752 0.0019075735293749188 -0.9287061823852455 -0.37081152619983787 0.1292877809207012 0.017802292677983285 0.37078497500761565 -0.9285481035918437 -0.05028975134955831
0.9998603149125379 -0.005015293762343028 0.01594357210534116 -0.08700145256550813 0.00120131287601841 -0.9298855723926276 -0.3678469506512312 0.12839992255000193 0.016670558190256316 0.36781472113621666 -0.9297496563081443 -0.048210954594274484
0.9998850520803622 -0.004391962470527835 0.014511832823873961 -0.08431511876124066 0.0011851436874416523 -0.9315578565613865 -0.3635911925682404 0.12693409869680553 0.015115490752559371 0.36356659712412065 -0.9314455708171554 -0.047025849926690594
0.9999334845326933 -0.003078766914998486 0.01111520150918545 -0.08113545419100679 0.0011279377496300604 -0.9329914230679847 -0.3598968355487577 0.12689293084737663 0.011478426143842512 0.3598854340979358 -0.9329258920500603 -0.044848360813930295
0.9999736063304363 -0.0016480160504174582 0.00707606427327706 -0.07862337745180496 0.0009624218131991998 -0.9353054603604617 -0.35384003386298485 0.12477097598341484 0.007201415607744072 0.3538375048846608 -0.9352791881306043 -0.04288231628535043
0.9999931889803494 0.00035154902075058765 0.0036740177186847397 -0.07708181917627634 0.0016033903009730224 -0.9379899943802136 -0.34665862109884105 0.12227028264267865 0.003324324360519857 0.34666215088453645 -0.93798416938222 -0.04071341832706626
0.999997008278531 0.002374278928388596 -0.0005884161434644005 -0.07519555594381491 0.0020341668212070295 -0.940771638329828 -0.33903478682807037 0.12026566534155426 -0.00135852836966333 0.33903257559382377 -0.9407736534825405 -0.038762947250968446
0.9999784136619662 0.0047118629737904 -0.004579362118668444 -0.07423429806415316 0.002945112384068573 -0.9444444195748453 -0.32865797517628986 0.11516725482633057 -0.005873544342462937 0.32863739391805336 -0.9444379094443465 -0.0391489430812094
0.9999282771339457 0.007798851165524926 -0.009089472395898702 -0.073306205424416 0.004478612368942091 -0.9473561383289723 -0.3201504165258352 0.11324422856518429 -0.01110777291749219 0.3200867461968943 -0.9473231192628513 -0.038825483752184184
0.9998344314148406 0.009863226941142106 -0.015291386845856817 -0.07115890678279425 0.004624518233063841 -0.9504936177020491 -0.31070966598865757 0.11150769046490135 -0.017598965551252562 0.3105875069315871 -0.9503818584913895 -0.03655994179106951
0.9997006385752566 0.01258029413573626 -0.020984981097970975 -0.07003189693574474 0.005661596028500515 -0.9533505070754129 -0.3018124533372722 0.11019640179714184 -0.023802931807529643 0.30160329384559353 -0.9531363352526514 -0.035262411360818174
0.9995333937673818 0.014981520185144202 -0.026618579917077296 -0.06833949864047721 0.006548060079803771 -0.9562917561006974 -0.29234089710992506 0.10866463455344696 -0.02983483958480411 0.29203018896474836 -0.9559436443013587 -0.03480241837799425
0.9993226192907277 0.018452209117653467 -0.03184051746748111 -0.06813059832005024 0.008696137716558881 -0.9591118181984017 -0.28289379169746887 0.10744182706869342 -0.03575863200310138 0.2824252753753365 -0.958622597306381 -0.03373129026865316
0.9988626878453003 0.01883196712948472 -0.04380282918369716 -0.06105170127883901 0.006273165312554746 -0.9626146145661737 -0.27080205172889366 0.10454643548567545 -0.04726497886832813 0.27021928287531777 -0.9616379573076999 -0.03058503557094326
0.9986650839075392 0.022684767216061368 -0.04640529625270534 -0.06437131161033872 0.009794512100045972 -0.9652678058772212 -0.2610787821131723 0.10417611353918299 -0.05071604989222143 0.2602757466098759 -0.9642014405766054 -0.02831333277215935
0.9983401505148763 0.024677483205618335 -0.05203811768856592 -0.06464019231534376 0.010918848630566207 -0.9682633686976201 -0.24969346724117455 0.10190119490510409 -0.05654840947821075 0.24871081733807468 -0.9669256469473295 -0.02741224806522108
0.9978427287416528 0.02588487215000252 -0.06033126959704186 -0.06207030377067986 0.010855101904891242 -0.971391732539797 -0.23723462798665312 0.09927931299897652 -0.06474608451518402 0.2360679464626854 -0.9695771599995759 -0.024274683224682948
0.9974352809785143 0.027489815005576894 -0.06608456953231805 -0.06094737746719108 0.01188884821681819 -0.9741087856501232 -0.2257669794441157 0.09759100205965411 -0.07057985227662408 0.22440228116086844 -0.9719372925566794 -0.023961929952402188
0.9969535863469908 0.02968157213315655 -0.07212871096573377 -0.05988034456410393 0.013479146854179473 -0.9764119654251733 -0.2154947479049869 0.09677129053160832 -0.07682355934189462 0.21386602827530748 -0.9738374929523855 -0.022057407816474008
0.9963861272773471 0.031512702552539816 -0.07887734115121907 -0.059407353170095885 0.014974541635739838 -0.9792569525644265 -0.20206826558624214 0.09203549505502841 -0.08360890187085429 0.2001568645639408 -0.9761899308515132 -0.023217844843878413
0.9957699600953553 0.031812410905513844 -0.08619835894071651 -0.056736041169153054 0.014899458159943644 -0.9816391576057328 -0.1901645876646 0.08960820860463725 -0.09066527846002541 0.18807587502783552 -0.9779607724823528 -0.021299107069464245
0.9952946335821338 0.031602952782150175 -0.0915961011072816 -0.05600250805671411 0.014998022144268324 -0.9841697106077762 -0.17659286524083076 0.08537642280615539 -0.09572696430142452 0.1743881707503561 -0.9800128132876521 -0.019572687562587184
0.994709688690906 0.031782655151143716 -0.09768571060285211 -0.054274365145862605 0.015459133987512213 -0.9864187383385941 -0.16352090946069386 0.0811096034101997 -0.10155614408196503 0.16114569645522578 -0.9816916084561198 -0.019735860894485698
0.994059308989785 0.03188214896692306 -0.10406545434486138 -0.05181636643740134 0.01568546310707949 -0.9881180143055597 -0.1528945913103346 0.07897000254406865 -0.10770355824144319 0.150353976941379 -0.982747996772338 -0.0180447842762089
0.9934332487906198 0.030560004093416367 -0.11025636646980883 -0.049392863465644414 0.01481158963464185 -0.989910174964594 -0.1409200564648693 0.07478145015945116 -0.11345041652549971 0.1383615974588952 -0.9838623233658321 -0.01783300145401702
0.9927795950447992 0.03043234136753423 -0.11602822183234317 -0.046453968763196934 0.015178426582413177 -0.9913780708338003 -0.13015043617420075 0.07229326558610596 -0.11898861722521135 0.12744957147335675 -0.9846818347578521 -0.01512270753992814
0.9924271066804228 0.030476157795210103 -0.11899429285459961 -0.04524357720873249 0.016087456107646093 -0.9926366204103139 -0.12005720959765406 0.0696598339908273 -0.12177697517145564 0.11723371369376615 -0.9856097730297011 -0.013785316817765365
0.9921847407584333 0.029940220283195845 -0.12113225588386878 -0.044311315848273594 0.016629540018065717 -0.9938543526762704 -0.10943940819110438 0.06563636761212688 -0.12366445974858299 0.10656973714814787 -0.9865850153530944 -0.013162491852819315
0.9920168997745499 0.02998905540911858 -0.12248725287702658 -0.043873704732173925 0.01753045658187334 -0.9946757212499385 -0.1015524133043894 0.06395918091064823 -0.12488055754889506 0.09859445274245039 -0.9872608471091588 -0.011397675382199487
0.9918497464516688 0.029093781797871133 -0.12404689566634818 -0.04259794439421306 0.01736139286337802 -0.9953608369028526 -0.09463290335763926 0.062359217254491596 -0.12622465092684335 0.09170799431211382 -0.9877535022856896 -0.009476006584964825
0.9922172371530759 0.027743714195173734 -0.12138879939670642 -0.04377697396021819 0.017212779275305266 -0.9960632988322199 -0.08695760432012586 0.05925543087994821 -0.12332345488972055 0.08419139529745583 -0.9887887208256022 -0.009381549939923775
0.9924902438822304 0.026746107257733482 -0.11936398763927382 -0.043882489909791864 0.01715193948628805 -0.9965914360937094 -0.0806927535565392 0.05666180190628541 -0.12111534490084075 0.07803944676402744 -0.9895660250727664 -0.009141693535693413
0.9929444827932611 0.025078126079027433 -0.11589797963203785 -0.04470870143730941 0.016574737278585633 -0.997138319180843 -0.07375940960548197 0.05285825174852905 -0.1174160643803467 0.07131802025833167 -0.9905186559635626 -0.009411895166208823
0.9928470940647225 0.022382334914489474 -0.1172760797904334 -0.038096093041922456 0.015092702366929894 -0.9979194655685076 -0.06268134151984364 0.044822030118012154 -0.1184350376472256 0.06046297481301783 -0.9911192514194548 -0.009305829262105691
0.9933918864246887 0.02410612427012499 -0.11221165161547134 -0.040446090501449795 0.017008015881075617 -0.9978184423371937 -0.06378936845247593 0.047835807606726635 -0.11350456987006163 0.061459343508126915 -0.9916347420871066 -0.007141117834177645
0.9937363872939665 0.023011665606852083 -0.10935472469872812 -0.038838512426296545 0.01665213168239452 -0.9981357958767632 -0.05871660327277835 0.0442759299933008 -0.11050203201013269 0.0565278359346886 -0.9922670531092789 -0.005360160735124841
0.994213765928622 0.02167437826796826 -0.10521030826265894 -0.0375306026204929 0.016042116947684485 -0.9984073270716599 -0.0540875192023098 0.041103281514955195 -0.10621505600367355 0.05208676008661359 -0.9929780114895879 -0.004349598977540626
0.9947253880893441 0.020427100264971357 -0.10051933080392042 -0.03569867472131286 0.015504294527969467 -0.9986531041724144 -0.04951357771349943 0.03719462853198238 -0.10139536055310003 0.04769393149621425 -0.993702304393394 -0.003148837080527155
0.995313304962711 0.018723435326759953 -0.09487285140528873 -0.034217691431257045 0.014384330826086174 -0.9988279330960231 -0.04621526905484636 0.03480845366380999 -0.09562696267732793 0.04463398970169226 -0.9944160552668175 -0.0015581024784995386
0.9958146782371803 0.017498099359244294 -0.08970475531540072 -0.03203678857685509 0.013661562618499113 -0.9989727947809643 -0.04320552041499299 0.03231353608520075 -0.09036862461165782 0.041799184278207675 -0.9950308235826033 -0.0011843618791389451
0.9962363374363411 0.016811241085334175 -0.08503259460109702 -0.029210746589542046 0.013475710136836525 -0.9991227755536624 -0.039649522144083196 0.028763195704951203 -0.0856245596060599 0.038354420124895046 -0.995588957978719 -0.00011693980153125138
0.9968725961594455 0.014812811048302548 -0.07762478763367942 -0.028891890444220216 0.012065505159465934 -0.9992881990613347 -0.03574239502329175 0.025254333181637573 -0.07809897958087188 0.03469403184412869 -0.9963417453578992 -0.0011985812588896356
0.9974372231529841 0.013848817297995676 -0.07019398926056075 -0.028147130194363754 0.011472609452142775 -0.9993511117890309 -0.03414285574445539 0.02368535033168096 -0.07062127937968546 0.033250046999588154 -0.9969488799699318 -0.002139461338178902
0.9978673763356015 0.0128190715948194 -0.06400289562629577 -0.02581546914443322 0.010827285963589128 -0.9994491731042067 -0.03137069109821647 0.020383873013819203 -0.06436978424514316 0.03061081156656821 -0.997456519900226 -0.001417345133286915
0.998285569462797 0.011168248842463896 -0.057456000732141244 -0.023592206772624004 0.009500898237120024 -0.9995281028131917 -0.029211378251449125 0.0181496877088508 -0.057755127348374014 0.02861541375647308 -0.9979205897066754 -0.0012550474139148412
0.9986646938516656 0.00896587269575416 -0.05087673712968145 -0.020353749950486895 0.007647807872556762 -0.9996315734039125 -0.0260428202920204 0.015243621374021877 -0.0510914893979774 0.025618949643214116 -0.9983653284896641 -0.0011087301791981952
0.9990343303789031 0.006641427639661157 -0.04343153420365663 -0.01858323316171389 0.0055497496083604485 -0.9996668216329907 -0.02520805437709879 0.014775616401839407 -0.043584481225096096 0.024942677584842633 -0.9987383320125636 -0.00043476123004734145
0.9993528529385793 0.0053569002393422 -0.03556935399115623 -0.017416168064711045 0.0045820418245474505 -0.9997511897883871 -0.021830332325060924 0.011864037703713729 -0.0356774468851198 0.02165322462198731 -0.9991287492847101 -0.0013178124734921305
0.9995844812302384 0.004578325042067046 -0.028458809242219534 -0.014875068749677232 0.004022765480709016 -0.9998008223000411 -0.019548224626515794 0.010361533370189222 -0.028542639008386633 0.019425618856826275 -0.9994038038202908 -0.00101634568663637
0.9997712212125546 0.003691104301235902 -0.021068483196352024 -0.01321925417251548 0.0033512807220252424 -0.9998640922405319 -0.016142055802763036 0.0076241852125993265 -0.02112520183760978 0.016067756441231356 -0.9996477144725865 -0.0004306929624224373
0.9999185705914969 0.002339508872906856 -0.012545074112603931 -0.012927265970358731 0.0021792592095224847 -0.9999160547659763 -0.012772401909683291 0.005140023669981154 -0.012573902161017742 0.012744022892256592 -0.9998397305893414 9.234571342709998e-06
0.9999729268929256 0.0013892286470868782 -0.007226031065751802 -0.009004963656634783 0.0013248507507482646 -0.9999594601721904 -0.00890633384898272 0.0025300569755106013 -0.007238111057820177 0.008896519314170386 -0.9999342286832705 -0.0008261473231927481
0.9999954884066038 0.0004899189565089679 -0.0029636372675265784 -0.004567525042480422 0.0004721602008808732 -0.999981948612769 -0.005989951031004164 0.0018427020982669485 -0.0029665183603213 0.005988524695213076 -0.9999776684210465 0.0003898495944980834
0.9999983884385734 -0.0001369209339404664 0.0017900762310688308 -6.04758622379002e-05 -0.00013606659927757159 -0.9999998767996385 -0.0004773746832886449 -0.000860964532778161 0.0017901413731182673 0.00047713034438481025 -0.9999982838687768 0.00040705942613312426
0.9999909576376053 -0.0007100928111110075 0.004192900097134497 0.005266410929352553 -0.0007121511371346271 -0.999999626647052 0.0004894348929526346 0.0009968017989041517 0.004192550987503893 -0.0004924164458770303 -0.9999910899814364 0.0012842438698236903
0.9999527813644112 -0.0011571639826204725 0.009648627523929773 0.00801216765337148 -0.001227548913241016 -0.9999726589411652 0.0072920843249233555 -0.0025040474140273464 0.009639925582897932 -0.007303584164882201 -0.9999268620719731 0.00044723566010729867
0.9998749310408965 -0.002636018700364004 0.015594027105726561 0.009921632003628372 -0.002837486342178103 -0.9999126164191979 0.012911552848973294 -0.004522019503322846 0.015558629349038308 -0.012954185853430118 -0.9997950380561277 0.0011888006173738914
0.9997941387330562 -0.003452671437822137 0.019993979468043717 0.013151012284805648 -0.0038293371330134374 -0.999815339916377 0.018831416436920694 -0.006153811650704519 0.0199252686844577 -0.01890410346568833 -0.9996227381067373 0.002070104128009264
0.9996929219651662 -0.0037804647623482087 0.024490199242304073 0.01620119274510713 -0.004330369244316037 -0.9997388111492195 0.0224400843169772 -0.005070934778308526 0.024398968727284132 -0.022539245065569695 -0.9994481841280812 0.004531540591841248
0.9996273775330836 -0.004032412069989319 0.026997143167896507 0.02135778244051602 -0.004776948217032714 -0.9996084369100514 0.027570883627036014 -0.005667135519565038 0.026875394919179972 -0.0276895740512847 -0.9992552229719875 0.00681783790959295
0.9995007889589165 -0.004143192801153548 0.03132102846197811 0.02468399441664266 -0.005200920085878373 -0.9994162727355003 0.03376483706076491 -0.007144234317824824 0.031162851293870402 -0.03391087944734207 -0.9989389015121715 0.008247093966016146
0.999330619524482 -0.004412804262840592 0.036315837307595265 0.027251045373217788 -0.005885166422207338 -0.9991607157985153 0.040536758888461824 -0.008440204905989405 0.03610647721665456 -0.04072334911983813 -0.9985178672109313 0.007687202719931749
0.9991530635486854 -0.003880391545238858 0.04096459645513485 0.029956218964458447 -0.00584056331179341 -0.9988379498319079 0.047839709403297195 -0.009964456530758333 0.040731356735043106 -0.04803844852872153 -0.9980146612357336 0.005872367816125566
0.998983588107974 -0.004188157729270892 0.04488039689834251 0.03217928998487253 -0.006648848394415378 -0.9984741406622271 0.054819551656822806 -0.011416413043285487 0.044582322796665526 -0.055062235367461534 -0.9974871260975713 0.004839990493435946
0.998940602732367 -0.0038466950394382728 0.0458571166774481 0.036945944867222975 -0.006675822018554556 -0.9980722982208597 0.06170187132095577 -0.012477966178781054 0.045531369549708364 -0.061942638476293235 -0.9970406230066672 0.005606336679236564
0.9988875972662804 -0.0033620315625899305 0.0470347187869601 0.04177183157860199 -0.006512135592163633 -0.997732928739617 0.06698204982452485 -0.011166030207309214 0.04670289196212096 -0.0672138352754699 -0.9966449419075664 0.006342116420995302
0.9987867690217611 -0.002488927732844894 0.049181249128205255 0.04590895254592408 -0.006144319447100609 -0.9972159459737163 0.0743142276706023 -0.012116942545129461 0.04885936313135789 -0.0745262526529196 -0.9960213854631392 0.007030705347478218
0.9985620561636523 -0.00260244960394504 0.05354481530716944 0.04767842766400211 -0.006912485055069894 -0.9967332943254766 0.08046712082239701 -0.011328197558840729 0.05316048852844936 -0.08072154135756905 -0.9953180372224122 0.007572684635829715
0.9984856147006684 -0.002573298855413169 0.05495321072356542 0.052508545741387705 -0.00728216572691992 -0.9962976984171236 0.08566134595643518 -0.010055950207771856 0.05452932512101656 -0.08593180006111316 -0.9948076590176128 0.009486738066044647
0.9983641591487455 -0.003337032333909769 0.05707775348085961 0.0554156620861057 -0.008599514313413928 -0.9957030741090378 0.09220323510259887 -0.010413595000575657 0.056524809427301294 -0.09254324624203634 -0.99410295920201 0.013139127186012891
0.9980854888278405 -0.003270982844159338 0.06176291494516104 0.055887890919141245 -0.009339227938368068 -0.9951209490392725 0.0982195276138757 -0.01028533119771239 0.06114029614587411 -0.09860830317174561 -0.9932463273190514 0.013367737143632928
0.997914264468408 -0.002161212147861209 0.06451705148662146 0.05855929562608361 -0.008914437963738775 -0.9944775431186255 0.10457030662924034 -0.010373946925529603 0.06393476023468048 -0.10492733387823512 -0.9924225919631916 0.01488929499628909
0.9978313090171465 -0.001763364754904845 0.06579946268678163 0.06314626518795655 -0.009126607176158019 -0.993691906103439 0.1117725403932739 -0.011825084041830112 0.0651872977395145 -0.11213066614113688 -0.9915529889643644 0.015959549008701147
0.9976111014208003 -0.001409722772090653 0.06906593229432854 0.06619058866545804 -0.009700046235844237 -0.9927449259853605 0.11984749072610365 -0.014138620875047457 0.0683959021067886 -0.12023112996236401 -0.990387033418235 0.013811925687624176
0.9975634549597702 -0.001331624569492954 0.06975227669929004 0.06974719785654243 -0.009671503511886002 -0.992803477410516 0.11936380214037375 -0.007194572559055778 0.06909135509271744 -0.11974757624934475 -0.9903973458334081 0.018422233871622517
0.9974533203393402 -0.0013159407045147667 0.0713101819103598 0.07281954361368814 -0.010169682304638295 -0.9922378214853806 0.12393822322338033 -0.005815144789398721 0.07059356419567672 -0.1243477941662333 -0.9897242923057626 0.018532553171261335
0.9972966311614088 -0.0009055573985106057 0.07347523011127426 0.07539047562492589 -0.010539794617728044 -0.9913473255557922 0.1308410976826248 -0.007461004228378485 0.0727209887413724 -0.13126179977120556 -0.9886768924766579 0.018873420905320407
0.9971574415766679 -0.0004571832152423758 0.07534472570646361 0.07821757762883441 -0.010598416883209031 -0.9908903810573342 0.13425321704756543 -0.0054809247277803185 0.07459698564851164 -0.13467012924757554 -0.988078562676368 0.02127083736205543
0.9969821867115808 7.946634210658782e-05 0.07763061937725249 0.08080807615173233 -0.010593905489124861 -0.990505036538474 0.13706765394652176 -0.003121093999141956 0.07690441174785012 -0.13747642080377426 -0.9875150354180441 0.02132575219029981
0.9969352511972618 0.0006173373710051621 0.07822866363950183 0.08418213240891599 -0.01055500896278673 -0.9897640986241341 0.14232224302810495 -0.004003716906498659 0.07751578359306864 -0.14271176535004335 -0.9867242042863986 0.023503551350262136
0.9967629226716724 0.0013847331622637653 0.08038506391795977 0.08582629040467062 -0.010346475698018604 -0.9893280818951528 0.14533718317859362 -0.0031198750452949304 0.07972845431623181 -0.1456984175882741 -0.9861112232829609 0.02609652173266051
0.9965332042693945 0.001295191603084947 0.0831859078647609 0.0880397626357064 -0.011060233234376028 -0.988941260942586 0.14789473839893438 -0.002043120707420887 0.08245752863974518 -0.14830207309407148 -0.9854984784801174 0.025843489944646546
0.99645252597691 0.0019125921293305548 0.0841350430295404 0.09117886307946846 -0.010851308483491522 -0.9884760657128248 0.1509878028752364 -0.0017713766904888517 0.08345425440582344 -0.1513651528729184 -0.9849487184200637 0.027426719855339798
0.9963836889164053 0.0020435765666904646 0.08494332378800275 0.09484553331695861 -0.010953461444574762 -0.9882797657547541 0.15226006134935913 -0.0003458543780692234 0.08425892322905397 -0.15263986502399848 -0.9846834544470298 0.029542238054420723
0.9962417117518125 0.0018136319516061919 0.08659770496359855 0.09645429049245889 -0.011498336451815415 -0.9881631585513042 0.1529750317560044 0.00119369603448886 0.08585010206551416 -0.1533958370395163 -0.98442850281485 0.03180769857603468
0.9960572764412323 0.0012931403654991098 0.08870304299441341 0.09840425968688535 -0.012383268659187346 -0.9880776177903421 0.15345773320063458 0.0019723360423255444 0.08784393380187402 -0.15395112539295674 -0.9841658875842294 0.03370889723156735
0.9958167306557019 0.0015915218570665829 0.09135921411859504 0.09939860751974575 -0.012536422274421938 -0.988013305448555 0.15385885211185435 0.002247583857501459 0.09050898885053457 -0.15436053677931602 -0.9838602276860545 0.036602848273207256
0.9954595602077896 0.0011058847405599603 0.09517899458312987 0.0993181273144846 -0.013571093043761907 -0.9880681989158755 0.15341792504376833 0.00277613101239818 0.09421300029461128 -0.15401302318336055 -0.9835669266833901 0.037766375122591705
0.9951415616203768 0.0008234666885683847 0.09845097378071663 0.09923987054477068 -0.014196749996516003 -0.9883143205769604 0.15176711116720124 0.004262688568541381 0.09742548242269553 -0.15242744387122031 -0.9835009658000298 0.04065046255844265
0.9949820466422261 0.0010634558956428564 0.10004796810133183 0.10057351779241354 -0.01394987977039726 -0.9887023507748862 0.14924162430972543 0.005837584348529171 0.09907637313728512 -0.1498883939261869 -0.9837262534120912 0.044161982477027246
0.9946309947855859 0.0007527366107129872 0.10348245068334394 0.1006063213039085 -0.014589811926105608 -0.9889656110057508 0.1474250916092067 0.0059713990732589185 0.10245155733221767 -0.14814335501674386 -0.9836448671978044 0.04598787758531837
0.9944175464582686 0.0008816293138751402 0.10551287137439777 0.10114736162382111 -0.014355785201102303 -0.9895366324161217 0.14356588918618915 0.00756215572258173 0.10453542331275606 -0.14427915939703226 -0.9839999336567603 0.04962749170484518
0.9943330815082531 -0.0003568213509527321 0.10630896338891661 0.10370123308340419 -0.015223117265007201 -0.9901666619082163 0.13906199461490493 0.00925036054877667 0.10521397112094168 -0.13989229544211335 -0.9845609000752052 0.05008893711302994
0.9940452055359831 -0.0005896327929291305 0.1089668834283851 0.10311828670083294 -0.015299183793803123 -0.9908355437125801 0.1342045464618812 0.010527601255368696 0.10788912978687518 -0.13507249034857283 -0.9849443426025987 0.05419680404775364
0.9940667500111307 -0.001633200600024599 0.10875950155323214 0.10630814971820615 -0.015627854917603927 -0.9916577499663616 0.12794794676870555 0.012769491629513413 0.10764323793430662 -0.1288884773261492 -0.9857995200544405 0.05636263943214153
0.9940010816079504 -0.0015737196157863678 0.1093589190180506 0.10757481010279028 -0.015215853763193796 -0.9921624823952899 0.12402453919073168 0.012433846851584461 0.10830663671485123 -0.12494451542099448 -0.9862345261192846 0.05933953186723739
0.993803417005943 -0.002928177990592387 0.11111342907572974 0.10726372378354776 -0.015988841807858034 -0.9930225418184915 0.11683573245366986 0.014942416813483704 0.10999602395066425 -0.11788832518106977 -0.9869160133978205 0.06364331208622707
0.9936397290216331 -0.0036143526289916556 0.11254788032161746 0.10774280084494446 -0.01608199795352512 -0.9937940729464181 0.11006684295641582 0.016903665395460662 0.1114515960031019 -0.11117678279048547 -0.9875313993573664 0.06768792166390639
0.9934189753366667 -0.003993488249493846 0.11446742546527376 0.1077832047961554 -0.016037038687038922 -0.9943969170528206 0.10448724681029706 0.016927852725053136 0.11340878639328289 -0.10563533219262708 -0.987916810142107 0.07000302875020252
0.9933225100881011 -0.004006297654139858 0.11530108642757826 0.10820450551756873 -0.015527881001931719 -0.9949461143939796 0.09920239091832322 0.016716929336760597 0.11432093362050227 -0.10033034950317078 -0.988364581065463 0.07258400111262178
0.9932347481169472 -0.004053400047237775 0.11605302702265631 0.10869019514318908 -0.014799693746296562 -0.9956594543622661 0.09188699583755153 0.018473913962541597 0.11517683880919886 -0.09298290642419947 -0.988983556443093 0.07582711225771141
0.9930641972948795 -0.0054472409165765645 0.11744712690173899 0.10937523800882908 -0.015354704781270325 -0.99637958205086 0.08361794970718649 0.021260634582409354 0.1165664320984238 -0.08484135806639537 -0.9895525306264915 0.07839085862793137
0.9929937082927587 -0.006855734652232502 0.11796819144741723 0.11098540748065953 -0.016051188693773238 -0.9968882610112504 0.07717612583877066 0.021798855285529883 0.11707200618642011 -0.07852893708909511 -0.9900138137456183 0.08244122464204832
0.9927926660755363 -0.008258710024623814 0.11955967503869042 0.11127825510833073 -0.016624675414609866 -0.9974680296344103 0.06914586050231573 0.023676314573088563 0.11868589787328122 -0.07063514398637563 -0.9904162428393615 0.08605548968984665
0.992759980384624 -0.009562305521814064 0.1197338033298358 0.1129900395386832 -0.016823007167978788 -0.9980699705093812 0.05977725652143266 0.02707689352092945 0.11893110516827148 -0.06135875064333133 -0.9910047910797116 0.08937911037830536
0.9927935553292669 -0.010145321651746399 0.11940698867845677 0.11489700886268694 -0.01649672679721158 -0.9984939159167076 0.052323588201665085 0.028209343503120567 0.11869631208109481 -0.053916345628221785 -0.9914656893571483 0.09416273564306618
0.992876853552265 -0.010608262811929548 0.11867189406202024 0.11757283922292965 -0.015950302567476694 -0.9988972930062535 0.044156379751796634 0.029793241261575804 0.11807261125324646 -0.04573470000876755 -0.9919512063034893 0.09665824813661687
0.9928713654160783 -0.011908400945171597 0.11859444221270098 0.11862373988551854 -0.016298640273131687 -0.9992146104483064 0.036118092306851146 0.03109600576038295 0.11807119065233351 -0.03779354777694476 -0.9922856653627383 0.09869042683923723
0.9928496629122133 -0.01302149046030014 0.11865912371704303 0.12012398100868979 -0.01627958796985332 -0.9995154550512225 0.02652979700788402 0.03447157421789669 0.11825617053936771 -0.028271821659384407 -0.9925805671226008 0.1003667765607916
0.9927027588571299 -0.014170519526894658 0.11975152998513618 0.11981344710130228 -0.01637524620864934 -0.9997136879774026 0.01744687313608962 0.037339380614756404 0.11947001242591879 -0.01928051988299557 -0.9926505818685607 0.10276760163546753
0.9926699192249685 -0.015239509048922085 0.11989240522169019 0.1210715391205188 -0.016651862415735085 -0.9998031573962475 0.010787119104839525 0.03793648794835414 0.11970441488926618 -0.012704480486914313 -0.9927282857013675 0.1048077978384744
0.9925493671727474 -0.016217883773065916 0.1207589912631818 0.12142685870012632 -0.016639542587852045 -0.9998584673853138 0.002484113596079359 0.03966295802164787 0.12070161286182117 -0.004474979755763553 -0.9926787472333337 0.10717242830632565
0.992558866318445 -0.016849165262595802 0.12059437185289705 0.12292844710966809 -0.016201986322202117 -0.9998486059034781 -0.00634514870482692 0.0422770901081923 0.12068302503606813 0.004344065241789769 -0.9926815887107602 0.10950793026507717
0.9925646376135933 -0.017695441595799628 0.12042554341054881 0.12352679715980319 -0.015969069773989424 -0.9997556388923339 -0.015285657118184047 0.04535062855345066 0.120666602544158 0.013248918812902345 -0.9926046731608408 0.1127606336139189
0.9929575200694358 -0.018071363999821295 0.11708453843588043 0.1281522383650634 -0.01569881627084642 -0.9996529623486494 -0.02115424390670621 0.04464702109141215 0.11742619173443124 0.019167176911485215 -0.992896625446976 0.11677116631194936
0.992805567159479 -0.019685770256729268 0.11810832428980077 0.12820966544235804 -0.01646698159231101 -0.9994675825622409 -0.028167178141034047 0.04544374687000104 0.11859993395606913 0.02601964366761253 -0.9926011453796668 0.11689774051926731
0.9928266673212299 -0.020313631811839795 0.1178242972329187 0.1300515469612415 -0.015978257050059775 -0.9991642179363955 -0.03762394047934499 0.0491339959887726 0.11849010067284262 0.035471424529670205 -0.9923214570311254 0.11867585790195595
0.9926817516323272 -0.022416868649912054 0.11866096230904181 0.131251322201116 -0.017044751586137448 -0.9987915989556913 -0.04609575141919924 0.05189416941927271 0.11955089468315207 0.04373586463608939 -0.991864283924465 0.1190718207402972
0.9926643541571527 -0.02359116655352706 0.11857882123889872 0.13330552557560912 -0.017209268340525753 -0.9983622550996069 -0.05455867186443495 0.05451908438054607 0.11967172209401324 0.05211779401577789 -0.9914446098890157 0.11971307359319357
0.9927391676733581 -0.02426407287705594 0.117814259470679 0.1358019111710594 -0.016961920754580025 -0.9978950493357988 -0.06259204226912081 0.0565854407240548 0.11908500414209551 0.06013921581232148 -0.9910610659843098 0.11976940268577335
0.9926715469010897 -0.02473944459558146 0.11828423332845368 0.13703210896129348 -0.0165290118745313 -0.9974172908176885 -0.06989663614476742 0.057646247938394235 0.11970794351023464 0.06742928042775304 -0.9905166835553787 0.11904760453730223
0.9921523855252041 -0.026882692897369394 0.12211046113757745 0.13483565660169086 -0.01751173735933649 -0.9968636393351886 -0.07717657433483593 0.05878546866305829 0.12380219283721802 0.074432556008702 -0.9895114004672749 0.11579497770525399
0.9919326111160099 -0.02729466901509805 0.12379295637447134 0.13492628514576957 -0.01683343965712629 -0.9962576833425522 -0.08477773109868562 0.06063931893405535 0.12564366404194605 0.08200993491210323 -0.988679948346191 0.1147447703546654
0.9918638225719438 -0.029003686513851348 0.12395540989233642 0.1367139549928116 -0.01734625848534988 -0.9954106696905843 -0.0941100737578183 0.06422207465423155 0.12611607664976865 0.09119421491930732 -0.9878149373114992 0.11392609452918927
0.9915416230459694 -0.029024351416938706 0.1265021612154918 0.1358157574480937 -0.01620580571861718 -0.9947335018390505 -0.10120589004613344 0.06613064831108735 0.12877337313425732 0.09829978303051164 -0.986790033911865 0.11201112373312877
0.9916014416541986 -0.03071438656358355 0.12563123563564066 0.13915215155901892 -0.016977331773481992 -0.993898139242411 -0.10898742595513444 0.06842299245396818 0.12821213326034406 0.10593920553079277 -0.9860722760611091 0.1099126571520935
0.9914646955118794 -0.03204703344256707 0.12637541375230588 0.1409159826967547 -0.01730661168722893 -0.993091765900407 -0.11605699329518472 0.0702566374227104 0.12922166515504663 0.11287928130681055 -0.9851700508573202 0.10727029588150724
0.9911753826334525 -0.03298639886847709 0.12838714246807523 0.14117680078064665 -0.01679018677210408 -0.9919836601973018 -0.12524578847099943 0.07513290926229178 0.13148935504285497 0.12198489820979563 -0.9837836317601345 0.10423363837011192
0.9909796324981192 -0.034942851323967926 0.12937683376572287 0.14314328813622346 -0.017390349656141522 -0.9907758084456991 -0.13439074796133876 0.07936509953469563 0.13287943299370883 0.13092858564928442 -0.9824463149440525 0.10350752324459933
0.9908012725097964 -0.036597753245809835 0.1302821662789176 0.14496880081991606 -0.017710527248992778 -0.9895238167501575 -0.14327928429735845 0.08382384554257365 0.13416100632274414 0.139653931350175 -0.9810696223209183 0.10110422406529906
0.9904201908374967 -0.03871590489382348 0.13254781887933637 0.1450230620577804 -0.018628951532799132 -0.9885778898640345 -0.1495550662356891 0.08469581552260273 0.13682400281458496 0.14565313034818428 -0.9798287390526823 0.09830551201963512
0.9902114238928567 -0.04070026570334903 0.13350964146367267 0.14690066080389969 -0.01936747029906409 -0.987353084384515 -0.15734925436937958 0.08789098079400993 0.13822531275528555 0.15322328520189624 -0.978476564760568 0.09605687861508452
0.9899569420152254 -0.04232298089901299 0.1348852039464887 0.14753189078125767 -0.020122276284374466 -0.9866044928639192 -0.16188473880469417 0.08743508852017567 0.13992979294274457 0.1575447236455431 -0.9775476014488758 0.09165790298113782
0.9898604027478959 -0.043677717354505735 0.13516153327952554 0.1503482671990426 -0.02040267536461133 -0.9854022891461439 -0.16901496792741652 0.09041231600398161 0.14057067229596176 0.16454356733777004 -0.9763018490907523 0.08964596774901763
0.9894637713302491 -0.042647982739383646 0.1383567663440498 0.14992943606553838 -0.018504060995005553 -0.9850444440349251 -0.17130394917402889 0.08690913771112406 0.1435933318494068 0.16693888954999786 -0.9754549513966289 0.08375396998785836
0.989141031398333 -0.044011358146259255 0.14022489207827435 0.15052920358752542 -0.01878297235910053 -0.9841409984046899 -0.17639074581274788 0.08813876510283859 0.1457642615787534 0.17184148397037854 -0.9742809063269479 0.08218628687177336
0.9888976817943629 -0.04498659717889305 0.14162478955324018 0.1520838621809508 -0.01882129712179234 -0.983316450401257 -0.1809268281513978 0.08884522615617628 0.1474012676892189 0.17625255868933148 -0.9732460643840667 0.08068655538489099
0.9885749425268099 -0.04644734917409085 0.14339535125942418 0.15385867761686015 -0.019404138774996003 -0.982638256079571 -0.18451432759355038 0.08842165714812587 0.1494759592928383 0.17962377750063993 -0.972312828337612 0.07793509280090984
0.9882128260014625 -0.04814662701427691 0.14531797147411313 0.15555009479228316 -0.020103755121816894 -0.9818495366947786 -0.1885930176922001 0.08911452507952952 0.15176050064560634 0.1834486020644382 -0.9712442333648102 0.07615354333675109
0.9879464304208525 -0.04940148349520136 0.14670154752820103 0.15804552365091604 -0.02056222574892575 -0.9811911934193555 -0.19194019075886964 0.08902175930984663 0.15342439666150198 0.1866101159765311 -0.9703801415549886 0.07369459017307267
0.9875719573100146 -0.05018192186425076 0.14894094082177892 0.15981926962338747 -0.020433264180921066 -0.9806090051395522 -0.1949062871077553 0.08891325193616485 0.15583359987428613 0.18944063385986723 -0.9694473350280522 0.07200111402809169
0.9870309539999418 -0.05189051535249448 0.1519120477856065 0.16063320498727188 -0.02129770629560959 -0.9802791203717998 -0.19646692818292988 0.08705395200109615 0.1591109787302869 0.19068356137733297 -0.9686709843223071 0.06896877306562886
0.9864796232714363 -0.052651811840765866 0.15519581044644598 0.1613459381088593 -0.021124223637860588 -0.9799377552779376 -0.19818113673237045 0.08597544589599393 0.16251683003905246 0.19222326209572407 -0.9678008563043 0.06747608107033758
0.9862922414400602 -0.05381181264143135 0.15598686898385383 0.1644579883873689 -0.021924692012727176 -0.979685022101734 -0.19934032544789368 0.08415273853070494 0.1635448634329111 0.19318785233489344 -0.9674355437727838 0.0666724451612892
0.98598715219321 -0.05448178890283911 0.15767393693274412 0.16725141800908028 -0.022042253352383547 -0.9794275723584216 -0.2005885579270123 0.08307974499961307 0.16535862474353685 0.1943022521280582 -0.9669039042432763 0.06537196540950783
0.9857558996830583 -0.05504545522228364 0.1589191747380246 0.1699449469997597 -0.022113244300714655 -0.9791394270348587 -0.20198263997766155 0.08239115534102372 0.166722256062411 0.19559136045648914 -0.9664097004108763 0.06479226741539267
0.9853673506172922 -0.05568965264450585 0.1610895618151392 0.17176270874681793 -0.022276415480434724 -0.9790879111181364 -0.20221430121449674 0.0802002987148182 0.16898208677490734 0.19566687223610044 -0.9660018268401667 0.06382391356028011
0.9850035470979179 -0.056137253931787555 0.16314601106222998 0.17398855383821515 -0.022359000197594656 -0.9791462067272352 -0.2019227103666905 0.07802715829647462 0.17107918434071173 0.19524680425723853 -0.9657176596255513 0.062327492783785604
0.984740714905929 -0.05660513323534942 0.1645648300760737 0.17655472234561284 -0.022491291022118796 -0.9790880704563621 -0.20218974286099675 0.07642739890542961 0.17256843927762985 0.19540319644633755 -0.9654210089820073 0.06209691471308434
0.9843134409562156 -0.0571927483119596 0.1669012866740696 0.17843564401095818 -0.022500121615123665 -0.978967725466343 -0.20277065128504096 0.07586576762971765 0.17498798381671749 0.19583457824342432 -0.9648979342313779 0.06254330556972874
0.9838124534315292 -0.058490460620707174 0.16938690176460536 0.18099185497417586 -0.02322269312535081 -0.9788756731045514 -0.2031332644549316 0.07480362660841096 0.17769007568527947 0.1959114152378286 -0.9643883835791837 0.062062100966270496
0.9833924955293514 -0.059481903412235186 0.17146749809515152 0.18371721628387053 -0.02380904632022408 -0.9788839798109903 -0.20302532694892655 0.07344403546893527 0.1799231198314288 0.1955711053194071 -0.9640433671335905 0.061716812653378625
0.9828215571219762 -0.060570951050672714 0.17433572997280586 0.18510746892676672 -0.02421496391175346 -0.9787653845206917 -0.20354841582978425 0.07272855873202262 0.18296289891419668 0.1958302375857194 -0.9634184426655087 0.06146700655528882
0.9823108905400958 -0.06124582264663641 0.17695836667040976 0.18730142926453025 -0.024394837259364397 -0.9788024394145285 -0.20334865751033995 0.07081291091757548 0.18566153678511754 0.19543473029250755 -0.962982377800385 0.061676693898530574
0.9817789988451011 -0.06138248948254454 0.17983933777579333 0.18903796210312476 -0.024319231339683067 -0.9791960007316558 -0.20145413159867967 0.06688673635077988 0.1884637164383573 0.19340988117481608 -0.9628468442333836 0.06075801530122165
0.9812754264784805 -0.062067933837860786 0.18233515562988492 0.19113817207642195 -0.024745013354512877 -0.9794353876995076 -0.20023487617295904 0.06427514211705733 0.19101366889194188 0.1919736776514275 -0.9626317496246554 0.0610945177785717
