9.997355691742259021e-01 -1.170998941485681434e-02 1.979060069302229080e-02 2.517366399999999838e-02 1.151074627169963206e-02 9.998822161986987700e-01 1.015167226851478553e-02 1.049068300000000065e-02 -1.990714565565003535e-02 -9.921183270291929548e-03 9.997526072355911175e-01 -1.534814699999999948e-02
9.997355691742259021e-01 -1.170998941485681434e-02 1.979060069302229080e-02 2.517366399999999838e-02 1.151074627169963206e-02 9.998822161986987700e-01 1.015167226851478553e-02 1.049068300000000065e-02 -1.990714565565003535e-02 -9.921183270291929548e-03 9.997526072355911175e-01 -1.534814699999999948e-02
9.997355691742259021e-01 -1.170998941485681434e-02 1.979060069302229080e-02 2.517366399999999838e-02 1.151074627169963206e-02 9.998822161986987700e-01 1.015167226851478553e-02 1.049068300000000065e-02 -1.990714565565003535e-02 -9.921183270291929548e-03 9.997526072355911175e-01 -1.534814699999999948e-02
9.997355691742259021e-01 -1.170998941485681434e-02 1.979060069302229080e-02 2.517366399999999838e-02 1.151074627169963206e-02 9.998822161986987700e-01 1.015167226851478553e-02 1.049068300000000065e-02 -1.990714565565003535e-02 -9.921183270291929548e-03 9.997526072355911175e-01 -1.534814699999999948e-02
9.997355691742259021e-01 -1.170998941485681434e-02 1.979060069302229080e-02 2.517366399999999838e-02 1.151074627169963206e-02 9.998822161986987700e-01 1.015167226851478553e-02 1.049068300000000065e-02 -1.990714565565003535e-02 -9.921183270291929548e-03 9.997526072355911175e-01 -1.534814699999999948e-02
9.997355691742259021e-01 -1.170998941485681434e-02 1.979060069302229080e-02 2.517366399999999838e-02 1.151074627169963206e-02 9.998822161986987700e-01 1.015167226851478553e-02 1.049068300000000065e-02 -1.990714565565003535e-02 -9.921183270291929548e-03 9.997526072355911175e-01 -1.534814699999999948e-02
9.997065986794164694e-01 -1.191653746790060503e-02 2.108821214821843260e-02 2.913735799999999862e-02 1.172467233655941771e-02 9.998889528126114756e-01 9.198592386851989905e-03 1.261106000000000033e-02 -2.119548573240218753e-02 -8.948641130096465085e-03 9.997353015706168522e-01 -1.788860700000000081e-02
9.996790017452611421e-01 -1.139338112605200320e-02 2.262928050369036187e-02 3.228434899999999691e-02 1.122211432333922176e-02 9.999075289123406929e-01 7.681000880777576201e-03 1.435185100000000054e-02 -2.271470051997347833e-02 -7.424586920032874918e-03 9.997144181661855589e-01 -2.096684999999999868e-02
9.996963596469735647e-01 -1.046120153950021170e-02 2.231035120608818728e-02 3.578838300000000000e-02 1.034678170825141172e-02 9.999327523114031058e-01 5.237839556914552011e-03 1.625620800000000116e-02 -2.236364498177424026e-02 -5.005408803698575826e-03 9.997373721462237128e-01 -2.350922999999999902e-02
9.997338064770310284e-01 -9.639089844134286766e-03 2.096196875111974722e-02 3.934894500000000322e-02 9.628639122695747260e-03 9.999534639132315883e-01 5.994302079083107648e-04 1.951011600000000096e-02 -2.096677122475242711e-02 -3.974354110637362916e-04 9.997800940954479909e-01 -2.563849500000000073e-02
9.998168911637562717e-01 -9.382777654628552885e-03 1.667775845626286169e-02 4.437378799999999734e-02 9.491101473024949123e-03 9.999342986155941304e-01 -6.427864728561594881e-03 2.408986200000000008e-02 -1.661635147890137137e-02 6.584978027582606350e-03 9.998402547046733035e-01 -2.705157500000000131e-02
9.998759105861956265e-01 -6.728689400362942823e-03 1.424388178761204146e-02 4.847025499999999681e-02 6.887032719552194267e-03 9.999147104179115786e-01 -1.109687659586293396e-02 2.644877099999999939e-02 -1.416799949695934230e-02 1.119359767087581281e-02 9.998369722917015423e-01 -2.970676499999999956e-02
9.999303735808546811e-01 -5.565315185978574920e-03 1.040553974252014097e-02 5.044078500000000187e-02 5.763790314190266224e-03 9.998001554741571262e-01 -1.914230485248009928e-02 3.038680599999999885e-02 -1.029692729247401808e-02 1.920094739152089502e-02 9.997626202792349037e-01 -3.029119200000000151e-02
9.999747859068073286e-01 -3.346356715067973567e-03 6.263341549877747896e-03 5.348905500000000063e-02 3.512440348245699125e-03 9.996374179222513590e-01 -2.669635654044003742e-02 3.340198099999999726e-02 -6.171735042507993027e-03 2.671768302959295210e-02 9.996239668495825459e-01 -3.215868799999999778e-02
9.999982133192668599e-01 -1.160018266457322859e-03 1.492553481643945842e-03 5.675517800000000335e-02 1.212491402157668714e-03 9.993636092434362572e-01 -3.564977397589173119e-02 3.769098199999999788e-02 -1.450249245397441326e-03 3.565151998939117967e-02 9.993632302119045407e-01 -3.413793400000000172e-02
9.999947972624756432e-01 1.094446909293250508e-03 -3.034408334906809040e-03 5.823552600000000273e-02 -1.230412357228597353e-03 9.989783639654595815e-01 -4.517426716976128548e-02 4.207198699999999819e-02 2.981867436924825771e-03 4.517776571341849262e-02 9.989745131642407960e-01 -3.441346800000000261e-02
9.999530509793677080e-01 4.161912668708979066e-03 -8.750675402056776186e-03 6.193314899999999984e-02 -4.633221918449241875e-03 9.985003931108077380e-01 -5.454812748588969834e-02 4.605977599999999672e-02 8.510528286100889350e-03 5.458611032580095584e-02 9.984727975602495365e-01 -3.663711599999999735e-02
9.998695705193346717e-01 6.387929235669973643e-03 -1.483362091875290410e-02 6.486274999999999680e-02 -7.337260572874546374e-03 9.978679006871979951e-01 -6.485227355621427103e-02 5.020732800000000245e-02 1.438772243153625847e-02 6.495265304977450305e-02 9.977846191964619971e-01 -3.770529100000000189e-02
9.997548263932785062e-01 8.314929892254786098e-03 -2.052191619299850375e-02 6.598047199999999834e-02 -9.843601066009299155e-03 9.970934455849100875e-01 -7.554974711847281532e-02 5.371587399999999679e-02 1.983407727621395653e-02 7.573323387059882617e-02 9.969308334413689021e-01 -3.820524699999999774e-02
9.995892112671251883e-01 1.205379998534388160e-02 -2.600220421964302350e-02 6.651868700000000689e-02 -1.425313267170837984e-02 9.961821898494747085e-01 -8.612718987490454448e-02 5.733811099999999716e-02 2.486477282038540224e-02 8.646242266220917350e-02 9.959447738403832684e-01 -3.844945100000000254e-02
9.993614144322597870e-01 1.397620309804451476e-02 -3.288508918819154497e-02 6.904934299999999914e-02 -1.713288105585501764e-02 9.950628525632122523e-01 -9.775675851565937546e-02 6.179432599999999665e-02 3.135646234317617659e-02 9.825774878209467267e-02 9.946668724118622462e-01 -3.959803299999999776e-02
9.991064538748120061e-01 1.628754751954024013e-02 -3.900012335232769245e-02 7.116484600000000382e-02 -2.044671455424950171e-02 9.938598326203404998e-01 -1.087408155561002815e-01 6.601975899999999731e-02 3.698953486643348498e-02 1.094410750114759162e-01 9.933047998528434785e-01 -4.052277299999999804e-02
9.987584432220658615e-01 1.815447005548549708e-02 -4.638951723870131383e-02 7.419061700000000037e-02 -2.364401909414029501e-02 9.924106639945782238e-01 -1.206732544970762350e-01 7.040205600000000452e-02 4.384669261998234979e-02 1.216202664313998233e-01 9.916077744448376086e-01 -4.174083099999999907e-02
9.983684830042875991e-01 1.985885483181469569e-02 -5.353501684399138150e-02 7.705661699999999392e-02 -2.689555734640879103e-02 9.906017044931713089e-01 -1.341077628262048738e-01 7.718019900000000488e-02 5.036865234194345953e-02 1.353288178474655046e-01 9.895196359452721468e-01 -4.183349799999999674e-02
9.980096525979852418e-01 2.266611260425551583e-02 -5.884709560088729335e-02 7.717123600000000416e-02 -3.096117576059851523e-02 9.890757285799279819e-01 -1.441201191007207283e-01 7.963726699999999770e-02 5.493759110818462882e-02 1.456552452659903574e-01 9.878088937693030314e-01 -4.266407299999999680e-02
9.976100264645121340e-01 2.257264486429182843e-02 -6.530475328263588009e-02 7.784996199999999478e-02 -3.262475281881208750e-02 9.870250524483519250e-01 -1.572169562828372169e-01 8.387286200000000636e-02 6.090862501310298494e-02 1.589717633517307993e-01 9.854025156533011698e-01 -4.204489299999999985e-02
9.971719399788808724e-01 2.356436798684645798e-02 -7.136415542928872813e-02 7.953583399999999970e-02 -3.541084043775678120e-02 9.848782832196930626e-01 -1.695902108664346652e-01 8.899159700000000561e-02 6.628872074679767468e-02 1.716376642919919537e-01 9.829274223960497991e-01 -4.217542299999999661e-02
9.966766322383188159e-01 2.497642070946668250e-02 -7.753624416121017437e-02 8.204064499999999538e-02 -3.870399807783805879e-02 9.827301815459330570e-01 -1.809513492944667123e-01 9.427467000000000485e-02 7.167769027301161555e-02 1.833509440587670070e-01 9.804308950812826717e-01 -4.263258000000000325e-02
9.961957133118226615e-01 2.578351700683804287e-02 -8.324248332376235626e-02 8.403241599999999867e-02 -4.147247457548765975e-02 9.803904537638922223e-01 -1.926514781184276714e-01 9.908703000000000649e-02 7.664290333575762837e-02 1.953708484380092536e-01 9.777300736649549018e-01 -4.334957899999999920e-02
9.957923185113198850e-01 2.791606070785226934e-02 -8.728317104920986502e-02 8.444532800000000006e-02 -4.516757726704834219e-02 9.782551177897680361e-01 -2.024273066608166527e-01 1.031342969999999998e-01 7.973423579413889406e-02 2.055179264022547470e-01 9.753998326684508724e-01 -4.348648299999999939e-02
9.953123973396206248e-01 2.716611291679439655e-02 -9.281828489607607535e-02 8.712952599999999881e-02 -4.666286293982672972e-02 9.755298676533696867e-01 -2.148582196204234795e-01 1.093753499999999962e-01 8.471014652517200316e-02 2.181822165649417722e-01 9.722246198541223405e-01 -4.306254899999999858e-02
9.949899349888260414e-01 2.643689188563774078e-02 -9.641638874360944356e-02 8.757993599999999712e-02 -4.779772594171195071e-02 9.728347270445202311e-01 -2.265126293410917868e-01 1.154060209999999975e-01 8.780892133338566441e-02 2.299862704676975955e-01 9.692243851299998658e-01 -4.207116699999999959e-02
9.946446457095262650e-01 2.693474515500762778e-02 -9.978250480322543858e-02 8.878887400000000374e-02 -4.990944207255436360e-02 9.705900790109400766e-01 -2.355078472525772570e-01 1.190028189999999958e-01 9.050456537311947491e-02 2.392267084356839157e-01 9.667365233700705440e-01 -4.236258200000000279e-02
9.943517265972025010e-01 2.710931683700925493e-02 -1.026144665911822851e-01 9.015166800000000424e-02 -5.160625928697799153e-02 9.683375903322840594e-01 -2.442521343854967830e-01 1.218148170000000058e-01 9.274393681296591585e-02 2.481680803207701735e-01 9.642671653096648310e-01 -4.250559200000000176e-02
9.942355230085154760e-01 2.692429366638894594e-02 -1.037824994811245016e-01 8.975581800000000110e-02 -5.259340659152347830e-02 9.659722022413891329e-01 -2.532422517669976614e-01 1.265901180000000015e-01 9.343264082258542769e-02 2.572407178257104521e-01 9.618199180311410856e-01 -4.191001099999999702e-02
9.939601294260677067e-01 2.430502351212153814e-02 -1.070164797747982094e-01 9.228942499999999438e-02 -5.199842461064316246e-02 9.630561892528251011e-01 -2.642327386601400763e-01 1.320886910000000081e-01 9.664070027336223168e-02 2.682014954729033951e-01 9.585032774470686467e-01 -4.100284399999999663e-02
9.939229207483752937e-01 2.405145275404300259e-02 -1.074185981636282955e-01 9.314896200000000182e-02 -5.260627150137715119e-02 9.609744003847886518e-01 -2.715893628326030984e-01 1.359639470000000017e-01 9.669440423179827271e-02 2.755897846900642878e-01 9.563997400484494094e-01 -4.074118699999999815e-02
9.939257662750859978e-01 2.335873582868241982e-02 -1.075450630897060722e-01 9.477195099999999317e-02 -5.269325984314092437e-02 9.589288143462294522e-01 -2.787094354047560674e-01 1.405547410000000108e-01 9.661775976282135914e-02 2.826833891070015814e-01 9.543349045389638574e-01 -4.042209699999999711e-02
9.940259410695967413e-01 2.309282724653107660e-02 -1.066730978760086490e-01 9.640961100000000616e-02 -5.283838746665488889e-02 9.570120283888406965e-01 -2.851948146951494567e-01 1.449283060000000067e-01 9.550148318547882487e-02 2.891274785433561312e-01 9.525149698878936366e-01 -4.012911400000000045e-02
9.943511031017774338e-01 2.219637675241640379e-02 -1.037940490555373102e-01 9.763979200000000302e-02 -5.159041000098951030e-02 9.556755074660217009e-01 -2.898667866891473932e-01 1.498585789999999918e-01 9.275943809773913584e-02 2.935841366433593058e-01 9.514221152333831588e-01 -4.008889899999999729e-02
9.946585921274954112e-01 2.102015405299106909e-02 -1.010566090393757305e-01 9.891007799999999850e-02 -5.023703026466538879e-02 9.538477952183366249e-01 -2.960584812960191381e-01 1.550148130000000013e-01 9.016942883891305993e-02 2.995538961200583938e-01 9.498088952111142236e-01 -3.907735600000000059e-02
9.948405261012827072e-01 1.811186225202623956e-02 -9.982128065841781861e-02 1.017978410000000000e-01 -4.779554570090280285e-02 9.515730384041012346e-01 -3.036846034845028797e-01 1.605736319999999939e-01 8.948694562714666623e-02 3.068887632810143318e-01 9.475290884897273891e-01 -3.782322600000000146e-02
9.952673502867581679e-01 1.707459873500929981e-02 -9.566273846808814874e-02 1.030785220000000058e-01 -4.590697793987275066e-02 9.502782335554109672e-01 -3.079997211155162673e-01 1.650913509999999973e-01 8.564724647998586682e-02 3.109336535482227215e-01 9.465647427733352437e-01 -3.679693500000000284e-02
9.956933987130359709e-01 1.593705467037262458e-02 -9.132724701706883275e-02 1.047556770000000054e-01 -4.387714115437118395e-02 9.488055529889027895e-01 -3.127983681248060477e-01 1.698851879999999925e-01 8.166671441537574905e-02 3.154584487786876168e-01 9.454186981706790283e-01 -3.623298199999999691e-02
9.961446772272106731e-01 1.537307803016249239e-02 -8.636811045620253202e-02 1.065250709999999990e-01 -4.195704023271419614e-02 9.481101066582143799e-01 -3.151615973234361268e-01 1.730008869999999921e-01 7.704147458873479570e-02 3.175702979254008684e-01 9.450998450263153883e-01 -3.617144700000000240e-02
9.966162052471374544e-01 1.416191324730241285e-02 -8.096653414819869610e-02 1.084803490000000037e-01 -3.934775193843638441e-02 9.470443406539090780e-01 -3.186828694059251621e-01 1.775040780000000096e-01 7.216573879748493237e-02 3.207903630855805099e-01 9.443969764327047045e-01 -3.534072299999999750e-02
9.971208040551690077e-01 1.398749868578268336e-02 -7.452819601257339166e-02 1.109143419999999991e-01 -3.717291397195383873e-02 9.468086704582148183e-01 -3.196427944002201982e-01 1.817201519999999959e-01 6.609293901172084984e-02 3.214929103816488998e-01 9.446025788590300953e-01 -3.567193400000000236e-02
9.974925263560785460e-01 1.319728053935559538e-02 -6.953050877228976467e-02 1.142751800000000040e-01 -3.502497505709908227e-02 9.457639676795027706e-01 -3.229609396836929935e-01 1.863937230000000111e-01 6.149724372699565123e-02 3.245864279748769121e-01 9.438547238788882465e-01 -3.484822800000000192e-02
9.979841599535406171e-01 1.288390238007052456e-02 -6.214194671304421741e-02 1.153322309999999934e-01 -3.244577102404532648e-02 9.451160408214784869e-01 -3.251198876177657793e-01 1.898837690000000078e-01 5.454253775248484731e-02 3.264807413024453098e-01 9.436288662043592623e-01 -3.410149400000000303e-02
9.983700720361133873e-01 1.165547254516521164e-02 -5.586903634710824185e-02 1.185867790000000033e-01 -2.933300400011983750e-02 9.445247613707836720e-01 -3.271277273998537960e-01 1.935348209999999958e-01 4.895685997829676839e-02 3.282333394358546985e-01 9.433271440724327883e-01 -3.382077099999999947e-02
9.987121201897458667e-01 1.025249983668168746e-02 -4.968890452808760738e-02 1.219363960000000024e-01 -2.609331525978308974e-02 9.437119291356095285e-01 -3.297376740772878234e-01 1.973618119999999976e-01 4.351137649921149597e-02 3.306095598349282350e-01 9.427640633058192998e-01 -3.329189899999999980e-02
9.990486359957989615e-01 9.226497629355000576e-03 -4.262270118644498340e-02 1.245866860000000020e-01 -2.285003690488447009e-02 9.432084638875054550e-01 -3.314146488380044220e-01 2.006909400000000121e-01 3.714429604096555759e-02 3.320732831657311479e-01 9.425219551178387611e-01 -3.307631999999999933e-02
9.993034267719390629e-01 8.293608525798322473e-03 -3.638512470063237636e-02 1.286343779999999937e-01 -1.997586363413821758e-02 9.424276820893884299e-01 -3.338128650961387223e-01 2.040580359999999982e-01 3.152183551016782270e-02 3.343071642804613663e-01 9.419368841896077482e-01 -3.237179700000000077e-02
9.995569789508045311e-01 5.439412870544384215e-03 -2.926189703974405032e-02 1.306185719999999884e-01 -1.504163462217080610e-02 9.406857021112577932e-01 -3.389456579915768875e-01 2.103611529999999952e-01 2.568258278744445233e-02 3.392356446941766079e-01 9.403507762055032249e-01 -3.002340499999999954e-02
9.997488210288127952e-01 4.798376412536647234e-03 -2.189224600863208525e-02 1.332923920000000095e-01 -1.199571330928281276e-02 9.396796392821903376e-01 -3.418454012864501901e-01 2.143051029999999968e-01 1.893139492220134029e-02 3.420221500170658735e-01 9.395011714649447176e-01 -2.823082199999999917e-02
9.998738109909254268e-01 3.723267163414412800e-03 -1.544342501237384174e-02 1.381125300000000111e-01 -8.795995117097138438e-03 9.392800341473210857e-01 -3.430388431680985173e-01 2.171711620000000009e-01 1.322847551243064648e-02 3.431313957274051418e-01 9.391942571703576492e-01 -2.915640900000000119e-02
9.999618532597317477e-01 2.012202180392470320e-03 -8.499592210682190702e-03 1.412291820000000087e-01 -4.836746340584338784e-03 9.378500720266956803e-01 -3.470069859301948556e-01 2.219238729999999937e-01 7.273094953285676872e-03 3.470348591163527896e-01 9.378240286151200422e-01 -2.709609300000000165e-02
9.999939767097114629e-01 3.321501002843064033e-03 -1.007062751383449358e-03 1.442555490000000107e-01 -3.464467926898689033e-03 9.376884990954914567e-01 -3.474597474903073357e-01 2.222196909999999970e-01 -2.097767398969310553e-04 3.474611435759871747e-01 9.376943583591546005e-01 -2.726019000000000012e-02
9.999820524595076643e-01 2.460881394284833781e-03 5.462492254789974924e-03 1.478309630000000097e-01 -3.876679539596280481e-04 9.364157069804065481e-01 -3.508923958052423409e-01 2.254494429999999994e-01 -5.978668114877299863e-03 3.508839805165642201e-01 9.363998546264429290e-01 -2.636104100000000172e-02
9.999551556220018789e-01 5.158597082829186661e-04 9.456248396664430900e-03 1.545804440000000113e-01 2.880411309301071122e-03 9.346424679209277553e-01 -3.555772214152175814e-01 2.291670140000000022e-01 -9.021639300443064224e-03 3.555885136607182528e-01 9.345990685726655034e-01 -2.615221599999999896e-02
9.998671417826991981e-01 2.157555627288862583e-04 1.629884145676818719e-02 1.572019759999999933e-01 5.648883792965329192e-03 9.333622924313237368e-01 -3.588912386493124940e-01 2.310597000000000067e-01 -1.529015680721709965e-02 3.589356272604898868e-01 9.332370688029539840e-01 -2.541006200000000062e-02
9.997857374660168439e-01 -1.400379960076875846e-03 2.065231453131433775e-02 1.634393779999999963e-01 8.816233492750510242e-03 9.315000538043204381e-01 -3.636343270231089941e-01 2.344255600000000050e-01 -1.872840587274385293e-02 3.637384894378315470e-01 9.313128143190935182e-01 -2.486767100000000091e-02
9.996516275427161924e-01 -1.231323898544980922e-03 2.636488939205654941e-02 1.671481880000000031e-01 1.084010190322965035e-02 9.299275652701808337e-01 -3.675829369562753635e-01 2.359846379999999966e-01 -2.406482374600114882e-02 3.677406792729495666e-01 9.296169517957079131e-01 -2.462714900000000096e-02
9.995355988577788731e-01 -1.613387533399193718e-03 3.042997858508155254e-02 1.734521840000000092e-01 1.282683597677421530e-02 9.280973821403277757e-01 -3.721165429581105855e-01 2.382116760000000111e-01 -2.764161527202020283e-02 3.723340519546090022e-01 9.276870673132272538e-01 -2.484224599999999838e-02
9.993794810957287167e-01 -2.203330336680075184e-03 3.515392012648532044e-02 1.781107190000000007e-01 1.531380112444336722e-02 9.259582958629914984e-01 -3.773151492023950060e-01 2.402404250000000074e-01 -3.171971405849745990e-02 3.776193581610086114e-01 9.254174625984291636e-01 -2.418455499999999994e-02
9.991982452698501271e-01 -2.294337667146800937e-03 3.997002207056361833e-02 1.823948770000000108e-01 1.741705539181701012e-02 9.238436354490032754e-01 -3.823736175808256643e-01 2.422839549999999953e-01 -3.604875630490751715e-02 3.827632078126609327e-01 9.231429000505995131e-01 -2.373777300000000021e-02
9.990452456802140224e-01 -2.579693914858441697e-03 4.361126302993870857e-02 1.879735590000000123e-01 1.931481374743528046e-02 9.214755207440126217e-01 -3.879559287334743978e-01 2.439377460000000108e-01 -3.918590376222987753e-02 3.884278695573432083e-01 9.206455643174961123e-01 -2.395237399999999850e-02
9.988277768267885826e-01 -3.201866828642823889e-03 4.829927833898235018e-02 1.915428640000000071e-01 2.198733208614759432e-02 9.189422663549982051e-01 -3.937787047747412505e-01 2.458871450000000014e-01 -4.312342132749113349e-02 3.943790805242475828e-01 9.179354614447905458e-01 -2.235025900000000079e-02
9.986603995798550848e-01 -2.584955689673564677e-03 5.167905102734023787e-02 1.968213169999999956e-01 2.301392716285152393e-02 9.167169494095644966e-01 -3.988739071708812256e-01 2.461660210000000126e-01 -4.634399063036086924e-02 3.995289134334387704e-01 9.155484049809429203e-01 -2.273897299999999913e-02
9.984945210487720102e-01 -2.844247862675616106e-03 5.477774812530161741e-02 2.023176700000000050e-01 2.480103890306759734e-02 9.141529790714925108e-01 -4.046099842120111645e-01 2.475118189999999940e-01 -4.892443055276010644e-02 4.053593974596013116e-01 9.128472813051902168e-01 -2.331930000000000114e-02
9.982166768956086678e-01 -3.106556309044513839e-03 5.961388492110364368e-02 2.051990780000000070e-01 2.740570769746237395e-02 9.110313369107045922e-01 -4.114253642549222656e-01 2.499165530000000135e-01 -5.303200121708688541e-02 4.123254206019717483e-01 9.094918110529186528e-01 -2.210765300000000141e-02
9.980411836487831367e-01 -2.468719460079846911e-03 6.251160824329654586e-02 2.108991590000000027e-01 2.834575900193950573e-02 9.086127459465248579e-01 -4.166766082348755118e-01 2.502350810000000259e-01 -5.577018636816558766e-02 4.176323542635835828e-01 9.069029181696994790e-01 -2.326547699999999969e-02
9.979603687693818781e-01 -2.726760387271142186e-03 6.377826544732780045e-02 2.182852630000000071e-01 2.953709607832395029e-02 9.054300984045814404e-01 -4.234665238933649212e-01 2.522760330000000106e-01 -5.659206941735969720e-02 4.244866331003372961e-01 9.036638954822752146e-01 -2.329763600000000004e-02
9.977247283950215762e-01 -2.583316251662720608e-03 6.736982133139568507e-02 2.221236679999999963e-01 3.141076855331292189e-02 9.019981845438834744e-01 -4.305956789128618789e-01 2.546137270000000119e-01 -5.965509171873336486e-02 4.317320946567235751e-01 9.000270376357297764e-01 -2.273874000000000034e-02
9.975489703588631407e-01 -2.204278547980354289e-03 6.993706379349094726e-02 2.273957430000000113e-01 3.254923391837213908e-02 8.993968481641586576e-01 -4.359195532247944760e-01 2.548249069999999894e-01 -6.194028662590286144e-02 4.371274993276678122e-01 8.972641474082426738e-01 -2.366158399999999939e-02
9.973973118826766626e-01 -9.171634342130773054e-04 7.209549958524122393e-02 2.329841549999999983e-01 3.269771528784454206e-02 8.969395352968180246e-01 -4.409425466389959025e-01 2.549107970000000223e-01 -6.426088751461211945e-02 4.421522688314094562e-01 8.946350705751878740e-01 -2.659960499999999839e-02
9.971436149973831320e-01 -8.972689961561190752e-04 7.552354585358876660e-02 2.360379989999999983e-01 3.471316297038587462e-02 8.935071072941033199e-01 -4.477053110378692025e-01 2.564748530000000026e-01 -6.707911289322494863e-02 4.490481534571457156e-01 8.909860540379886951e-01 -2.623320200000000060e-02
9.971095085899476240e-01 2.336593986998480865e-05 7.597780816492535894e-02 2.443618330000000005e-01 3.443977673658032285e-02 8.912254342033520960e-01 -4.522511771210565024e-01 2.558468879999999945e-01 -6.772392234541532718e-02 4.535606077285367355e-01 8.886485500236146473e-01 -2.843039899999999856e-02
9.970836660684518904e-01 1.038790442614311027e-03 7.630913296527755407e-02 2.522378559999999825e-01 3.405691410008951370e-02 8.887635172197445588e-01 -4.570990451326363280e-01 2.555086610000000258e-01 -6.829560352962113501e-02 4.583648452636884807e-01 8.861362080204824299e-01 -3.106126600000000057e-02
9.967215346678593990e-01 5.992135123653839768e-04 8.090626225771112290e-02 2.527701259999999839e-01 3.708318724060617744e-02 8.853718200117262072e-01 -4.634021768973486388e-01 2.571493389999999768e-01 -7.190980151151214750e-02 4.648831909977925170e-01 8.824469384468875965e-01 -3.083708300000000124e-02
9.963787262723233784e-01 1.169938318266172672e-03 8.501802794862953205e-02 2.538684900000000022e-01 3.899813682223781525e-02 8.822390447724870466e-01 -4.691837733802433630e-01 2.581249769999999777e-01 -7.555513984062578459e-02 4.708002751945467579e-01 8.789985902835126819e-01 -3.082661299999999924e-02
9.963930288379800881e-01 1.140914858269642673e-03 8.485063580411328354e-02 2.623682920000000030e-01 3.933348723931732321e-02 8.797970656168017101e-01 -4.737193263037298152e-01 2.582195700000000094e-01 -7.519181381420819710e-02 4.753481057555097866e-01 8.765787868126733162e-01 -3.373662399999999978e-02
9.962060075910632584e-01 1.573875591894636355e-03 8.701214487125204233e-02 2.664482890000000048e-01 4.042791985858026904e-02 8.770336785920246347e-01 -4.787248791438037943e-01 2.586708659999999993e-01 -7.706603490113349275e-02 4.804263206059411484e-01 8.736425909567681058e-01 -3.494245599999999674e-02
9.959127716245343986e-01 2.281305921203929943e-03 9.029145562251003621e-02 2.682247460000000139e-01 4.175981516900997836e-02 8.747828984544457898e-01 -4.827121278864752174e-01 2.582795319999999784e-01 -8.008663529071466392e-02 4.845097276783331131e-01 8.711121940558973487e-01 -3.648560099999999945e-02
9.958661255500455001e-01 2.650138950634539636e-03 9.079447530264883603e-02 2.747632859999999955e-01 4.202711634379720923e-02 8.727020064560508938e-01 -4.864410852502157878e-01 2.583362759999999758e-01 -8.052565723895654948e-02 4.882460288534102855e-01 8.689829882311327358e-01 -3.970504600000000078e-02
9.957829415227792413e-01 3.653886479736113968e-03 9.166778324926656840e-02 2.804191710000000226e-01 4.187227796401402080e-02 8.709563402217209704e-01 -4.895730443618093175e-01 2.571675480000000236e-01 -8.162748134265605804e-02 4.913468251054228797e-01 8.671304698535712285e-01 -4.221793299999999916e-02
9.954967162044101592e-01 3.647177186356327649e-03 9.472584718442718377e-02 2.819056509999999793e-01 4.375551825404332823e-02 8.687655150763148315e-01 -4.932868682992741505e-01 2.575887439999999806e-01 -8.409365403260944671e-02 4.952102360742927090e-01 8.646936332821509863e-01 -4.359037400000000118e-02
9.954853063486508447e-01 4.408227308008952350e-03 9.481335547238907424e-02 2.888729569999999858e-01 4.327633003713057119e-02 8.679677087369435107e-01 -4.947314583169920565e-01 2.555883230000000061e-01 -8.447581963171495179e-02 4.966010714063565645e-01 8.638583285328726991e-01 -4.797770800000000085e-02
9.952385544335092815e-01 4.597023091479406076e-03 9.736060367415194650e-02 2.909747360000000116e-01 4.462814519740785496e-02 8.665378107679168052e-01 -4.971122118453590311e-01 2.553329770000000165e-01 -8.665188067975193587e-02 4.990902622654969090e-01 8.622066815366369319e-01 -5.014852100000000146e-02
9.949833995646740759e-01 4.490864703742287328e-03 9.993931521146630359e-02 2.935567499999999774e-01 4.630947291036459357e-02 8.648363179946517709e-01 -4.999135683257835971e-01 2.570839520000000045e-01 -8.867619358930751983e-02 5.020338387117608825e-01 8.602898101679721243e-01 -5.225808199999999737e-02
9.947866348985022755e-01 5.075594778323873346e-03 1.018518009902636828e-01 2.967802880000000032e-01 4.688943109621472594e-02 8.641571251317643476e-01 -5.010327777056883258e-01 2.563636899999999774e-01 -9.055899888353093063e-02 5.031964839122492483e-01 8.594139667817611850e-01 -5.589451299999999984e-02
9.945070263701717428e-01 5.056661696831433322e-03 1.045476191639124752e-01 2.979303600000000052e-01 4.830644623418349493e-02 8.639243365899298421e-01 -5.012995390980063970e-01 2.560310069999999771e-01 -9.285613470623585441e-02 5.035962378931493344e-01 8.589345536344920040e-01 -6.036440700000000187e-02
9.942517129073051851e-01 5.107279723339755440e-03 1.069460007420432734e-01 3.001539710000000194e-01 4.944976916920001270e-02 8.640416765617431327e-01 -5.009857298301867434e-01 2.545336189999999887e-01 -9.496447604237276408e-02 5.033943750760427882e-01 8.588223631414111381e-01 -6.432732200000000622e-02
9.940022069152086859e-01 4.848761003484768073e-03 1.092524698321543919e-01 3.020331560000000248e-01 5.092166125594831810e-02 8.635862490762417076e-01 -5.016231402371325032e-01 2.552399639999999859e-01 -9.678118134549285045e-02 5.041778256956155335e-01 8.581597304780808066e-01 -6.705127700000000635e-02
9.936907978225543170e-01 5.129488751775740374e-03 1.120369879455930529e-01 3.029332160000000052e-01 5.197933067060014206e-02 8.641261188846636188e-01 -5.005838589530874350e-01 2.541816230000000232e-01 -9.938182683877352930e-02 5.032491818239485104e-01 8.584075451018090552e-01 -7.028914199999999890e-02
9.933746128138288833e-01 4.619940076182656868e-03 1.148282838444790038e-01 3.034897739999999899e-01 5.370529317302148720e-02 8.647097135331356377e-01 -4.993924837306248921e-01 2.542920710000000084e-01 -1.016002957779925248e-01 5.022507018164684700e-01 8.587325616411022322e-01 -7.420287300000000252e-02
9.934063170614287896e-01 3.990936679976398588e-03 1.145773173314176274e-01 3.100991849999999994e-01 5.377726980461369766e-02 8.664052541990913126e-01 -4.964372475435033238e-01 2.532673180000000190e-01 -1.012516393685047311e-01 4.993255530419249966e-01 8.604778309779781420e-01 -7.995377500000000470e-02
9.931156003147399991e-01 4.346303250065464141e-03 1.170577381446950838e-01 3.109568059999999745e-01 5.431259657192088336e-02 8.683169153236480753e-01 -4.930272572753359173e-01 2.512577469999999757e-01 -1.037860600712316173e-01 4.959907702879994273e-01 8.621030156100880637e-01 -8.485329899999999315e-02
9.927939415180402349e-01 3.783401687997022672e-03 1.197742691764026313e-01 3.108696340000000058e-01 5.580482245756862580e-02 8.699130812900496279e-01 -4.900378075117579058e-01 2.511375840000000248e-01 -1.060472134266305655e-01 4.931905482388310724e-01 8.634333046925674049e-01 -8.892027299999999412e-02
9.925756598709148948e-01 2.715553498408324051e-03 1.215984588759868451e-01 3.125728369999999923e-01 5.722365610139777681e-02 8.717656279744514514e-01 -4.865697720416869432e-01 2.507568900000000101e-01 -1.073266631094377394e-01 4.899156209506975168e-01 8.651379495400058905e-01 -9.306339199999999479e-02
9.924816796332296409e-01 2.252783079532423571e-03 1.223725482320282276e-01 3.132416009999999806e-01 5.733365238554761351e-02 8.747894632363338863e-01 -4.810989994947193482e-01 2.464085669999999950e-01 -1.081340274684000347e-01 4.844980082302541291e-01 8.680833555162660309e-01 -9.884971400000000519e-02
9.921884944616445878e-01 1.069289285056850697e-03 1.247431283813262431e-01 3.133080300000000151e-01 5.906892899477025893e-02 8.767306192541699517e-01 -4.773408456120327159e-01 2.473289220000000066e-01 -1.098765356449955127e-01 4.809805379457930963e-01 8.698188713933663330e-01 -1.026027050000000024e-01
9.921594248742715560e-01 1.283094526675299107e-03 1.249721140958662824e-01 3.176699579999999745e-01 5.845778949290153514e-02 8.790540319466673136e-01 -4.731243977707247916e-01 2.492326649999999921e-01 -1.104643041020863803e-01 4.767204239244874353e-01 8.720867358998751762e-01 -1.079380509999999932e-01
9.919747139729941932e-01 7.926732694163440840e-04 1.264339294148695836e-01 3.188740310000000022e-01 5.887606579419746300e-02 8.820516884796009149e-01 -4.674595466207556171e-01 2.482903750000000076e-01 -1.118918036086361395e-01 4.711519823999184009e-01 8.749263019053853396e-01 -1.136138440000000055e-01
9.918714696384015594e-01 -3.001527425329497678e-05 1.272438085583769141e-01 3.208794300000000210e-01 5.932822993359239405e-02 8.847587454478087476e-01 -4.622576375643417390e-01 2.487414629999999960e-01 -1.125661976363435263e-01 4.660493122542966327e-01 8.775687378758388890e-01 -1.188510509999999992e-01
9.914982895812518571e-01 -1.029847062416353737e-03 1.301156453793316792e-01 3.192838430000000116e-01 6.075445795083705969e-02 8.879401020867899730e-01 -4.559290196348559920e-01 2.476527239999999908e-01 -1.150653622796710129e-01 4.599579486443613474e-01 8.804536602697038417e-01 -1.235062779999999971e-01
9.913971833458458116e-01 -1.680116617823853437e-03 1.308770494092603154e-01 3.208310600000000012e-01 6.088794874175240679e-02 8.910569481586151364e-01 -4.497890314761765485e-01 2.468221039999999866e-01 -1.158632062043217503e-01 4.538884139812402463e-01 8.834936474597026024e-01 -1.287152619999999970e-01
9.914463436748340852e-01 -2.776566269490111927e-03 1.304853949434720550e-01 3.243486580000000119e-01 6.086836028167320195e-02 8.942257807729334651e-01 -4.434583359433643679e-01 2.471946329999999969e-01 -1.154521127152863258e-01 4.476075777740905481e-01 8.867458858031359581e-01 -1.346872299999999911e-01
9.912083224960669403e-01 -3.985417260720748589e-03 1.322504361572803822e-01 3.240660129999999861e-01 6.184620945665634389e-02 8.975837285758391237e-01 -4.364842455023292267e-01 2.459057420000000105e-01 -1.169662677457750377e-01 4.408260049556425031e-01 8.899389448521013435e-01 -1.401380750000000008e-01
9.913206271588900220e-01 -5.389056373272058803e-03 1.313558991469769288e-01 3.290635049999999784e-01 6.177492763197493797e-02 9.010768533327981888e-01 -4.292369540288057950e-01 2.457630630000000038e-01 -1.160485781273055267e-01 4.336259476314449079e-01 8.935889799316921733e-01 -1.470771429999999935e-01
9.913576869379385759e-01 -5.899352042392308482e-03 1.310539362039158939e-01 3.319593370000000210e-01 6.115744739325915114e-02 9.045743195685532756e-01 -4.219064671291845037e-01 2.445858270000000056e-01 -1.160590503898807357e-01 4.262751435664163258e-01 8.971174944231276038e-01 -1.533161100000000054e-01
9.912098435730168910e-01 -7.215243679504330931e-03 1.321021811424802073e-01 3.291145269999999901e-01 6.190160465002308293e-02 9.077639051225451228e-01 -4.148890019010135211e-01 2.417614610000000108e-01 -1.169240665804415213e-01 4.194193996649563383e-01 9.002311535594511582e-01 -1.571423710000000029e-01
9.912012939618852769e-01 -8.720323915229265949e-03 1.320755495884752551e-01 3.316505849999999977e-01 6.247822909539102465e-02 9.104957777643447603e-01 -4.087712190974367998e-01 2.427201270000000077e-01 -1.166896128084592699e-01 4.134264077488451483e-01 9.030294234622133764e-01 -1.617276069999999955e-01
9.913375565915198973e-01 -1.002592774672600787e-02 1.309554491572330892e-01 3.343136910000000239e-01 6.221550387626879897e-02 9.139625652275445988e-01 -4.010008234905613200e-01 2.413655369999999911e-01 -1.156679729595760514e-01 4.056746358049807544e-01 9.066691843753812430e-01 -1.684712170000000064e-01
9.911386055449067367e-01 -1.086704833799331457e-02 1.323864489247952581e-01 3.335409759999999890e-01 6.265606458534907219e-02 9.170536974391639840e-01 -3.938105300570756695e-01 2.407851669999999944e-01 -1.171259244111835102e-01 3.986156335037275289e-01 9.096082093721712392e-01 -1.727986340000000065e-01
9.911344320509193340e-01 -1.177477730602157283e-02 1.323400628022186887e-01 3.356211780000000200e-01 6.250920818064753526e-02 9.202648490071798637e-01 -3.862708979128778863e-01 2.401280849999999911e-01 -1.172396541095633432e-01 3.911188595570226911e-01 9.128422104630590228e-01 -1.781661360000000027e-01
9.913950896384692291e-01 -1.285928438610958735e-02 1.302705455803757628e-01 3.415229320000000013e-01 6.173705300321663536e-02 9.234668002239725393e-01 -3.786787625026992732e-01 2.389332949999999900e-01 -1.154309859925385096e-01 3.834627852728017539e-01 9.163143455079242328e-01 -1.842050110000000018e-01
9.912558795203439965e-01 -1.402327689648337830e-02 1.312064366615980360e-01 3.420557679999999823e-01 6.216809698084979630e-02 9.266972903587563648e-01 -3.706308942324135214e-01 2.374213340000000116e-01 -1.163911896757183068e-01 3.755469075186525507e-01 9.194659380417784522e-01 -1.897242670000000020e-01
9.911857623158362163e-01 -1.477182362161383322e-02 1.316532483809892962e-01 3.439666330000000216e-01 6.204590402601693755e-02 9.297979475507160974e-01 -3.628030905657639860e-01 2.355657959999999940e-01 -1.170516568698146270e-01 3.677738027067284365e-01 9.225190185934724063e-01 -1.939282860000000053e-01
9.910461060906170516e-01 -1.629517481317995301e-02 1.325220090416433238e-01 3.444410560000000232e-01 6.283408128693827865e-02 9.326715488085773886e-01 -3.552121341843995639e-01 2.345731110000000008e-01 -1.178112636017962511e-01 3.603585011080179257e-01 9.253443990470416880e-01 -1.976204960000000066e-01
9.913811259449898383e-01 -1.769751316108252037e-02 1.298085557579217453e-01 3.501742780000000055e-01 6.226970688030017409e-02 9.354092746121087654e-01 -3.480401881603473191e-01 2.331812530000000050e-01 -1.152646811694096746e-01 3.531236143301121899e-01 9.284491188413894758e-01 -2.024748620000000054e-01
9.913056611075720115e-01 -1.839415353074197110e-02 1.302871496808764018e-01 3.514422480000000126e-01 6.217096792269659333e-02 9.381559765195471856e-01 -3.405849886125484893e-01 2.319647069999999922e-01 -1.159648955660057823e-01 3.457239055034265762e-01 9.311429128548545098e-01 -2.059693039999999919e-01
9.913678725423283877e-01 -1.967747159365989401e-02 1.296246056988347994e-01 3.549959060000000277e-01 6.217640737513593224e-02 9.409880763830144046e-01 -3.326793267861940517e-01 2.296713890000000036e-01 -1.154289203658200591e-01 3.378671887246154082e-01 9.340888218614471494e-01 -2.102117990000000047e-01
9.913087486991292163e-01 -2.082980631343615482e-02 1.298964353687640239e-01 3.566162589999999910e-01 6.244192484996073655e-02 9.435750349806676374e-01 -3.252186332027483529e-01 2.273841950000000112e-01 -1.157927924078118592e-01 3.305030597894317301e-01 9.366748404308854470e-01 -2.125041340000000112e-01
9.910729343641543343e-01 -2.171799477610697818e-02 1.315399843155296011e-01 3.558395500000000045e-01 6.290932575489042999e-02 9.460749385140171386e-01 -3.177807852101254271e-01 2.254815249999999882e-01 -1.175451211403087670e-01 3.232190270058428183e-01 9.389955298495868963e-01 -2.139655799999999886e-01
9.909853792676392992e-01 -2.342479870389634067e-02 1.319062427766596601e-01 3.574762340000000038e-01 6.376656755821870359e-02 9.483846812730865050e-01 -3.106450083107553661e-01 2.235371919999999957e-01 -1.178210632256230794e-01 3.162558697198015745e-01 9.413290720721185778e-01 -2.147850990000000071e-01
9.909495005774304754e-01 -2.395214408234094816e-02 1.320809679673792536e-01 3.602985439999999984e-01 6.318122396015606046e-02 9.513714795158171311e-01 -3.014969998238486437e-01 2.186170970000000102e-01 -1.184365663308325073e-01 3.071133386190575965e-01 9.442744182694023936e-01 -2.178872229999999910e-01
9.909843469018292383e-01 -2.515210622378092134e-02 1.315955764760454449e-01 3.637862210000000207e-01 6.328427547539930420e-02 9.536162723868681912e-01 -2.942976478270398211e-01 2.155789140000000104e-01 -1.180894774021329086e-01 2.999722930396776510e-01 9.466105317053096213e-01 -2.191653550000000061e-01
9.907476840166075105e-01 -2.668001418747933604e-02 1.330684164581677764e-01 3.642334640000000068e-01 6.429351139159271422e-02 9.557512419072531351e-01 -2.870642924253772321e-01 2.129192050000000003e-01 -1.195214248938976376e-01 2.929637186337230581e-01 9.486236812116980444e-01 -2.193449289999999940e-01
9.906075775690224017e-01 -2.793939851152876103e-02 1.338507275798197782e-01 3.654348849999999871e-01 6.467130751475452799e-02 9.582255533317612928e-01 -2.786061932663591589e-01 2.075612400000000080e-01 -1.204750980375828562e-01 2.846457077717030604e-01 9.510323715836285219e-01 -2.186695640000000107e-01
9.903901513853425875e-01 -2.928645516308908334e-02 1.351652750631561484e-01 3.663345869999999893e-01 6.544524531222434272e-02 9.602156773230929865e-01 -2.714825461958405017e-01 2.040555779999999875e-01 -1.218370547286049127e-01 2.777195646095793058e-01 9.529048092690710625e-01 -2.173674700000000071e-01
