9.999919985823662039e-01 -2.502291613388884194e-03 -3.121106843183227893e-03 -1.428550000000000002e-04 2.495703643293627726e-03 9.999946535615867882e-01 -2.112891754666168520e-03 -3.353639999999999963e-04 3.126377227695409464e-03 2.105085490817183366e-03 9.999928971650281495e-01 3.447224200000000016e-02
9.999753914368281205e-01 -1.189266816556119833e-03 -6.913910991730739738e-03 -8.249740000000000198e-04 1.163158505223291879e-03 9.999921830970535108e-01 -3.778995512142070776e-03 -3.951450000000000123e-04 6.918351180322041688e-03 3.770860542117895290e-03 9.999689580320569871e-01 7.001978200000000263e-02
9.999424078965385432e-01 -1.041342070400747737e-03 -1.068159617121986794e-02 -1.475755000000000036e-03 9.821810561124711628e-04 9.999841587443670798e-01 -5.542344331912570608e-03 -3.638150000000000260e-04 1.068719843764581907e-02 5.531533875235973043e-03 9.999275903396913634e-01 1.097122799999999954e-01
9.998794945740371309e-01 1.256495857906966330e-04 -1.552354800133357200e-02 -2.467123999999999793e-03 -2.156866950669486939e-04 9.999831653191918468e-01 -5.798496137746748241e-03 -9.200280000000000350e-04 1.552255808872004227e-02 5.801145610263845273e-03 9.998626890228432540e-01 1.432700010000000079e-01
9.998067766298611714e-01 -7.612351877762911240e-04 -1.964255395807461627e-02 -3.494525999999999969e-03 6.466148209172152810e-04 9.999827321534439095e-01 -5.841000274527731115e-03 -1.554276999999999959e-03 1.964666114840768127e-02 5.827170490259747301e-03 9.997900043458112229e-01 1.826521899999999921e-01
9.997164932509426949e-01 1.097312293303256059e-03 -2.378505891875973624e-02 -5.160490999999999689e-03 -1.269400315249756593e-03 9.999731207922306631e-01 -7.221240605778896093e-03 -1.914487999999999997e-03 2.377649563912962935e-02 7.249386096620298592e-03 9.996910145921812374e-01 2.196941819999999879e-01
9.995830556985493276e-01 3.382763461509699816e-03 -2.867527980184934877e-02 -6.747836999999999585e-03 -3.608872673407945673e-03 9.999627774239888689e-01 -7.837078826271390644e-03 -2.259305000000000081e-03 2.864770145016880265e-02 7.937296634593976261e-03 9.995580566048960502e-01 2.605755330000000258e-01
9.994369639852941356e-01 3.878316082629546576e-03 -3.332737139681431204e-02 -7.982187999999999437e-03 -4.075725004398672059e-03 9.999745391406525963e-01 -5.857434261513817450e-03 -3.102544999999999956e-03 3.330380587179938845e-02 5.989969516003690667e-03 9.994273244111604448e-01 3.061861100000000113e-01
9.993121799114431658e-01 3.162742419639384510e-03 -3.694812770664469836e-02 -1.015025900000000002e-02 -3.289666279672609842e-03 9.999888940065784215e-01 -3.374901371673572591e-03 -3.398823999999999942e-03 3.693704341725115303e-02 3.494127056526823670e-03 9.993114859240360692e-01 3.399072289999999774e-01
9.991837616884710060e-01 2.755340833349652092e-03 -4.030159395072201861e-02 -1.182052199999999997e-02 -2.808350448839056022e-03 9.999952643234811811e-01 -1.258768591777718578e-03 -3.472377999999999923e-03 4.029793475890921378e-02 1.370922136088199633e-03 9.991867678400587760e-01 3.822834789999999816e-01
9.991016916450627949e-01 4.232248495402737148e-03 -4.216512569229435153e-02 -1.471588499999999973e-02 -4.290506707933315622e-03 9.999899620385738208e-01 -1.291268477471184698e-03 -4.337994999999999872e-03 4.215923747131818805e-02 1.471018274833045579e-03 9.991098211913803651e-01 4.299705329999999881e-01
9.989629253121184993e-01 3.330442097378498792e-03 -4.540905204131538003e-02 -1.586218699999999981e-02 -3.373170353988403682e-03 9.999939372748259947e-01 -8.643699176389738449e-04 -5.247014000000000365e-03 4.540589800475102605e-02 1.016645969624905806e-03 9.989681030229917713e-01 4.696540240000000033e-01
9.988892404880248543e-01 5.243186738534932586e-04 -4.711698554858083365e-02 -1.829075299999999987e-02 -6.300118472808352100e-04 9.999973186889078436e-01 -2.228385080546734041e-03 -4.863893000000000209e-03 4.711569082937458464e-02 2.255594139725939241e-03 9.988868924822007500e-01 5.093708040000000103e-01
9.988066239933729440e-01 4.405789122115835689e-04 -4.883783120883804230e-02 -2.049832000000000043e-02 -4.943818434849738246e-04 9.999992841887248574e-01 -1.089591038288906981e-03 -5.598116000000000203e-03 4.883731619933340262e-02 1.112435283511610399e-03 9.988061268505447066e-01 5.537631509999999535e-01
9.987359486075351178e-01 -1.727091394757251019e-03 -5.023467044105265483e-02 -2.311183899999999861e-02 1.635248222646819771e-03 9.999969157904589068e-01 -1.869324161322559593e-03 -5.440193000000000285e-03 5.023774400047582162e-02 1.784815083959491412e-03 9.987356925197270474e-01 5.967450140000000181e-01
9.986573656509695196e-01 1.263290805060864790e-03 -5.178677560350425368e-02 -2.619971499999999842e-02 -1.508250634788851083e-03 9.999878581112736642e-01 -4.691354820297324001e-03 -5.750484999999999625e-03 5.178022026882961315e-02 4.763163483349755999e-03 9.986471454235186229e-01 6.418928499999999593e-01
9.985443681563884732e-01 1.177468701304065692e-03 -5.392363480530935199e-02 -2.806625000000000092e-02 -1.552664712170598576e-03 9.999748749723718078e-01 -6.916549449036299597e-03 -6.409994999999999929e-03 5.391413595199779502e-02 6.990206824324547534e-03 9.985211079156527392e-01 6.861439940000000348e-01
9.983958253165292618e-01 5.134786185874104861e-03 -5.638625684820505052e-02 -3.069258999999999876e-02 -5.607348028917795088e-03 9.999504458411678787e-01 -8.225783253411327045e-03 -7.337200000000000319e-03 5.634122503645964258e-02 8.528765026360320828e-03 9.983751431844225532e-01 7.331850530000000310e-01
9.983630230481708168e-01 6.224963702602442396e-03 -5.685529031689725427e-02 -3.382434299999999977e-02 -6.683633179197015321e-03 9.999466101901195447e-01 -7.880724383904511021e-03 -7.885131999999999558e-03 5.680319760051651817e-02 8.247823724499236259e-03 9.983513260101206654e-01 7.765646579999999632e-01
9.982651051892290628e-01 5.354922077387528484e-03 -5.863535257063361844e-02 -3.628692000000000029e-02 -5.703988856251085773e-03 9.999669845617568109e-01 -5.787425817667061351e-03 -9.012661999999999410e-03 5.860242548448969108e-02 6.111840640293516452e-03 9.982626914451538935e-01 8.236547709999999523e-01
9.982219971287344951e-01 5.895954549637052143e-03 -5.931342317106216150e-02 -3.998708699999999755e-02 -6.193294281061525845e-03 9.999691545045426011e-01 -4.830439464320350137e-03 -9.221154999999999977e-03 5.928311356760076339e-02 5.189196413598835822e-03 9.982277218582502609e-01 8.689526319999999471e-01
9.981643591720348319e-01 5.402595441150320754e-03 -6.032183718339643314e-02 -4.295526100000000153e-02 -5.693684634155801727e-03 9.999729572120727994e-01 -4.654760985123374342e-03 -9.997647000000000131e-03 6.029505812226824274e-02 4.989670033289815218e-03 9.981681266996011992e-01 9.153524640000000323e-01
9.980620470088759077e-01 4.975068480417521762e-03 -6.202740534689180768e-02 -4.595227500000000076e-02 -5.325160406044909291e-03 9.999708050815977467e-01 -5.480114151278799722e-03 -1.052359999999999927e-02 6.199833051867088135e-02 5.799799830710593643e-03 9.980594017065423929e-01 9.620398879999999542e-01
9.979760415639172821e-01 3.412612774968489318e-03 -6.349940581188591449e-02 -4.818665200000000343e-02 -3.836671596276500229e-03 9.999711397040048633e-01 -6.557416422329888882e-03 -1.097608899999999964e-02 6.347519527718505084e-02 6.787770850701904148e-03 9.979603327544646074e-01 1.009616733000000099e+00
9.979571581385076051e-01 3.910899130085985186e-03 -6.376688316130894874e-02 -5.189879199999999915e-02 -4.221991726287912215e-03 9.999798317046533214e-01 -4.744572667413831518e-03 -1.172232200000000030e-02 6.374704154685838231e-02 5.004103508872160752e-03 9.979535428275685405e-01 1.056578398000000085e+00
9.979258853693131481e-01 4.550445486556442022e-03 -6.421231000163644953e-02 -5.456750500000000226e-02 -4.628445692403630220e-03 9.999887204823181275e-01 -1.066019985074770533e-03 -1.253194300000000025e-02 6.420673485192072982e-02 1.361012127053483171e-03 9.979356907364547169e-01 1.105248570000000097e+00
9.979734728614033656e-01 5.671975340899508382e-03 -6.337804162864288382e-02 -5.780675300000000238e-02 -5.531457225141402957e-03 9.999818395694816120e-01 2.392386298636202824e-03 -1.295404600000000031e-02 6.339046021221325655e-02 -2.036965136593940542e-03 9.979867235224705313e-01 1.151856422000000046e+00
9.980267255545751670e-01 4.889010511539173057e-03 -6.259994133408319783e-02 -6.044932100000000030e-02 -4.568188672877100329e-03 9.999756945994837665e-01 5.267054445209369551e-03 -1.340483100000000073e-02 6.262417050198426649e-02 -4.970692758344847501e-03 9.980248020377251450e-01 1.201147198999999999e+00
9.982093399982094883e-01 4.749128251881425469e-03 -5.962851097575923992e-02 -6.420391100000000240e-02 -4.390379607370393372e-03 9.999714754220543345e-01 6.145966900575718268e-03 -1.361698299999999917e-02 5.965599808269277798e-02 -5.873169764868694555e-03 9.982017169739143547e-01 1.248174310000000009e+00
9.982446893598799775e-01 4.159676881811506799e-03 -5.907822994162494068e-02 -6.696125899999999520e-02 -3.988835743930928615e-03 9.999875162303184517e-01 3.009414050338408107e-03 -1.345332899999999998e-02 5.909001061266215549e-02 -2.768478238555998304e-03 9.982488197709216138e-01 1.298065781999999890e+00
9.983397708170851370e-01 6.535536410031687199e-03 -5.722751758309264219e-02 -7.017064100000000582e-02 -6.639630374551645439e-03 9.999766305674530065e-01 -1.628995841909357386e-03 -1.424245000000000025e-02 5.721553384684405913e-02 2.006260899478662721e-03 9.983598337292139968e-01 1.344544768000000001e+00
9.983920428179187123e-01 5.803173393025183591e-03 -5.638840320875856266e-02 -7.326111200000000323e-02 -6.073922310368200586e-03 9.999708288398860834e-01 -4.631299713773599433e-03 -1.448129400000000046e-02 5.635988205834589065e-02 4.966351562432183217e-03 9.983981665881240808e-01 1.394613981000000003e+00
9.984539096369022815e-01 4.070877153883475062e-03 -5.543661506606237244e-02 -7.545837800000000650e-02 -4.272002716220615372e-03 9.999847148064441305e-01 -3.510006590767198158e-03 -1.563819099999999920e-02 5.542147890103067687e-02 3.741405173543098459e-03 9.984560388738954462e-01 1.442198515000000070e+00
9.984187023247965698e-01 1.692242387248551420e-03 -5.618924420004239861e-02 -7.807508100000000451e-02 -1.620514513121433780e-03 9.999978130158939660e-01 1.322080232787497612e-03 -1.571187400000000067e-02 5.619135859526766530e-02 -1.228934144681465479e-03 9.984192611023117170e-01 1.493331074999999952e+00
9.984080606700063143e-01 -1.621686496114958798e-03 -5.638008976638157754e-02 -8.122939599999999538e-02 1.893583382206148139e-03 9.999868331096400942e-01 4.769481033339322516e-03 -1.645322100000000051e-02 5.637161281293590065e-02 -4.868648709967602663e-03 9.983979855391372782e-01 1.541709781000000001e+00
9.983003572370632295e-01 -8.229771113479961847e-03 -5.769460640104646931e-02 -8.348152000000000350e-02 8.457648070470263207e-03 9.999573636130257848e-01 3.706635294038254907e-03 -1.675652299999999886e-02 5.766164175141054449e-02 -4.188296014690249223e-03 9.983273978244938673e-01 1.592161179000000093e+00
9.982180142688599211e-01 -1.006950657770128155e-02 -5.881667303083270432e-02 -8.635850999999999944e-02 1.007765881031466235e-02 9.999492066204030971e-01 -1.580257236765368058e-04 -1.709674099999999863e-02 5.881527677429682771e-02 -4.349902390707759874e-04 9.982687884540190071e-01 1.641134381000000086e+00
9.981169091343267130e-01 -1.069092338832236880e-02 -6.040148886611292067e-02 -8.947320300000000115e-02 1.044747109642365016e-02 9.999359838304018311e-01 -4.344949805901724554e-03 -1.711412500000000086e-02 6.044407371965868081e-02 3.705725061500752399e-03 9.981647066260863621e-01 1.691209315999999907e+00
9.980201789382379118e-01 -8.682014235778329203e-03 -6.229241575743653392e-02 -9.266794500000000157e-02 8.406810648595296198e-03 9.999537167138710103e-01 -4.678671267994982674e-03 -1.840843099999999941e-02 6.233015295028762615e-02 4.145727791961201572e-03 9.980469753344622941e-01 1.741078137999999997e+00
9.979478209158999524e-01 -8.365229671295250358e-03 -6.348361727054706305e-02 -9.615479400000000176e-02 8.181736993866085134e-03 9.999615681877794815e-01 -3.149813835772844166e-03 -1.913723900000000033e-02 6.350752639624711315e-02 2.623943593773391241e-03 9.979779100817045556e-01 1.793315768000000032e+00
9.979081087135760475e-01 -5.774633805450693491e-03 -6.438990734662108917e-02 -9.959327399999999553e-02 5.764898301753673335e-03 9.999833260536270529e-01 -3.369900529655159359e-04 -1.976790700000000123e-02 6.439077970691098329e-02 -3.491616110250645973e-05 9.979247598239046058e-01 1.843531489000000079e+00
9.978328467368527965e-01 -6.488044247701569428e-03 -6.547912075515535668e-02 -1.033095789999999986e-01 6.580117560404063343e-03 9.999776420340044103e-01 1.190581792076097871e-03 -2.024288100000000076e-02 6.546993222785260635e-02 -1.618861931181172619e-03 9.978532293178832280e-01 1.894647597999999933e+00
9.977905667621511654e-01 -4.011941483482436149e-03 -6.631658319001587643e-02 -1.069693939999999954e-01 4.261034396384357978e-03 9.999843871970711673e-01 3.615099994578277898e-03 -2.091421900000000125e-02 6.630104423263644131e-02 -3.889689914515451642e-03 9.977920834753254420e-01 1.945917845000000090e+00
9.978140886331670067e-01 -4.606899296367104706e-03 -6.592284129219223854e-02 -1.105239910000000020e-01 5.082709378424961864e-03 9.999622184743340858e-01 7.051786246238669204e-03 -2.156104899999999880e-02 6.588786375757606228e-02 -7.371438310214785405e-03 9.977998052248265859e-01 1.996190190000000086e+00
9.977780054118594588e-01 1.462806403958836522e-03 -6.661015023069749574e-02 -1.144634779999999935e-01 -8.476924061755461469e-04 9.999567486909191061e-01 9.261866176455505265e-03 -2.181581999999999966e-02 6.662081757165747020e-02 -9.184821441410565349e-03 9.977360902168335155e-01 2.048210620999999954e+00
9.977660070692737637e-01 1.938374595712595225e-03 -6.677752496884456490e-02 -1.179127019999999942e-01 -1.380821202258891885e-03 9.999638116863046600e-01 8.394560774927704166e-03 -2.207989800000000058e-02 6.679138020617148008e-02 -8.283599563188609460e-03 9.977325761487551015e-01 2.098862170999999943e+00
9.977726944262649278e-01 1.592185756225181518e-03 -6.668669433904358956e-02 -1.216692780000000057e-01 -1.152665546681804409e-03 9.999773650544837578e-01 6.628781247648354337e-03 -2.200484600000000152e-02 6.669573914043419594e-02 -6.537149471241681005e-03 9.977519451533540806e-01 2.149559020999999959e+00
9.977568233383409257e-01 4.446038307523815687e-03 -6.679486675748980140e-02 -1.253527399999999903e-01 -4.183533248939621217e-03 9.999829689500847607e-01 4.069380705826029614e-03 -2.235888899999999985e-02 6.681182179328595816e-02 -3.780813820060864756e-03 9.977584306411648729e-01 2.200609446000000080e+00
9.977023105543636472e-01 2.906457957403513117e-03 -6.768790155283313514e-02 -1.288757769999999969e-01 -2.590654827555890962e-03 9.999853491705636976e-01 4.752888783696102189e-03 -2.282572500000000157e-02 6.770072394035861474e-02 -4.566612132376545764e-03 9.976952230173219416e-01 2.250660895999999855e+00
9.976283623804261813e-01 8.568628690016736899e-04 -6.882525960846580526e-02 -1.327489470000000060e-01 -4.652911502349781048e-04 9.999836170214093656e-01 5.705189998997265387e-03 -2.297565199999999919e-02 6.882902061118190140e-02 -5.659635571560382890e-03 9.976124169470338421e-01 2.301675557999999899e+00
9.975357373049297260e-01 8.984348165897483324e-04 -7.015444115942108538e-02 -1.358917360000000130e-01 -4.377659152725491107e-04 9.999782452468252147e-01 6.581595101790560336e-03 -2.325818699999999961e-02 7.015882810105768252e-02 -6.534665099362571387e-03 9.975144294653213173e-01 2.351907730000000196e+00
9.975453787220727175e-01 3.363847725795026614e-03 -6.994213264345107428e-02 -1.402732580000000118e-01 -3.146873126716161120e-03 9.999898895737889815e-01 3.212154997127611000e-03 -2.376558800000000068e-02 6.995223069896193413e-02 -2.984171355482767660e-03 9.975458787151397777e-01 2.401667355999999920e+00
9.974967831105808758e-01 4.717778524634299274e-03 -7.055430709627287522e-02 -1.441018430000000072e-01 -4.826300602484190523e-03 9.999874179716318201e-01 -1.367743003412879394e-03 -2.434800399999999948e-02 7.054696667141076294e-02 1.704835540872947806e-03 9.975070019950944555e-01 2.450853824999999819e+00
9.974481036222738739e-01 5.122874586757577772e-03 -7.121121215298933937e-02 -1.477891950000000121e-01 -5.298802552703157573e-03 9.999833578541452717e-01 -2.281820820322861664e-03 -2.486922399999999880e-02 7.119833756371823918e-02 2.653332002774205344e-03 9.974586490463882571e-01 2.500400543000000031e+00
9.974214032722913403e-01 3.970374696438533184e-03 -7.165738216752758072e-02 -1.510197819999999913e-01 -3.891870630021418247e-03 9.999916638576412664e-01 1.235134901701368665e-03 -2.558048300000000108e-02 7.166168876974916835e-02 -9.530687258035417829e-04 9.974285408101533079e-01 2.549899817000000013e+00
9.974198650486789663e-01 2.313773392770286652e-03 -7.175137112949116214e-02 -1.545591950000000103e-01 -1.998144168124278697e-03 9.999880114225587757e-01 4.470394953450949199e-03 -2.631248200000000162e-02 7.176085441352032801e-02 -4.315491147408027917e-03 9.974125306561965054e-01 2.598992109000000106e+00
9.974052191072111384e-01 9.128759728291835059e-05 -7.199180900818259732e-02 -1.581074600000000052e-01 2.881031155402242008e-04 9.999861271616296010e-01 5.259513369120467213e-03 -2.677530599999999872e-02 7.199129040579056726e-02 -5.266607148793539528e-03 9.973913559655754879e-01 2.647665738999999796e+00
9.973908531045938552e-01 -3.049225713119932055e-03 -7.212619750022086773e-02 -1.616056859999999984e-01 3.348750975744846196e-03 9.999862633802556466e-01 4.032234826552537343e-03 -2.746055299999999866e-02 7.211291153595772441e-02 -4.263246807828920126e-03 9.973873634232903740e-01 2.696210622999999806e+00
9.973621316576246620e-01 -5.470535140297969751e-03 -7.237991144397429299e-02 -1.652734280000000000e-01 5.682701932421345067e-03 9.999801385582249846e-01 2.725690338327669930e-03 -2.804413799999999971e-02 7.236356288980008711e-02 -3.129813788704235988e-03 9.973734100283313531e-01 2.744460344000000163e+00
9.972801133432476206e-01 -6.571315127415494270e-03 -7.341112550271536308e-02 -1.689832659999999931e-01 6.840971987220424710e-03 9.999707437026016388e-01 3.422402830726868107e-03 -2.823202299999999845e-02 7.338648807750164371e-02 -3.915297736047941221e-03 9.972958908023680236e-01 2.793018578999999946e+00
9.971379207008538303e-01 -1.033404720352800073e-02 -7.489442281487281028e-02 -1.718535720000000100e-01 1.097158675098234247e-02 9.999069536161659943e-01 8.106071440845206977e-03 -2.891159199999999985e-02 7.480368563475568722e-02 -8.904581878655091348e-03 9.971585215185311268e-01 2.840882063000000013e+00
9.970936432969412788e-01 -1.093660893536288828e-02 -7.539666492509403128e-02 -1.755943749999999970e-01 1.194647536219346426e-02 9.998446989795919393e-01 1.295606610161987443e-02 -2.899128800000000047e-02 7.524326031780168011e-02 -1.381913555197935087e-02 9.970694475658872236e-01 2.888945817999999832e+00
9.970548415681614873e-01 -9.273226760693533202e-03 -7.612916767529438744e-02 -1.792977149999999964e-01 1.044597478218806975e-02 9.998326117783363776e-01 1.502098649757946727e-02 -2.897936099999999862e-02 7.597713153533912356e-02 -1.577199067826668202e-02 9.969848142242220268e-01 2.937232493999999861e+00
9.969652901078657203e-01 -7.963817923161517487e-03 -7.743893028849170579e-02 -1.831227539999999987e-01 8.872906762084468296e-03 9.998956224038768603e-01 1.140244812113674552e-02 -2.956083600000000006e-02 7.734004037838680679e-02 -1.205495340723432979e-02 9.969318914813684041e-01 2.984322785999999894e+00
9.968964421667169118e-01 -6.503233718621983725e-03 -7.845502881614732638e-02 -1.873620149999999929e-01 6.803888850600063598e-03 9.999704967483239448e-01 3.565491469458836014e-03 -2.967952600000000121e-02 7.842952691333926474e-02 -4.088225056314984812e-03 9.969112777594797414e-01 3.030889988000000201e+00
9.968335689740204231e-01 -4.725534419089813185e-03 -7.937572104220989855e-02 -1.912143079999999995e-01 4.648319115894626943e-03 9.999885265626531350e-01 -1.157528596061036365e-03 -3.028933500000000056e-02 7.938028027106942830e-02 7.848996801425867087e-04 9.968440976584946878e-01 3.076941252000000127e+00
9.967753039130058390e-01 4.063956239327469813e-04 -8.024231023426250942e-02 -1.956263040000000009e-01 -4.343977129913182160e-04 9.999998506989498104e-01 -3.315127524484448671e-04 -3.086980199999999827e-02 8.024216352866944679e-02 3.653008006237392236e-04 9.967753316307357281e-01 3.123079777000000057e+00
9.967123620197296807e-01 2.468475158530609569e-03 -8.098378867059065345e-02 -1.997983600000000082e-01 -2.310969473849432739e-03 9.999952518030482684e-01 2.038575838430478626e-03 -3.151342599999999716e-02 8.098843631742809468e-02 -1.844722675583984617e-03 9.967133340038689671e-01 3.168459653999999848e+00
9.965699318417104990e-01 5.417087039384699612e-03 -8.257739470954571226e-02 -2.031563969999999886e-01 -5.149166016109584312e-03 9.999807670679110583e-01 3.457106248092503293e-03 -3.244469700000000151e-02 8.259453394957151640e-02 -3.020043423493837687e-03 9.965786583603790660e-01 3.212997436999999845e+00
9.964908198365263203e-01 5.405011614218127244e-03 -8.352743160769302011e-02 -2.069611550000000078e-01 -5.130666696968499280e-03 9.999807171702400632e-01 3.498792211184198735e-03 -3.279979899999999754e-02 8.354473197498621384e-02 -3.057962907327689984e-03 9.964993359867758693e-01 3.256286859999999894e+00
9.963365559705745778e-01 8.214951576512977832e-03 -8.512333291929775891e-02 -2.110303490000000060e-01 -7.891667785444041183e-03 9.999603165483690326e-01 4.133631339362477813e-03 -3.336177399999999682e-02 8.515391251292121766e-02 -3.446722948123594546e-03 9.963618475657629592e-01 3.299482584000000163e+00
9.962120334578012937e-01 8.373078617684489439e-03 -8.655331275193713092e-02 -2.149025200000000135e-01 -7.976369203160426496e-03 9.999560440212704737e-01 4.928241031637359271e-03 -3.397940800000000261e-02 8.659077276596761907e-02 -4.219191841231562448e-03 9.962350307492702228e-01 3.342181683000000181e+00
9.961008617043948243e-01 8.394021330755004756e-03 -8.782148779006712647e-02 -2.188647989999999988e-01 -7.971474471434203402e-03 9.999549086119795538e-01 5.161040356266836764e-03 -3.449014200000000141e-02 8.786084968012403129e-02 -4.440849998206662479e-03 9.961228588606829693e-01 3.383885859999999912e+00
9.959987996488791628e-01 8.157146582990980679e-03 -8.899355065180548918e-02 -2.229807819999999885e-01 -7.631898550297234671e-03 9.999514022701255778e-01 6.240770988222840883e-03 -3.489008899999999913e-02 8.904013265101216879e-02 -5.536610662948180696e-03 9.960126508834399317e-01 3.425553083000000054e+00
9.958693571586645366e-01 1.100766519344872386e-02 -9.012799109808840303e-02 -2.268860789999999905e-01 -1.023854255558837544e-02 9.999071576196870703e-01 8.991573124636505210e-03 -3.519937399999999855e-02 9.021859962738044969e-02 -8.031652875169412870e-03 9.958896007255860772e-01 3.465884924000000034e+00
9.957416820716188388e-01 1.224009386734791621e-02 -9.137112611378815641e-02 -2.304867660000000096e-01 -1.108715239438246708e-02 9.998525226505624586e-01 1.311518208376205932e-02 -3.543463699999999800e-02 9.151818200208637621e-02 -1.204628786909088187e-02 9.957305405136511745e-01 3.505015134999999837e+00
9.955607468969153162e-01 1.602610535614909168e-02 -9.274676913601756501e-02 -2.348990290000000092e-01 -1.469892556284851243e-02 9.997798179286230269e-01 1.497522119727049544e-02 -3.587572599999999667e-02 9.296634243291476696e-02 -1.354546454437611375e-02 9.955771087991743817e-01 3.544474124999999809e+00
9.953892958728928209e-01 1.882780649120813915e-02 -9.405138682867106303e-02 -2.386473269999999924e-01 -1.789289094165853744e-02 9.997818591687331891e-01 1.077397470116159099e-02 -3.605808299999999772e-02 9.423372069178109767e-02 -9.041447884104445235e-03 9.955090447126748732e-01 3.581757307000000168e+00
9.952722078400713102e-01 1.872383024566912774e-02 -9.530294057415666931e-02 -2.427278160000000129e-01 -1.847607033079936428e-02 9.998232412181385920e-01 3.481543506433834242e-03 -3.653240199999999854e-02 9.535128277208035352e-02 -1.704259659559554394e-03 9.954422275414739341e-01 3.619239330000000088e+00
9.952006158936322899e-01 1.788355974417549926e-02 -9.620765258445669599e-02 -2.472226469999999898e-01 -1.821463819103212589e-02 9.998308118865083527e-01 -2.564090079408429257e-03 -3.677666599999999952e-02 9.614552033508792783e-02 4.304171609268416833e-03 9.953579823491913725e-01 3.655534267000000170e+00
9.950928177210491832e-01 1.877624074050946237e-02 -9.714801543849065080e-02 -2.503404020000000174e-01 -1.920900971509685237e-02 9.998092889965047858e-01 -3.521304029595505574e-03 -3.734464900000000059e-02 9.706337139079861120e-02 5.370141521223021491e-03 9.952637155620082110e-01 3.690603018000000013e+00
9.949721173416341546e-01 2.128869683266948823e-02 -9.786356369902009245e-02 -2.538336520000000207e-01 -2.139874663240240102e-02 9.997710177966633305e-01 -7.494255327302064805e-05 -3.798352599999999663e-02 9.783955925528141362e-02 2.168723355048350100e-03 9.951998378636029985e-01 3.724706649999999897e+00
9.948267043761828132e-01 2.167911920302842757e-02 -9.924638054157926270e-02 -2.576138079999999997e-01 -2.158282617909001652e-02 9.997649743726576554e-01 2.043925576554402566e-03 -3.846916899999999750e-02 9.926736560494726913e-02 1.086656348189210400e-04 9.950607912673645750e-01 3.757992268000000191e+00
9.947921573199960399e-01 1.850842985977150384e-02 -1.002297448802208779e-01 -2.608987389999999906e-01 -1.871968718953428978e-02 9.998240895885130985e-01 -1.167557290635286293e-03 -3.900546600000000252e-02 1.001905037723347935e-01 3.037746307190327018e-03 9.949636350396022788e-01 3.789937018999999907e+00
9.949099280276946233e-01 1.055689248142646294e-02 -1.002137073112413373e-01 -2.634928229999999871e-01 -1.123507362027051371e-02 9.999176298443357425e-01 -6.205372449183853972e-03 -3.995308699999999824e-02 1.001399432428171782e-01 7.299695036204584611e-03 9.949465846062811591e-01 3.820644854999999840e+00
9.951038892951157289e-01 6.741620331973323214e-03 -9.860425987265221404e-02 -2.667906279999999741e-01 -7.887109219511240568e-03 9.999058151564194086e-01 -1.123184421793211457e-02 -4.044688099999999703e-02 9.851925201651455521e-02 1.195455443234578335e-02 9.950633374868307346e-01 3.850528478999999837e+00
9.953185253102022623e-01 9.070081784549970799e-03 -9.622248588945166159e-02 -2.690927390000000252e-01 -1.018632451326733496e-02 9.998863328046043719e-01 -1.111576643648269462e-02 -4.137140499999999999e-02 9.611072763866974900e-02 1.204388172399584005e-02 9.952977810413242699e-01 3.880077362000000196e+00
9.956656774984737890e-01 1.389283380780100517e-02 -9.196112124313285396e-02 -2.722327410000000003e-01 -1.475459364474444347e-02 9.998533155834952169e-01 -8.697659631771501379e-03 -4.133304200000000039e-02 9.182679683994116049e-02 1.001681014497639820e-02 9.957246119769440629e-01 3.908580065000000214e+00
9.961094963682074477e-01 1.231259270970693452e-02 -8.725979203413705698e-02 -2.745795549999999752e-01 -1.281305441813972677e-02 9.999045049644090799e-01 -5.177507929275715001e-03 -4.245987899999999898e-02 8.718771061080665685e-02 6.275429279722187156e-03 9.961721347768172086e-01 3.936854600999999843e+00
9.966275402078306200e-01 8.956289642269689780e-03 -8.156795311354014810e-02 -2.764192520000000042e-01 -9.045534198262058720e-03 9.999588257543329251e-01 -7.246427282263103679e-04 -4.322992999999999975e-02 8.155810450443892745e-02 1.460024609132442490e-03 9.966675192449002685e-01 3.964238405000000132e+00
9.972858435392402132e-01 4.381532825373846141e-03 -7.349658799105078522e-02 -2.777977589999999775e-01 -4.198049017058566937e-03 9.999876747743937644e-01 2.650789269573489149e-03 -4.389243899999999837e-02 7.350729664922030226e-02 -2.335052333778374518e-03 9.972919456557954865e-01 3.991345166999999972e+00
9.980011657973346662e-01 7.938337436756972773e-03 -6.269494290531806013e-02 -2.793697419999999765e-01 -7.821538392954735866e-03 9.999671890083287051e-01 2.108184989268121774e-03 -4.422061900000000267e-02 6.270962130589248507e-02 -1.613600174027976682e-03 9.980305104004335570e-01 4.017464637999999866e+00
9.987747249153912099e-01 1.300180504347583921e-02 -4.774936581564302729e-02 -2.805492580000000236e-01 -1.293203167684540272e-02 9.999148113970138807e-01 1.769888579374756564e-03 -4.461602499999999666e-02 4.776830986013341773e-02 -1.150223667718740456e-03 9.988577804465561538e-01 4.042913437000000165e+00
9.994195089205085702e-01 1.828657781929954665e-02 -2.874449966077535432e-02 -2.819952070000000255e-01 -1.822594722108102430e-02 9.998310849340947826e-01 2.369904513978199345e-03 -4.498501500000000319e-02 2.878298172503991267e-02 -1.844633071834915006e-03 9.995839821104809397e-01 4.067548275000000046e+00
9.998377432623364314e-01 1.653710069756891138e-02 -7.142229945664440791e-03 -2.809898259999999981e-01 -1.651919919585330410e-02 9.998602760839971904e-01 2.558196075475729393e-03 -4.507074099999999750e-02 7.183537151431707707e-03 -2.439797071751199226e-03 9.999712216780254348e-01 4.091948032000000346e+00
9.997217160192558572e-01 1.352084424520631073e-02 1.933073434743668925e-02 -2.796308399999999916e-01 -1.357997687925438512e-02 9.999034920719929165e-01 2.931001568195768566e-03 -4.490378500000000161e-02 -1.928923916263193192e-02 -3.192696842909002655e-03 9.998088477000971475e-01 4.115448474999999995e+00
9.987620077097389970e-01 1.223181720349588407e-02 4.821653869277046922e-02 -2.769287530000000275e-01 -1.249746352663522707e-02 9.999083209619766821e-01 5.211820833537404718e-03 -4.600765200000000305e-02 -4.814836820715311105e-02 -5.807953073220758697e-03 9.988233088590231512e-01 4.138682841999999695e+00
9.965480326891086316e-01 1.155448280404085606e-02 8.221017254937687535e-02 -2.747245429999999877e-01 -1.212938606671635014e-02 9.999053284254773022e-01 6.497090116567444569e-03 -4.632975899999999814e-02 -8.212731906687167904e-02 -7.471821295331896977e-03 9.965938367004979481e-01 4.161411284999999793e+00
9.928410467741943801e-01 1.164834172586091086e-02 1.188737648741697850e-01 -2.702141699999999758e-01 -1.255771309845842183e-02 9.998973161946603794e-01 6.903688032641703415e-03 -4.663476300000000269e-02 -1.187811419462645179e-01 -8.347047487153896883e-03 9.928853746108804446e-01 4.183442116000000155e+00
9.870432313375090416e-01 1.181372990880223857e-02 1.600190465427490660e-01 -2.651315029999999906e-01 -1.294152782177515441e-02 9.998982080077046808e-01 6.007535319828456732e-03 -4.653566700000000278e-02 -1.599317864855102633e-01 -8.000588017304617258e-03 9.870956459548033690e-01 4.204732417999999861e+00
9.784933213559574572e-01 1.156863165925580382e-02 2.059538463426198174e-01 -2.603695089999999990e-01 -1.323007763225836179e-02 9.998900870211965275e-01 6.691705506696287407e-03 -4.724552099999999866e-02 -2.058537954656931013e-01 -9.272574522558271401e-03 9.785388261352189199e-01 4.225269793999999912e+00
9.668420548718886787e-01 1.390880216052904281e-02 2.549960512509221733e-01 -2.538546919999999929e-01 -1.550769678171206103e-02 9.998706700501719391e-01 4.260811418793611534e-03 -4.754436000000000079e-02 -2.549038098413402009e-01 -8.073933110901231058e-03 9.669327067239428253e-01 4.245392799000000217e+00
9.512735744874944999e-01 1.412811782297511594e-02 3.080243217159408520e-01 -2.460137609999999975e-01 -1.546320961017814445e-02 9.998786439534087522e-01 1.893809505767373499e-03 -4.849729700000000171e-02 -3.079601851381716937e-01 -6.564575589676265727e-03 9.513765977345619573e-01 4.264962195999999928e+00
9.315141466556217109e-01 1.534759622615411608e-02 3.633811303170925155e-01 -2.368442420000000104e-01 -1.630086089344544992e-02 9.998670338865400797e-01 -4.432618470931143188e-04 -4.876395299999999877e-02 -3.633396159443411655e-01 -5.510520575361960854e-03 9.316404658710393250e-01 4.283390522000000367e+00
9.072923586031135246e-01 1.558169264629609245e-02 4.202115977393717228e-01 -2.265338149999999995e-01 -1.598260656785314635e-02 9.998689743811577380e-01 -2.567169115761732887e-03 -4.891086699999999676e-02 -4.201965400948661222e-01 -4.386903719944816593e-03 9.074225161235837112e-01 4.301159381999999809e+00
8.780727072200544825e-01 1.558857254223570098e-02 4.782732662833453219e-01 -2.155913409999999919e-01 -1.489046803207796053e-02 9.998753393859963756e-01 -5.251633034037798096e-03 -4.895161099999999904e-02 -4.782955099068252336e-01 -2.510397146665825467e-03 8.781953672783385789e-01 4.317881584000000217e+00
8.447906418159283337e-01 1.441528110578668004e-02 5.349027679596294327e-01 -2.029556630000000084e-01 -1.224670084474238640e-02 9.998960864678704263e-01 -7.604905302265627803e-03 -4.935196800000000300e-02 -5.349568111713798313e-01 -1.262413489758959506e-04 8.448793962717225936e-01 4.333466053000000429e+00
8.076553553604823854e-01 1.429198541054004304e-02 5.894816079493557792e-01 -1.899374129999999994e-01 -1.119616080949729919e-02 9.998976901431232411e-01 -8.902540624713472378e-03 -4.989674699999999824e-02 -5.895485331511401972e-01 5.902537350220638315e-04 8.077327396236130275e-01 4.348213195999999670e+00
7.682485093087327854e-01 1.273444322010420723e-02 6.400250478698344958e-01 -1.753087040000000096e-01 -9.587945663216839581e-03 9.999188667802472175e-01 -8.386367203110076107e-03 -5.026366599999999851e-02 -6.400799162939493359e-01 3.062887202312323393e-04 7.683082759832480235e-01 4.361904144000000372e+00
7.254028809633837893e-01 1.262624473924952272e-02 6.882087170574108237e-01 -1.605154870000000122e-01 -1.131770917212580364e-02 9.999153711354802354e-01 -6.415608006255455950e-03 -5.075894699999999871e-02 -6.882314797719718547e-01 -3.135045578508132823e-03 7.254843911071433560e-01 4.374634742999999659e+00
6.809091945334816431e-01 1.157468481114856153e-02 7.322763791570008340e-01 -1.445434090000000116e-01 -9.611977480693126644e-03 9.999302204321690590e-01 -6.867616426712184682e-03 -5.077315899999999826e-02 -7.323047717232735732e-01 -2.362400896623094090e-03 6.809729365939058976e-01 4.386096001000000300e+00
6.350654210426432966e-01 9.983689807304588215e-03 7.723938353804757906e-01 -1.278988120000000006e-01 -6.233756878304502064e-03 9.999501521590345998e-01 -7.799581546837890816e-03 -5.141582000000000097e-02 -7.724332018181974124e-01 1.383291549359993294e-04 6.350960002975397645e-01 4.396236420000000145e+00
5.872236440612528252e-01 7.852641777116328367e-03 8.093866368260247413e-01 -1.114006040000000003e-01 -6.571474093233393987e-04 9.999572348834468993e-01 -9.224779755280418728e-03 -5.177326499999999887e-02 -8.094244622030553060e-01 4.885122452027086323e-03 5.872036917168719228e-01 4.406135558999999979e+00
5.409053081535366569e-01 9.428634228110051654e-03 8.410306465687917843e-01 -9.402513499999999580e-02 -3.164935700545374112e-03 9.999529023134985373e-01 -9.174766308863949171e-03 -5.284624500000000002e-02 -8.410775414867162070e-01 2.300871878954411330e-03 5.409096737859822035e-01 4.414738654999999845e+00
4.935193137114908257e-01 1.268611226876613721e-02 8.696423112689741775e-01 -7.660472399999999904e-02 -6.354150315734947985e-03 9.999195223470670468e-01 -1.098060121206687750e-02 -5.298792900000000305e-02 -8.697116256366268505e-01 -1.066991924074138162e-04 4.935602058997242692e-01 4.423018931999999737e+00
4.475399576076683483e-01 1.484358726681980073e-02 8.941407351539122361e-01 -5.878329300000000035e-02 -6.878615964806499700e-03 9.998897934261569143e-01 -1.315620175453671714e-02 -5.348207800000000234e-02 -8.942374801958007380e-01 -2.625247601102265876e-04 4.475927390986310650e-01 4.430545806999999670e+00
4.054580799491835919e-01 1.287577640925429215e-02 9.140229536427298962e-01 -4.028725600000000046e-02 4.805713722057583515e-04 9.998976533441966685e-01 -1.429866734786565050e-02 -5.360225600000000090e-02 -9.141135128938185916e-01 6.236763473757337382e-03 4.054103949410950980e-01 4.436307430000000274e+00
3.661165661015162720e-01 4.710494920059169442e-03 9.305570757689406447e-01 -2.142357799999999868e-02 1.584414160376418010e-02 9.998106780230805457e-01 -1.129474602937165575e-02 -5.420824099999999729e-02 -9.304341047075143090e-01 1.887907171013009783e-02 3.659726184409017868e-01 4.440792083999999917e+00
3.310922336047290027e-01 1.589736400104310374e-03 9.435970567910911821e-01 -2.071142000000000209e-03 2.002939007361319301e-02 9.997614309279576617e-01 -8.712333910129618428e-03 -5.430758699999999745e-02 -9.433857940312173618e-01 2.178425961699714808e-02 3.309814037873255455e-01 4.445600032999999840e+00
2.976438075317193732e-01 5.111635213026078338e-03 9.546633097712878824e-01 1.717376699999999951e-02 1.697648159469681076e-02 9.997992084016632530e-01 -1.064621773554298712e-02 -5.505259700000000173e-02 -9.545260409809078750e-01 1.937560489008334150e-02 2.974972655747573080e-01 4.450768948000000336e+00
2.662751872578327239e-01 1.281244463902448186e-02 9.638118934279541472e-01 3.656125100000000294e-02 6.694481744404754374e-03 9.998629546841738547e-01 -1.514119428603917863e-02 -5.568228299999999908e-02 -9.638738032361809926e-01 1.048394546941592773e-02 2.661529228139611902e-01 4.456223488000000010e+00
2.379849654766146017e-01 1.722368636459219865e-02 9.711161108925691066e-01 5.655693999999999999e-02 2.010019284047062822e-03 9.998318800700565223e-01 -1.822557044522812170e-02 -5.650393299999999924e-02 -9.712667584292032918e-01 6.289373863142070850e-03 2.379103355191558578e-01 4.460691929000000222e+00
2.123330400531829032e-01 1.885807158498753466e-02 9.770153802463238391e-01 7.736134499999999803e-02 2.877507128525557886e-03 9.997973731622576965e-01 -1.992316668038873403e-02 -5.746308700000000297e-02 -9.771931232128573397e-01 7.041715270071125660e-03 2.122357514453127036e-01 4.464166641000000268e+00
1.887345398639112826e-01 2.025090282855870893e-02 9.818193186106015657e-01 9.831404700000000163e-02 1.108147077069362302e-02 9.996797799183763100e-01 -2.274947533252077644e-02 -5.794090400000000141e-02 -9.819656177626160387e-01 1.517361384031442120e-02 1.884496934863759687e-01 4.466924666999999793e+00
1.690249528760938147e-01 2.648492891683857514e-02 9.852558621218673318e-01 1.204776760000000058e-01 1.675068723448457780e-02 9.994173256701287533e-01 -2.973926070937395194e-02 -5.836905900000000091e-02 -9.854694210285809275e-01 2.153038993231765758e-02 1.684828256142316683e-01 4.469138622000000005e+00
1.494053965932612138e-01 3.339585371075302900e-02 9.882118924723283238e-01 1.431004999999999916e-01 1.926484714788522651e-02 9.991414331961732120e-01 -3.667781529842782662e-02 -5.835137499999999700e-02 -9.885883335004409522e-01 2.451761459903779167e-02 1.486337560623228748e-01 4.471823692000000072e+00
1.318109163038003462e-01 3.398221484101569129e-02 9.906922284027728232e-01 1.662654879999999891e-01 1.599760680403408686e-02 9.992091426109253050e-01 -3.640282817698366896e-02 -5.927860000000000074e-02 -9.911457808615724563e-01 2.064699487185791410e-02 1.311630385553239631e-01 4.474773884000000201e+00
1.162463868897463670e-01 2.974012241163701692e-02 9.927750513857711567e-01 1.906516550000000032e-01 1.530311438626275056e-02 9.993793232999581555e-01 -3.172984164156117393e-02 -6.032363699999999940e-02 -9.931025084175151285e-01 1.888102961859964429e-02 1.157191189708131063e-01 4.477245330999999773e+00
1.019187833846923741e-01 2.704504722671989547e-02 9.944250233244780190e-01 2.150714400000000026e-01 1.553795387676484840e-02 9.994651538908386756e-01 -2.877460942021086571e-02 -6.130360800000000249e-02 -9.946713696406002114e-01 1.838400333079414500e-02 1.014440478235448806e-01 4.479202747000000429e+00
8.823685729834131186e-02 2.406423898576163026e-02 9.958088016362119932e-01 2.420537470000000135e-01 1.760014335980978131e-02 9.995144125627614118e-01 -2.571330459182617420e-02 -6.260418900000000453e-02 -9.959440204990571699e-01 1.979523885569546213e-02 8.777047653294167695e-02 4.481244087000000320e+00
7.695637387715095756e-02 2.303443192786695098e-02 9.967683439322500005e-01 2.685604100000000272e-01 2.193939534019918175e-02 9.994519018520025000e-01 -2.479029682197214646e-02 -6.342051899999999465e-02 -9.967930474535756646e-01 2.377626611088249492e-02 7.640883272264986648e-02 4.482429503999999731e+00
