9.998521092582992598e-01 -8.731185522639814053e-03 1.481641019610507870e-02 1.646249899999999849e-02 8.583897230714595053e-03 9.999133989399142664e-01 9.975536514920455358e-03 5.628643000000000014e-03 -1.490222533927506796e-02 -9.846878682974924760e-03 9.998404686049371382e-01 -1.024424099999999942e-02
9.998521092582992598e-01 -8.731185522639814053e-03 1.481641019610507870e-02 1.646249899999999849e-02 8.583897230714595053e-03 9.999133989399142664e-01 9.975536514920455358e-03 5.628643000000000014e-03 -1.490222533927506796e-02 -9.846878682974924760e-03 9.998404686049371382e-01 -1.024424099999999942e-02
9.998521092582992598e-01 -8.731185522639814053e-03 1.481641019610507870e-02 1.646249899999999849e-02 8.583897230714595053e-03 9.999133989399142664e-01 9.975536514920455358e-03 5.628643000000000014e-03 -1.490222533927506796e-02 -9.846878682974924760e-03 9.998404686049371382e-01 -1.024424099999999942e-02
9.998521092582992598e-01 -8.731185522639814053e-03 1.481641019610507870e-02 1.646249899999999849e-02 8.583897230714595053e-03 9.999133989399142664e-01 9.975536514920455358e-03 5.628643000000000014e-03 -1.490222533927506796e-02 -9.846878682974924760e-03 9.998404686049371382e-01 -1.024424099999999942e-02
9.997792832219369874e-01 -1.011919223880518998e-02 1.841159386539230683e-02 2.044263099999999930e-02 9.912741560585962286e-03 9.998873559481934459e-01 1.127000309155701090e-02 7.483161999999999800e-03 -1.852356323667448887e-02 -1.108500624107977735e-02 9.997669729700277008e-01 -1.291113299999999998e-02
9.997114884185389627e-01 -9.844623943474555688e-03 2.190943411868689211e-02 2.295859700000000073e-02 9.573444738249260733e-03 9.998766913666322642e-01 1.244794029388709283e-02 8.670330000000000398e-03 -2.202927778737200082e-02 -1.223460016216540783e-02 9.996824623244316976e-01 -1.502751800000000013e-02
9.997027654594475843e-01 -1.111275106457489982e-02 2.169994231581065872e-02 2.937936000000000020e-02 1.087327319813137343e-02 9.998790196733148283e-01 1.112285696616123129e-02 1.076302399999999951e-02 -2.182092259029206824e-02 -1.088360146769776216e-02 9.997026530706021319e-01 -1.902006200000000077e-02
9.996959785285514100e-01 -1.102012515326652488e-02 2.205691173869021859e-02 3.346364200000000177e-02 1.082162202078853185e-02 9.999000470834067400e-01 9.098809781511124281e-03 1.307606799999999972e-02 -2.215497710856891705e-02 -8.857351986190918278e-03 9.997153116288214347e-01 -2.163262900000000044e-02
9.997195956331969002e-01 -1.064918620252171266e-02 2.115005768836863975e-02 3.765127800000000330e-02 1.052312717622128774e-02 9.999262516020989144e-01 6.062602692672169891e-03 1.543748399999999958e-02 -2.121305969044478407e-02 -5.838337965563832749e-03 9.997579306554009726e-01 -2.425910499999999956e-02
9.997533683138275507e-01 -9.687545671645014442e-03 1.998384357465100847e-02 4.111716499999999719e-02 9.655863765874158136e-03 9.999519676766952525e-01 1.681259777762340911e-03 1.850122200000000119e-02 -1.999917098509853414e-02 -1.487883854753087711e-03 9.997988894580467356e-01 -2.635862699999999906e-02
9.998138686016848631e-01 -9.015973560976815390e-03 1.705697430614918492e-02 4.491120900000000055e-02 9.117965335254473933e-03 9.999409585500987907e-01 -5.911186180011983315e-03 2.418899199999999944e-02 -1.700267213934222171e-02 6.065610823110391403e-03 9.998370454756438930e-01 -2.744959699999999919e-02
9.998719768291887133e-01 -7.670904302003409350e-03 1.404233523598057143e-02 4.848447399999999963e-02 7.840140076996578167e-03 9.998968195628421540e-01 -1.203671183031554057e-02 2.735759700000000086e-02 -1.394855387713106465e-02 1.214526472755911649e-02 9.998289505657625975e-01 -2.953046399999999932e-02
9.999283766168456378e-01 -5.355375037843342068e-03 1.070334501937183352e-02 5.136475000000000068e-02 5.555909785906084503e-03 9.998079283920033866e-01 -1.879463197142876643e-02 3.078582300000000035e-02 -1.060063690777778012e-02 1.885275265563688893e-02 9.997660727462474028e-01 -3.099887399999999918e-02
9.999755886039015662e-01 -3.761061361767600690e-03 5.888685227918829916e-03 5.546618300000000223e-02 3.919309675337883866e-03 9.996251402446957313e-01 -2.709645737806147883e-02 3.486258200000000307e-02 -5.784566357929818263e-03 2.711887549669636174e-02 9.996154787636319927e-01 -3.305184800000000173e-02
9.999984406917404867e-01 -1.094252699395915083e-03 1.386082651771192858e-03 5.806418900000000216e-02 1.142592454468825637e-03 9.993736947656950420e-01 -3.536824413010241502e-02 3.808828799999999792e-02 -1.346512744338950948e-03 3.536977270768639631e-02 9.993733867189159570e-01 -3.436592599999999803e-02
9.999932267721395318e-01 1.288436508465489122e-03 -3.447657350741551059e-03 6.082474400000000003e-02 -1.441724161908637886e-03 9.989933766247861557e-01 -4.483475093327974476e-02 4.305745700000000037e-02 3.386420128312171880e-03 4.483941782820014682e-02 9.989884677850604522e-01 -3.576408699999999996e-02
9.999571769764650231e-01 3.846108290498956046e-03 -8.417343065137247032e-03 6.286208299999999916e-02 -4.299775351719229734e-03 9.985012553083290054e-01 -5.455964698947214642e-02 4.718699300000000346e-02 8.194885306287494342e-03 5.459350326466350101e-02 9.984750338672008230e-01 -3.685849900000000290e-02
9.998720326655226032e-01 6.289621164641246397e-03 -1.470914541778317597e-02 6.590652499999999359e-02 -7.228745427129967642e-03 9.978792100037686685e-01 -6.469024255484304153e-02 5.088214600000000309e-02 1.427107329060931309e-02 6.478829298461238895e-02 9.977969801313663067e-01 -3.821432200000000196e-02
9.997489780456125796e-01 8.783736216131602520e-03 -2.061132879846900787e-02 6.797911199999999432e-02 -1.032118352171480791e-02 9.970762616698410907e-01 -7.571262500538139539e-02 5.573390400000000078e-02 1.988602694014725628e-02 7.590635278143614828e-02 9.969166321914565421e-01 -3.906183700000000203e-02
9.995783565092274392e-01 1.145202499186754458e-02 -2.668258461801076634e-02 6.948101499999999320e-02 -1.371815399276960293e-02 9.961698714882050165e-01 -8.635623538693436296e-02 5.894397900000000051e-02 2.559143312404217260e-02 8.668585964711082725e-02 9.959069435885558041e-01 -3.985055900000000068e-02
9.993509269026605857e-01 1.373548041316508678e-02 -3.330257462438243610e-02 7.168653599999999515e-02 -1.694189341745832092e-02 9.950426216624869147e-01 -9.799568012150496055e-02 6.363664600000000504e-02 3.179146341747238202e-02 9.849628243169585018e-02 9.946294713112572294e-01 -4.066116699999999806e-02
9.990806394295498327e-01 1.566209961666507541e-02 -3.990707396739961305e-02 7.430192100000000688e-02 -1.996548899734923097e-02 9.937500440124974466e-01 -1.098281806926439813e-01 6.938053700000000601e-02 3.793751660478807824e-02 1.105239732400034175e-01 9.931491308827211650e-01 -4.145085099999999689e-02
9.987543156326995630e-01 1.774073680883652554e-02 -4.663778792500254677e-02 7.641062899999999380e-02 -2.330540401756194674e-02 9.923028282736352512e-01 -1.216221819559353268e-01 7.383218399999999515e-02 4.412114174220933827e-02 1.225575915952334116e-01 9.914801871917259257e-01 -4.231736800000000104e-02
9.983977573322020405e-01 1.964816479118602910e-02 -5.306475077080539254e-02 7.816854099999999417e-02 -2.659603904630899324e-02 9.906811740059150440e-01 -1.335794227316056959e-01 7.856959099999999419e-02 4.994565908141068017e-02 1.347767082644482917e-01 9.896164257167133771e-01 -4.262290500000000260e-02
9.980183332246200800e-01 2.132669310895841941e-02 -5.919948233378032054e-02 7.920663099999999957e-02 -2.976596059673504435e-02 9.889018173209401796e-01 -1.455581783655441053e-01 8.322699399999999859e-02 5.543820106483325627e-02 1.470318600180866853e-01 9.875769529521822854e-01 -4.290078600000000325e-02
9.975881384890226133e-01 2.277962999341920716e-02 -6.556671719225748429e-02 8.038615400000000133e-02 -3.289491469728405421e-02 9.869555313764161175e-01 -1.575966486717103043e-01 8.653849399999999359e-02 6.112144086214724159e-02 1.593733589495402447e-01 9.853244653027123379e-01 -4.293669399999999747e-02
9.971176318578104381e-01 2.483801584149735592e-02 -7.169031459917987736e-02 8.352879400000000343e-02 -3.668614395580574450e-02 9.849306268818298626e-01 -1.690141623409691096e-01 9.310278299999999452e-02 6.641201005786342981e-02 1.711570425054811939e-01 9.830029052453767013e-01 -4.413859199999999733e-02
9.966956085407897570e-01 2.546496594403717742e-02 -7.713235005478481787e-02 8.435531699999999911e-02 -3.913237422887565209e-02 9.826595273998596225e-01 -1.812426839833699843e-01 9.830223000000000433e-02 7.117949987683298840e-02 1.836621591938674414e-01 9.804089402272555542e-01 -4.387754900000000180e-02
9.962091333021017014e-01 2.564243456086720552e-02 -8.312537684285713213e-02 8.595004700000000164e-02 -4.139479331256641637e-02 9.801817941437770410e-01 -1.937269251180540608e-01 1.038886980000000015e-01 7.651035101269156036e-02 1.964334899625770348e-01 9.775275189011493060e-01 -4.334447899999999826e-02
9.958144898998175787e-01 2.636424349545484630e-02 -8.751244694601145735e-02 8.687216799999999961e-02 -4.378750439048623849e-02 9.780732057158979531e-01 -2.036061362530113550e-01 1.069019290000000066e-01 8.022565777118473296e-02 2.065858923681359316e-01 9.751338948624653780e-01 -4.384979600000000338e-02
9.953363459228211640e-01 2.591063949946527042e-02 -9.292038121819594376e-02 8.782948599999999828e-02 -4.554211882998358829e-02 9.753624555944111485e-01 -2.158564236461728569e-01 1.112912890000000016e-01 8.503807322300856175e-02 2.190815349991165895e-01 9.719937279246965156e-01 -4.285955799999999899e-02
9.949601422924062577e-01 2.624445087082813433e-02 -9.677574100963241832e-02 8.896122099999999311e-02 -4.768367187528300966e-02 9.728640336404842381e-01 -2.264107759919062046e-01 1.160256560000000048e-01 8.820761127003216850e-02 2.298843205772317655e-01 9.692123691259719731e-01 -4.285449200000000097e-02
9.945789149508971194e-01 2.650944224041815178e-02 -1.005486519412276125e-01 9.270234400000000596e-02 -4.974766876266491222e-02 9.704228616279994002e-01 -2.362300554171821998e-01 1.234921890000000022e-01 9.131238354011123048e-02 2.399514932269160294e-01 9.664808997131795198e-01 -4.349474999999999869e-02
9.943652764386217147e-01 2.661006441295413541e-02 -1.026138464588568916e-01 9.243426500000000157e-02 -5.127040295029321182e-02 9.679598521652974519e-01 -2.458151142168645553e-01 1.280661369999999966e-01 9.278492762543920358e-02 2.496910672572690004e-01 9.638699747048187216e-01 -4.294401400000000257e-02
9.941610024492186781e-01 2.494521076419930344e-02 -1.049839876795231608e-01 9.248632900000000601e-02 -5.121765677201824823e-02 9.654197045234959029e-01 -2.556199244044751184e-01 1.306555120000000014e-01 9.497711747546525030e-02 2.595043941394741260e-01 9.610602564763336408e-01 -4.178621200000000313e-02
9.940545897225193661e-01 2.440030454398749854e-02 -1.061136079386354875e-01 9.327875800000000328e-02 -5.186367462087258101e-02 9.630148853677428233e-01 -2.644097006824323581e-01 1.359191539999999865e-01 9.573730676394671957e-02 2.683411181655057098e-01 9.585548562264301076e-01 -4.127290100000000073e-02
9.939914441541644052e-01 2.370629884953574448e-02 -1.068598163164011655e-01 9.473995100000000280e-02 -5.218814478726623018e-02 9.607968657006951130e-01 -2.722972280493942132e-01 1.406283680000000036e-01 9.621541712211111042e-02 2.762379305138542018e-01 9.562610518333585219e-01 -4.086974300000000004e-02
9.939884303270773991e-01 2.252372526681310078e-02 -1.071432787253493030e-01 9.688213499999999423e-02 -5.192121380411277715e-02 9.585430678719459863e-01 -2.801773984313254418e-01 1.461644470000000029e-01 9.639080834301770595e-02 2.840561015622498631e-01 9.539501785901800535e-01 -4.049957500000000293e-02
9.941378634877832132e-01 2.163278428414413396e-02 -1.059336161190645303e-01 9.810674899999999310e-02 -5.138017185257141156e-02 9.566024794619137905e-01 -2.868305671083874464e-01 1.509278269999999866e-01 9.513141605350920738e-02 2.905920145692833523e-01 9.521062413135519265e-01 -3.996256699999999745e-02
9.943008169600987545e-01 2.110495945405877274e-02 -1.045010338653298981e-01 9.991554900000000627e-02 -5.100919979630494372e-02 9.549080697771159532e-01 -2.924869908400771212e-01 1.547004730000000050e-01 9.361595445553570760e-02 2.961505680578466748e-01 9.505424209946623515e-01 -3.938793000000000155e-02
9.945561553877737548e-01 1.960122656681715855e-02 -1.023418081595521001e-01 1.019283909999999932e-01 -4.950581739664157432e-02 9.531089649927693142e-01 -2.985506236709317696e-01 1.602138280000000026e-01 9.169093643420075934e-02 3.019918753335729678e-01 9.488907626319960098e-01 -3.886196799999999674e-02
9.948663842534024582e-01 1.908480126369846777e-02 -9.938132542528606284e-02 1.039469390000000021e-01 -4.849838963217856236e-02 9.518484249882100956e-01 -3.027085761100091754e-01 1.640112850000000067e-01 8.881882506342263228e-02 3.059744208396985576e-01 9.478875830530560931e-01 -3.849560400000000271e-02
9.952840147774359991e-01 1.773444078180878153e-02 -9.536886042448532164e-02 1.051956490000000022e-01 -4.641575492181149870e-02 9.503581126204152518e-01 -3.076768360985280282e-01 1.691042180000000006e-01 8.517809356605003657e-02 3.106524543387975124e-01 9.466993952621574060e-01 -3.762466500000000158e-02
9.956972418531471192e-01 1.657406008673183162e-02 -9.117183281187658805e-02 1.074058489999999977e-01 -4.433245831904954193e-02 9.491754918671849728e-01 -3.116095614355843813e-01 1.735793800000000053e-01 8.137343365881218038e-02 3.143106523344840753e-01 9.458261881147328465e-01 -3.701851500000000184e-02
9.961675785102001024e-01 1.614977906925818552e-02 -8.596127128619313051e-02 1.108270060000000057e-01 -4.244993748169470504e-02 9.485647370240271048e-01 -3.137243096770454542e-01 1.792643819999999999e-01 7.647325240189900564e-02 3.161710364827123865e-01 9.456149942532229291e-01 -3.778877900000000151e-02
9.966400740119235602e-01 1.478233367154999957e-02 -8.056081854555857680e-02 1.124685180000000034e-01 -3.971183245702521875e-02 9.474477677981394397e-01 -3.174361316189887039e-01 1.841029519999999864e-01 7.163472088598246690e-02 3.195687874394896322e-01 9.448514469788579229e-01 -3.673555299999999718e-02
9.970130460517568904e-01 1.314373431135914400e-02 -7.610668992243591058e-02 1.170586049999999961e-01 -3.703595247671860602e-02 9.460871552938295848e-01 -3.217878692744202684e-01 1.905281689999999972e-01 6.777406750918560374e-02 3.236453874789220198e-01 9.437480272492646538e-01 -3.629751900000000031e-02
9.975341297039014288e-01 1.216542592886233308e-02 -6.912063720662108002e-02 1.176948399999999950e-01 -3.393987261348033191e-02 9.456624944154112811e-01 -3.233736719385224001e-01 1.927489189999999908e-01 6.143081574308365683e-02 3.249222200281042250e-01 9.437435063666120838e-01 -3.586655899999999925e-02
9.979083385889779834e-01 1.156883254686129348e-02 -6.360117835455790514e-02 1.216275470000000025e-01 -3.172573310465190422e-02 9.448678023607589571e-01 -3.259115124093074356e-01 1.971701829999999989e-01 5.632428990726821155e-02 3.272476098850111703e-01 9.432584885337579328e-01 -3.557943899999999743e-02
9.983073487264123580e-01 1.003564750062155633e-02 -5.728632697323621237e-02 1.245828269999999932e-01 -2.837291067101698275e-02 9.438711792667758838e-01 -3.290929578243816378e-01 2.025636729999999996e-01 5.076825207642816917e-02 3.301612980480738146e-01 9.425582750431482637e-01 -3.462723300000000032e-02
9.986972733110996980e-01 8.592250347380359782e-03 -5.029840469579975604e-02 1.268674730000000084e-01 -2.484061337401458416e-02 9.428993494882883519e-01 -3.321502079809154906e-01 2.072761800000000043e-01 4.457241532806177631e-02 3.329669502646330215e-01 9.418844461096552712e-01 -3.321614900000000037e-02
9.990137127614884260e-01 7.517338157021861804e-03 -4.376175660938756706e-02 1.303957099999999980e-01 -2.172739390839771578e-02 9.422727582697737470e-01 -3.341406431079911865e-01 2.108410149999999927e-01 3.872366290081059870e-02 3.347619133798013236e-01 9.415067388403753901e-01 -3.263067099999999998e-02
9.993163106142289864e-01 5.520861247606156236e-03 -3.655723500827917638e-02 1.320354039999999951e-01 -1.754124163547232315e-02 9.412122924816773706e-01 -3.373599343776190751e-01 2.148321420000000037e-01 3.254560158073352416e-02 3.377705442641056321e-01 9.406656383887306294e-01 -3.098033600000000068e-02
9.995451598508254820e-01 5.196877516477541210e-03 -2.970632732039495821e-02 1.359457819999999872e-01 -1.496027571440766354e-02 9.407386976228219178e-01 -3.388021442456727872e-01 2.179403900000000116e-01 2.618517842858088945e-02 3.390924582750189931e-01 9.403885586137614716e-01 -3.096203499999999886e-02
9.997363258573214173e-01 4.080870498433185681e-03 -2.259701876970883136e-02 1.390751899999999874e-01 -1.156799585218516203e-02 9.395897411306826097e-01 -3.421071467156753809e-01 2.225652929999999974e-01 1.983583205382074069e-02 3.422783441264606874e-01 9.393892031042195834e-01 -2.921995499999999885e-02
9.998744386287014008e-01 3.601374890588633290e-03 -1.543169063442522727e-02 1.427917629999999882e-01 -8.685795569911938449e-03 9.390652561660242093e-01 -3.436291629317235752e-01 2.248757630000000063e-01 1.325382707963506344e-02 3.437200528929564292e-01 9.389786266507914592e-01 -2.951206099999999916e-02
9.999541251185392055e-01 1.156139587075178657e-03 -9.508469891210690611e-03 1.455237420000000115e-01 -4.389021498897236785e-03 9.376472686613210872e-01 -3.475605502099547994e-01 2.263668779999999936e-01 8.513762311638754104e-03 3.475863387896875878e-01 9.376093285255225895e-01 -2.806597900000000131e-02
9.999963655272509078e-01 1.168688235081905523e-03 -2.429629621579978017e-03 1.512525829999999960e-01 -1.943284834916130140e-03 9.370954807945579557e-01 -3.490677348573864025e-01 2.314249579999999862e-01 1.868843583412672146e-03 3.490711876426145777e-01 9.370943460406936376e-01 -2.794084299999999993e-02
9.999916885616333406e-01 7.278687244492134051e-04 4.011609997651202283e-03 1.552088859999999904e-01 7.309619937159148083e-04 9.359861889482554709e-01 -3.520359637774021500e-01 2.342015500000000083e-01 -4.011047521163175339e-03 3.520359701866282998e-01 9.359778775123599459e-01 -2.734492700000000151e-02
9.999575967223188755e-01 -7.792258299070184673e-04 9.175923083282615939e-03 1.598064750000000034e-01 3.990813726277474965e-03 9.346554846557242335e-01 -3.555322747779384729e-01 2.363733349999999900e-01 -8.299286904696591416e-03 3.555538184439585025e-01 9.346189619448099783e-01 -2.686511499999999844e-02
9.998885721252744885e-01 -1.108388193821424270e-03 1.488673264660513376e-02 1.641788329999999962e-01 6.387814691315468751e-03 9.330949813597944065e-01 -3.595732909778399655e-01 2.390358900000000009e-01 -1.349218873085890683e-02 3.596283181797239603e-01 9.329980887474925710e-01 -2.602296299999999965e-02
9.997872733353331265e-01 -1.849018832194633966e-03 2.054237586206018873e-02 1.684451700000000052e-01 9.198127736305660926e-03 9.314194504642450134e-01 -3.638312819742558490e-01 2.418677359999999998e-01 -1.846083754455815629e-02 3.639428367563264377e-01 9.312383202225472667e-01 -2.548860000000000015e-02
9.996722233088524145e-01 -2.122777690361329905e-03 2.551352111358444821e-02 1.740393490000000098e-01 1.136294313039853954e-02 9.298112587222784331e-01 -3.678612600923173437e-01 2.444109919999999936e-01 -2.294187150498720393e-02 3.680305924351527924e-01 9.295306092666766329e-01 -2.508088199999999879e-02
9.995414933278983227e-01 -2.736234531717776294e-03 3.015486919922671927e-02 1.790758669999999997e-01 1.377553119987480652e-02 9.279645866201476911e-01 -3.724136956652638331e-01 2.467221019999999987e-01 -2.696363951688111882e-02 3.726583408425013788e-01 9.275768017498701168e-01 -2.461681900000000159e-02
9.993744303053008204e-01 -2.925674230847093681e-03 3.524469438440838709e-02 1.831924319999999884e-01 1.602649601348014180e-02 9.258373384031582942e-01 -3.775822748012486740e-01 2.482721059999999924e-01 -3.152617131028276343e-02 3.779109197269255316e-01 9.253050509284297398e-01 -2.410177900000000026e-02
9.992093890243036736e-01 -2.863373764997885138e-03 3.965347369852593312e-02 1.881576329999999908e-01 1.782116655874206590e-02 9.238429519682054281e-01 -3.823566478056289464e-01 2.496889680000000111e-01 -3.553875220324061862e-02 3.827610236026575130e-01 9.231635802513455946e-01 -2.375743400000000088e-02
9.990610430852758794e-01 -3.185798393748287549e-03 4.320744007638958883e-02 1.942212580000000077e-01 1.971087619966236520e-02 9.215256742667290446e-01 -3.878168550059317154e-01 2.518308459999999971e-01 -3.858125903598780271e-02 3.883043681905274380e-01 9.207231962405167947e-01 -2.392172799999999974e-02
9.988893808151524389e-01 -3.341370845050940439e-03 4.699829928409315905e-02 1.993878040000000018e-01 2.157687661027973824e-02 9.191829148084714740e-01 -3.932393768685263913e-01 2.533570230000000145e-01 -4.188607513799916249e-02 3.938167141768845747e-01 9.182341489753339525e-01 -2.393407200000000068e-02
9.987498919625278360e-01 -3.709257305188798370e-03 4.984871828926878967e-02 2.055625769999999963e-01 2.333758563932811225e-02 9.164853313124599055e-01 -3.993870235568721117e-01 2.551265659999999991e-01 -4.420418986211605006e-02 4.000510953607481768e-01 9.154261907435791157e-01 -2.416041899999999895e-02
9.985174410247624754e-01 -3.163545618613096758e-03 5.434070250262552221e-02 2.092645909999999998e-01 2.495953470243091055e-02 9.137821087542749021e-01 -4.054371459893983398e-01 2.566171879999999961e-01 -4.837294281722009232e-02 4.061923801595858641e-01 9.125063335141803122e-01 -2.331885699999999839e-02
9.983733183465955952e-01 -3.376527434350184986e-03 5.691499166381659008e-02 2.159475240000000018e-01 2.652813039572156709e-02 9.111184770460086790e-01 -4.112898966459900829e-01 2.581117450000000035e-01 -5.046756890632660836e-02 4.121307072372146219e-01 9.097259502953833898e-01 -2.404744199999999874e-02
9.981850829575118489e-01 -3.322596340935476608e-03 6.012903221124134973e-02 2.210621389999999908e-01 2.815127595421515472e-02 9.084085570963961187e-01 -4.171347492791667166e-01 2.590217289999999783e-01 -5.323575699898448060e-02 4.180703932923244270e-01 9.068534062510579252e-01 -2.470014200000000132e-02
9.979906305493190244e-01 -3.062794061876292911e-03 6.328760248506209996e-02 2.256147269999999871e-01 2.962421472881663839e-02 9.054924880688527411e-01 -4.233270130201704506e-01 2.604319449999999980e-01 -5.600988517640138192e-02 4.243512381782491016e-01 9.037637519944652365e-01 -2.490408300000000047e-02
9.977665152075105848e-01 -2.148505659577779753e-03 6.676350091248416108e-02 2.317289560000000137e-01 3.058910842734717181e-02 9.032223771485012875e-01 -4.280813519225411534e-01 2.609834970000000087e-01 -5.938255279356478844e-02 4.291674747014750935e-01 9.012707645774815646e-01 -2.631727999999999845e-02
9.976166069620713284e-01 -1.779467832965878418e-03 6.897781533011479449e-02 2.370497880000000113e-01 3.161873801764148589e-02 9.003235364241023442e-01 -4.340711752316315786e-01 2.617478069999999990e-01 -6.132993493927523659e-02 4.352176044865711524e-01 8.982339761027272607e-01 -2.724119300000000035e-02
9.974468102704331374e-01 -1.493853811622168626e-03 7.139768261034876162e-02 2.428800610000000082e-01 3.284410386808157833e-02 8.973644184988982531e-01 -4.400663191534167074e-01 2.626630070000000039e-01 -6.341234518957064581e-02 4.412877392506205365e-01 8.951223411716607847e-01 -2.777171700000000132e-02
9.972697840356080645e-01 -1.389628650384291952e-03 7.383120466161795237e-02 2.475223390000000079e-01 3.427008806011275222e-02 8.943428476490584700e-01 -4.460677436481204072e-01 2.629542349999999806e-01 -6.541054130584612880e-02 4.473800842585499149e-01 8.919487212249866959e-01 -2.872206500000000148e-02
9.970623770756358306e-01 -7.800838112399614832e-04 7.658986675487734763e-02 2.519142030000000032e-01 3.539231503968064130e-02 8.914856705894064204e-01 -4.516643479065935440e-01 2.635542750000000045e-01 -6.792643267840893506e-02 4.530482210571009083e-01 8.888944308187456400e-01 -3.009322999999999859e-02
9.969844299204447813e-01 -4.246455826622461127e-04 7.760068409708037462e-02 2.589924040000000094e-01 3.594283658092339157e-02 8.887831301283647401e-01 -4.569164694971536989e-01 2.636895479999999958e-01 -6.877615135148790193e-02 4.583277945699513189e-01 8.861182052807186071e-01 -3.175441200000000269e-02
9.967798577322002362e-01 -3.128458975419461108e-04 8.018614186266213861e-02 2.631560560000000271e-01 3.754137031256012114e-02 8.854501384264550357e-01 -4.632156062522362894e-01 2.659570869999999809e-01 -7.085591531008413047e-02 4.647342837450406106e-01 8.826106076733692962e-01 -3.233683500000000127e-02
9.965314204823434441e-01 -2.724260775671012713e-04 8.321690799035373620e-02 2.664464710000000180e-01 3.942289867050714769e-02 8.822086775003311621e-01 -4.692053755057923325e-01 2.673968369999999983e-01 -7.328685456381427155e-02 4.708585510821152731e-01 8.791594063769058165e-01 -3.291564100000000243e-02
9.964705641782195533e-01 3.486564237095042540e-04 8.394220133543670026e-02 2.734848260000000142e-01 3.961870960362601224e-02 8.796525249925636336e-01 -4.739639154234746576e-01 2.678546310000000097e-01 -7.400521992186995246e-02 4.756167719003455141e-01 8.765340345425329804e-01 -3.581778000000000045e-02
9.962270470196480376e-01 8.321840099636407251e-04 8.678120911974818164e-02 2.763798239999999962e-01 4.092690091177195871e-02 8.772731973096681291e-01 -4.782433753475631155e-01 2.671802340000000164e-01 -7.652881528071570072e-02 4.799906715258596135e-01 8.739292280727796181e-01 -3.696620500000000198e-02
9.960884523444466510e-01 2.090650084679349791e-03 8.833699275087776581e-02 2.813204530000000259e-01 4.083298873084974245e-02 8.756826144510053700e-01 -4.811575893400811821e-01 2.653334139999999897e-01 -7.836110091972610381e-02 4.828825819290600285e-01 8.721719726820927887e-01 -4.034915900000000250e-02
9.959050887018026099e-01 2.079320057834534857e-03 9.038103078606515850e-02 2.853710950000000190e-01 4.226116607426598504e-02 8.730699173277313152e-01 -4.857601396773841840e-01 2.661517560000000171e-01 -7.991900987811273449e-02 4.875906027452185931e-01 8.694068989688640281e-01 -4.215589200000000036e-02
9.957337652484189450e-01 2.295565476422799928e-03 9.224423626086268591e-02 2.895968259999999739e-01 4.331370100803910717e-02 8.710792931666460071e-01 -4.892287689019141905e-01 2.659398909999999838e-01 -8.147510079277343886e-02 4.911370433956696036e-01 8.672636349780656895e-01 -4.432984799999999809e-02
9.956449077226705580e-01 2.792246609402804225e-03 9.318487583716003608e-02 2.951733469999999748e-01 4.365815646560469027e-02 8.692075338289116937e-01 -4.925162215694890988e-01 2.662111220000000222e-01 -8.237222286632450707e-02 4.944395478659990295e-01 8.653001504715730485e-01 -4.714411500000000033e-02
9.953491076693823381e-01 3.140867278943904745e-03 9.628233905810718030e-02 2.967940270000000158e-01 4.518647614973153592e-02 8.674731054199359415e-01 -4.954276877065536544e-01 2.661572689999999741e-01 -8.507841227323176270e-02 4.974741664909131389e-01 8.632966566825318599e-01 -4.887425199999999997e-02
9.950802492271040300e-01 3.533480137888601880e-03 9.900915167922487437e-02 2.986761330000000103e-01 4.652907943307647148e-02 8.656239890653497637e-01 -4.985279875009043238e-01 2.669838370000000016e-01 -8.746623557256293091e-02 5.006821587321705902e-01 8.612009251980971003e-01 -5.079109200000000296e-02
9.950017278932513642e-01 4.129480476783325971e-03 9.977228513187458292e-02 3.041769559999999983e-01 4.640322394717306259e-02 8.655934372249690645e-01 -4.985927619213620932e-01 2.640863359999999771e-01 -8.842116430330873578e-02 5.007304153175193839e-01 8.610753444845531401e-01 -5.642788900000000191e-02
9.946875505199629375e-01 4.216210837965465863e-03 1.028537816843210495e-01 3.051804009999999900e-01 4.803748759969387466e-02 8.646859100230263051e-01 -5.000106766787685286e-01 2.640908060000000113e-01 -9.104436624912828901e-02 5.022952324816757352e-01 8.598897736340826992e-01 -5.895870200000000172e-02
9.946208273107652875e-01 4.307114474047593622e-03 1.034932782578477789e-01 3.105036319999999739e-01 4.826698037975753891e-02 8.647612512867786094e-01 -4.998582567868066207e-01 2.623425420000000119e-01 -9.164992353880584142e-02 5.021647409345189050e-01 8.599016597713360355e-01 -6.429226700000000017e-02
9.943039067992954783e-01 4.405610896416972677e-03 1.064909926533099960e-01 3.112617730000000194e-01 4.975149013164203993e-02 8.644271043716242886e-01 -5.002904860752100946e-01 2.620954220000000223e-01 -9.425778563778736130e-02 5.027388704091998450e-01 8.592840613128714944e-01 -6.708449099999999610e-02
9.939962595507492171e-01 4.472015343497063450e-03 1.093226283890354894e-01 3.123424949999999978e-01 5.109222302770975721e-02 8.645671038789698448e-01 -4.999133001195479875e-01 2.613621349999999954e-01 -9.675236816329814415e-02 5.024974865301298221e-01 8.591479821810067419e-01 -7.093396800000000002e-02
9.939236898243972718e-01 4.906136109227444975e-03 1.099619417541045086e-01 3.171037139999999810e-01 5.081396482467416542e-02 8.657311707399041323e-01 -4.979231677559417535e-01 2.595465180000000038e-01 -9.764035940456239349e-02 5.004852343853839480e-01 8.602214193901215333e-01 -7.641557599999999895e-02
9.935571278121827499e-01 4.535190893351925129e-03 1.132416258147457833e-01 3.169930579999999942e-01 5.267069775110500007e-02 8.662574412697234827e-01 -4.968136904748534088e-01 2.594984470000000210e-01 -1.003495459482392493e-01 4.995772988120982805e-01 8.604373836250897023e-01 -8.013026400000000660e-02
9.934443241142104641e-01 3.993123409889037106e-03 1.142472312605123108e-01 3.206163639999999870e-01 5.345205270315893376e-02 8.671871193313724913e-01 -4.951054212262016585e-01 2.592905160000000264e-01 -1.010507444162501156e-01 4.979664195818722106e-01 8.612886810017489347e-01 -8.405277099999999835e-02
9.931214992943959707e-01 3.900285622609321601e-03 1.170233968542754716e-01 3.208205399999999874e-01 5.457428225826691653e-02 8.688246920750757329e-01 -4.921029385775346210e-01 2.579037849999999965e-01 -1.035921587536730443e-01 4.951044760580456394e-01 8.626356255291349751e-01 -8.853747700000000331e-02
9.927557672454679905e-01 3.184616261223995048e-03 1.201076384753737986e-01 3.205488029999999933e-01 5.654519051807539026e-02 8.696411687723701878e-01 -4.904353973822653812e-01 2.601056099999999871e-01 -1.060123956437967890e-01 4.936740785128329589e-01 8.631612109996419369e-01 -9.193187199999999781e-02
9.928219746840487581e-01 2.682825312849759780e-03 1.195714390346069994e-01 3.232613209999999904e-01 5.619611752772489532e-02 8.720542348472586358e-01 -4.861721998014409962e-01 2.567092480000000010e-01 -1.055770948609410093e-01 4.894018940843025689e-01 8.656438431060553551e-01 -9.695054599999999856e-02
9.926485460989257215e-01 1.950873242925303674e-03 1.210167675211948485e-01 3.253034650000000139e-01 5.705453572328015449e-02 8.742633235939044622e-01 -4.820875656682516719e-01 2.561044690000000013e-01 -1.067410131162798564e-01 4.854480766386142787e-01 8.677249109059739229e-01 -1.018061410000000028e-01
9.924052789940184249e-01 1.465782553470022093e-03 1.230024947157996873e-01 3.258057529999999757e-01 5.781285543623704282e-02 8.770565510591654679e-01 -4.768956699221644779e-01 2.549913819999999887e-01 -1.085791691399098091e-01 4.803849058054460164e-01 8.703108101725379742e-01 -1.077213880000000013e-01
9.922446743538438918e-01 6.447366585604942524e-04 1.242983931154201110e-01 3.273672759999999848e-01 5.851391692340034145e-02 8.798334331956794152e-01 -4.716664619806939518e-01 2.539885940000000120e-01 -1.096659826140987531e-01 4.752817208201312038e-01 8.729723123395948248e-01 -1.132159159999999998e-01
9.920165999233386822e-01 -1.182377364166015132e-04 1.261073015188907687e-01 3.281252680000000255e-01 5.945309622895668389e-02 8.823318247213578491e-01 -4.668574519408140722e-01 2.543247940000000207e-01 -1.112132852915026365e-01 4.706278116555765445e-01 8.752948463637576504e-01 -1.182549519999999965e-01
9.919383267698888007e-01 -9.391226364188695608e-04 1.267180884231882965e-01 3.303958180000000078e-01 5.974425715845452234e-02 8.853285679872315850e-01 -4.611116463962521839e-01 2.534467579999999942e-01 -1.117541033767335823e-01 4.649649930417897870e-01 8.782474455551297909e-01 -1.234601889999999980e-01
9.917603524766416268e-01 -1.464247200850254949e-03 1.280986308886336855e-01 3.311914499999999983e-01 6.001862456783972621e-02 8.887145539713310338e-01 -4.545153531670001468e-01 2.517536579999999913e-01 -1.131775947809120081e-01 4.584586104979085364e-01 8.814797414007509158e-01 -1.293307690000000121e-01
9.916427351173214833e-01 -2.282384251685254384e-03 1.289940952569752497e-01 3.330129379999999806e-01 6.034761585969562747e-02 8.919235800688168903e-01 -4.481411525147801500e-01 2.513698340000000142e-01 -1.140300449403075372e-01 4.521804043071221413e-01 8.846072749031397287e-01 -1.352067889999999939e-01
9.915969851692333359e-01 -3.463902937446677183e-03 1.293190642547615010e-01 3.351672889999999794e-01 6.073252456716557446e-02 8.950994188193642787e-01 -4.417109811731363411e-01 2.511351700000000187e-01 -1.142233752915129824e-01 4.458531504942812029e-01 8.877882566982613355e-01 -1.413228509999999993e-01
9.914436136836064506e-01 -4.555345923862117591e-03 1.304561601056296594e-01 3.357405960000000023e-01 6.150772947571163385e-02 8.977946692857485811e-01 -4.360980749978562998e-01 2.523567680000000091e-01 -1.151362675299768407e-01 4.403907136005563161e-01 8.903929802472940747e-01 -1.461983619999999984e-01
9.914701979547707600e-01 -5.394854897933471644e-03 1.302218956556768781e-01 3.385716970000000048e-01 6.121821207738838144e-02 9.013438066886493294e-01 -4.287559593219232856e-01 2.507462500000000039e-01 -1.150616229573338256e-01 4.330707074885636332e-01 8.939857858141702085e-01 -1.519345189999999901e-01
9.915106127714434781e-01 -6.161689795123416469e-03 1.298797071927146052e-01 3.413330319999999807e-01 6.086459552077327223e-02 9.046786001762568974e-01 -4.217251846821826189e-01 2.503374809999999728e-01 -1.149008519276044221e-01 4.260500721300221616e-01 8.973734619790768585e-01 -1.579193469999999877e-01
9.913796844391489227e-01 -7.068450957944668461e-03 1.308295008107443758e-01 3.408295210000000242e-01 6.121008204685879361e-02 9.078613088664458930e-01 -4.147784586006372232e-01 2.492711840000000068e-01 -1.158432006513556434e-01 4.192110218784316222e-01 9.004679183616098870e-01 -1.630083019999999938e-01
9.912053589030739298e-01 -8.580046746329929308e-03 1.320542285565260709e-01 3.408101499999999784e-01 6.218879227370725099e-02 9.110412317725028464e-01 -4.075983661964046045e-01 2.486217769999999883e-01 -1.168096340092122792e-01 4.122259778425802490e-01 9.035625338593684663e-01 -1.678383950000000013e-01
9.911822878356147948e-01 -9.656410413584923941e-03 1.321530401424082513e-01 3.425624369999999974e-01 6.231246444447455235e-02 9.141479130483328719e-01 -4.005630410362815974e-01 2.483511120000000127e-01 -1.169394247284150645e-01 4.052657730518358647e-01 9.066889346059570087e-01 -1.740570519999999899e-01
9.911970511060238520e-01 -1.050398919509612505e-02 1.319775438842217541e-01 3.451255260000000158e-01 6.199603146010759791e-02 9.176266290522689939e-01 -3.925784784439500519e-01 2.465451210000000060e-01 -1.169824686092737764e-01 3.973047141240069746e-01 9.102000143775660357e-01 -1.800244149999999932e-01
9.911063924419886151e-01 -1.177934566201595604e-02 1.325494846327271437e-01 3.462077680000000268e-01 6.247263878442319007e-02 9.206717112898763489e-01 -3.853060724072249754e-01 2.466057090000000063e-01 -1.174959074348456145e-01 3.901600274840381632e-01 9.132195052065613661e-01 -1.852073220000000076e-01
9.912805340024035683e-01 -1.272100993360742241e-02 1.311528833620468071e-01 3.509013950000000048e-01 6.188327544285647519e-02 9.236796397754575283e-01 -3.781354033739032783e-01 2.457704400000000067e-01 -1.163329838367999219e-01 3.829544345879154488e-01 9.164128643253960371e-01 -1.905937639999999988e-01
9.912098515695821899e-01 -1.357687157946506004e-02 1.316005270108047964e-01 3.524262309999999787e-01 6.176840821347592825e-02 9.271410203290740837e-01 -3.695865151354104650e-01 2.432838529999999944e-01 -1.169944182351459472e-01 3.744665498830012651e-01 9.198299348904347417e-01 -1.967698340000000046e-01
9.912565814045641854e-01 -1.500499150964476960e-02 1.310924866341773853e-01 3.552374540000000080e-01 6.216209346963984250e-02 9.294584264782315142e-01 -3.636521794023536702e-01 2.444963749999999880e-01 -1.163884184857249676e-01 3.686215995820176228e-01 9.222645240732110228e-01 -1.999644040000000123e-01
9.912419274689485693e-01 -1.574329985201907561e-02 1.311167027400139129e-01 3.563523889999999916e-01 6.187092842691741673e-02 9.325212359074748214e-01 -3.557753965596652246e-01 2.422242609999999963e-01 -1.166680309392209430e-01 3.607718019626328654e-01 9.253281998649991458e-01 -2.035934329999999903e-01
9.912618110595713405e-01 -1.692471833977985535e-02 1.308188665446151089e-01 3.589883150000000023e-01 6.187013211680520569e-02 9.355334822160904507e-01 -3.477775012913933428e-01 2.401694359999999862e-01 -1.164993935037765271e-01 3.528323363323650486e-01 9.284057484481109679e-01 -2.080465850000000061e-01
9.912004244431432687e-01 -1.790910514903313461e-02 1.311525163178103859e-01 3.604260979999999726e-01 6.198430245834393032e-02 9.382599305785618293e-01 -3.403325563613697757e-01 2.384642660000000081e-01 -1.169600993180374415e-01 3.454671715568257695e-01 9.311137248177805414e-01 -2.110555319999999901e-01
9.911743767804748195e-01 -1.937950035699302978e-02 1.311403438296193102e-01 3.609384299999999768e-01 6.250628678382712244e-02 9.407056181086574931e-01 -3.334155127934311791e-01 2.364080400000000137e-01 -1.169030321520165838e-01 3.386700090423154785e-01 9.336146453697813374e-01 -2.133754489999999948e-01
9.910968254455780890e-01 -2.067734003549894298e-02 1.315276784587700587e-01 3.623838129999999991e-01 6.289405694330950369e-02 9.434095674974882773e-01 -3.256113105458928181e-01 2.341473699999999936e-01 -1.173516944611750906e-01 3.309846455098158224e-01 9.363107092433753387e-01 -2.164163440000000105e-01
9.911140917572484055e-01 -2.177101150163077148e-02 1.312207307493767072e-01 3.656215070000000122e-01 6.282483415581803510e-02 9.461617841342013779e-01 -3.175388455878727645e-01 2.306918649999999960e-01 -1.172428988617157802e-01 3.229611451896045593e-01 9.391220375245811214e-01 -2.190055549999999907e-01
9.910340352111429718e-01 -2.298080021976082674e-02 1.316184784685581755e-01 3.671994510000000100e-01 6.321780913596991569e-02 9.485034840288322222e-01 -3.103943449762170959e-01 2.288971250000000068e-01 -1.177074749587593006e-01 3.159319920590920594e-01 9.414520310310062756e-01 -2.208838909999999989e-01
9.909777941569111182e-01 -2.407074600178716814e-02 1.318469213702774812e-01 3.692867459999999991e-01 6.331257918935537243e-02 9.511330751769057068e-01 -3.022207647083740012e-01 2.248559149999999895e-01 -1.181292885117585373e-01 3.078416354092476936e-01 9.440757378008745038e-01 -2.226395459999999937e-01
9.908817981315851675e-01 -2.512298963783056796e-02 1.323710599911245844e-01 3.712381719999999774e-01 6.345279411526051627e-02 9.537032879157854026e-01 -2.939792195676197428e-01 2.205439359999999960e-01 -1.188570782514983826e-01 2.996979713149188207e-01 9.466013527030474606e-01 -2.240642760000000067e-01
9.907296855021594517e-01 -2.662113399846587070e-02 1.332141339701909122e-01 3.728186490000000020e-01 6.422802630465977713e-02 9.558795697849432615e-01 -2.866513713638219607e-01 2.174415739999999986e-01 -1.197056845007795911e-01 2.925501039008319704e-01 9.487280884456895658e-01 -2.241306010000000126e-01
9.906007733669457416e-01 -2.778440073452207240e-02 1.339333225177083975e-01 3.747710289999999778e-01 6.450309391062281072e-02 9.583335666038816925e-01 -2.782734733966586438e-01 2.122366729999999868e-01 -1.206211369568633285e-01 2.842970316343577108e-01 9.511181520311378090e-01 -2.245451659999999905e-01
9.903621020623799565e-01 -2.926554469185185109e-02 1.353751627606534225e-01 3.755931259999999994e-01 6.531225523742106853e-02 9.606033891762815191e-01 -2.701396639126572574e-01 2.073297500000000071e-01 -1.221360557508966993e-01 2.763777425859952896e-01 9.532565904774449317e-01 -2.238581480000000068e-01
