9.999935623401302598e-01 -3.033922758719440234e-03 -1.915878647040300444e-03 -1.698936000000000066e-03 3.029591373611494054e-03 9.999928577483425673e-01 -2.259652276823067955e-03 1.047869999999999981e-04 1.922720573822303634e-03 2.253833400528326009e-03 9.999956116806701933e-01 4.038276200000000260e-02
9.999787924622155488e-01 -1.626375470056725314e-03 -6.306308638150114401e-03 -2.239472000000000164e-03 1.601941091657285232e-03 9.999911985355561805e-01 -3.877710169759693640e-03 -4.036299999999999963e-05 6.312559746098950555e-03 3.867525598130625020e-03 9.999725965421251139e-01 8.318268500000000620e-02
9.999583623129819632e-01 -1.661823034809116950e-03 -8.972847069913527165e-03 -3.859631000000000086e-03 1.614299305185864673e-03 9.999846463831006949e-01 -5.301041012694153280e-03 -2.422310000000000056e-04 8.981518696320483011e-03 5.286335428817096928e-03 9.999456920151422734e-01 1.226520460000000007e-01
9.998614418445445073e-01 -4.407890806776347363e-04 -1.664039715676066122e-02 -3.337847000000000123e-03 3.268158041381523816e-04 9.999764762301026622e-01 -6.851290233012920922e-03 3.507389999999999770e-04 1.664302568581021297e-02 6.844902586097779615e-03 9.998380653908952587e-01 1.726392810000000055e-01
9.998434898313712793e-01 -1.222902380278893548e-03 -1.764937255521167522e-02 -6.311828000000000230e-03 1.113498978868928714e-03 9.999801151356325635e-01 -6.207209787896911767e-03 -1.040785000000000017e-03 1.765661241145675617e-02 6.186585738128388794e-03 9.998249697797391145e-01 2.078092249999999863e-01
9.997616915748197552e-01 5.170221775948077945e-04 -2.182413222840408687e-02 -8.031085000000000307e-03 -6.743190643711230621e-04 9.999738470391218437e-01 -7.200731322470161830e-03 -1.879805000000000018e-03 2.181983852493909679e-02 7.213731755953526475e-03 9.997358934843235678e-01 2.528662380000000209e-01
9.996598649046682938e-01 3.129047196123159198e-03 -2.589138007957206278e-02 -1.038950200000000011e-02 -3.337661936632047976e-03 9.999622850058894619e-01 -8.018015876575534245e-03 -2.107518000000000065e-03 2.586531483622778183e-02 8.101705341759444373e-03 9.996326064404752465e-01 2.965503039999999868e-01
9.995291670995380962e-01 3.668352931545817638e-03 -3.046288404063500141e-02 -1.201750199999999935e-02 -3.872652238838834859e-03 9.999703882004969957e-01 -6.650209529347527425e-03 -2.428968000000000099e-03 3.043758666419813311e-02 6.765050547987598757e-03 9.995137754974378064e-01 3.434706630000000094e-01
9.994280276871250202e-01 2.744576703373535504e-03 -3.370585664454509717e-02 -1.457125800000000013e-02 -2.875340678170211061e-03 9.999885251658200414e-01 -3.831703625374143635e-03 -2.978948999999999833e-03 3.369495347092477805e-02 3.926427817691920813e-03 9.994244510092720191e-01 3.889196220000000204e-01
9.993070527118018687e-01 1.962906797519468807e-03 -3.716936100279908534e-02 -1.659783299999999934e-02 -2.013887013900150357e-03 9.999970821140350408e-01 -1.334174842826125335e-03 -3.385010999999999836e-03 3.716663368597421940e-02 1.408105223425310578e-03 9.993080899202870793e-01 4.365822670000000238e-01
9.992033874339787403e-01 3.633551935346741521e-03 -3.974151281462762891e-02 -1.889609199999999975e-02 -3.697612776368082096e-03 9.999919802253345313e-01 -1.538552816858472462e-03 -4.360634000000000385e-03 3.973560368508465696e-02 1.684275911886638733e-03 9.992088095160263084e-01 4.850258230000000226e-01
9.991546880954359500e-01 2.788882401118932680e-03 -4.101379514096160223e-02 -2.196993300000000052e-02 -2.861400806796267869e-03 9.999944448971576083e-01 -1.709549720994938760e-03 -4.587362999999999684e-03 4.100879957198091258e-02 1.825461524770462121e-03 9.991571177987407237e-01 5.312616829999999846e-01
9.991054926169552486e-01 3.627426039648878040e-04 -4.228573093177430409e-02 -2.460413800000000109e-02 -4.546460053333713420e-04 9.999975556436406787e-01 -2.163793833429489711e-03 -5.152583999999999984e-03 4.228484267016940912e-02 2.181083342520833638e-03 9.991032153665665438e-01 5.800931449999999767e-01
9.990100212781579669e-01 -1.151878218270827660e-04 -4.448554953667702150e-02 -2.694195099999999871e-02 5.523394953524926110e-05 9.999990886512758470e-01 -1.348942485263603282e-03 -5.506108000000000009e-03 4.448566437657486272e-02 1.345149948308047017e-03 9.990091171939279313e-01 6.297405360000000174e-01
9.989768934069154227e-01 -1.698599774855095307e-03 -4.519160539163612905e-02 -2.997634899999999936e-02 1.610359816901075873e-03 9.999967254868673550e-01 -1.988908445135578740e-03 -5.718326000000000138e-03 4.519483577056789686e-02 1.914098834408378040e-03 9.989763576007810730e-01 6.797757739999999993e-01
9.989006748401064728e-01 6.312716616062783153e-04 -4.687262847407967781e-02 -3.289248399999999961e-02 -8.116009091190088016e-04 9.999923427324955982e-01 -3.828286867435965260e-03 -6.598928999999999906e-03 4.686985286881290014e-02 3.862120203245663491e-03 9.988935383310832972e-01 7.298855779999999793e-01
9.988326270718951294e-01 1.490495668834542322e-03 -4.828210350966017500e-02 -3.559283199999999786e-02 -1.849230008809470615e-03 9.999710121563369913e-01 -7.386148888663933605e-03 -6.422457999999999813e-03 4.826969489266399321e-02 7.466811213106864902e-03 9.988064293371748947e-01 7.812355760000000426e-01
9.987585411095876164e-01 5.128733412242639234e-03 -4.954868973276906757e-02 -3.922396899999999742e-02 -5.553291610487405550e-03 9.999490075692166746e-01 -8.434643657408530740e-03 -7.710769999999999604e-03 4.950290408589135688e-02 8.699330717056209458e-03 9.987360933360415194e-01 8.323195580000000149e-01
9.987097621911965595e-01 5.881346957222228534e-03 -5.044026825833076294e-02 -4.225944000000000228e-02 -6.295564547786891389e-03 9.999477231387680076e-01 -8.057099764709595852e-03 -8.402226000000000486e-03 5.039024480024131142e-02 8.364254154591872076e-03 9.986945791789445526e-01 8.840294480000000510e-01
9.986596470022391925e-01 4.880289359514763774e-03 -5.152758702996339257e-02 -4.528785500000000186e-02 -5.193098957436110587e-03 9.999688819905745429e-01 -5.938583479145411598e-03 -9.681845999999999161e-03 5.149700158826066299e-02 6.198211539461187872e-03 9.986539145275158402e-01 9.364995959999999897e-01
9.985770839248617747e-01 5.572708851884567230e-03 -5.303538796098103414e-02 -4.814960399999999863e-02 -5.819289338473129791e-03 9.999729602479963120e-01 -4.496069889858144743e-03 -1.034318499999999953e-02 5.300889860876924209e-02 4.798300627460043259e-03 9.985825118533639966e-01 9.893282650000000400e-01
9.985742982360152897e-01 5.166725072624055691e-03 -5.312886084298675676e-02 -5.206411700000000004e-02 -5.434312715867826125e-03 9.999732613304428419e-01 -4.893349513768859016e-03 -1.092075799999999916e-02 5.310215765631082913e-02 5.175091900793900995e-03 9.985756752875880604e-01 1.042304635000000035e+00
9.984837194022461171e-01 5.155978215304126387e-03 -5.480582065164217587e-02 -5.565658200000000305e-02 -5.493755481055881233e-03 9.999668229161999822e-01 -6.014292776007713892e-03 -1.147233200000000002e-02 5.477299279180412872e-02 6.306263198160966255e-03 9.984789183077950048e-01 1.095889211000000030e+00
9.984327045549319379e-01 3.011279926186360197e-03 -5.588440451798790815e-02 -5.765895900000000268e-02 -3.365403956008804990e-03 9.999748448458908312e-01 -6.243695352066900434e-03 -1.243628999999999915e-02 5.586419722270106331e-02 6.421983232825246093e-03 9.984177229997573955e-01 1.148500443000000093e+00
9.983734587397645743e-01 2.821312891206449215e-03 -5.694275263428788536e-02 -6.022507299999999703e-02 -3.101083424202635830e-03 9.999835491487313321e-01 -4.825423660474580101e-03 -1.289996300000000040e-02 5.692820184755463531e-02 4.994159136115361788e-03 9.983657837731255702e-01 1.202381491999999996e+00
9.984382788690134847e-01 4.243869237664643114e-03 -5.570451384740523343e-02 -6.481254100000000129e-02 -4.323973467136046044e-03 9.999897835756492714e-01 -1.317572685546219546e-03 -1.384277499999999987e-02 5.569835314026493761e-02 1.556379844317484079e-03 9.984464287778501701e-01 1.257333755000000108e+00
9.984651880686890024e-01 5.602686539302409105e-03 -5.509880324017781689e-02 -6.787022199999999394e-02 -5.482158610173764809e-03 9.999822387764144560e-01 2.338390190490054373e-03 -1.448669099999999946e-02 5.511092588525805941e-02 -2.032740822732219052e-03 9.984781689214928813e-01 1.312319755999999948e+00
9.985643622237722061e-01 3.978188935477374073e-03 -5.341711813103274670e-02 -7.048337200000000247e-02 -3.700839595493952798e-03 9.999791593346148977e-01 5.290055077716068928e-03 -1.505482999999999995e-02 5.343704972132617276e-02 -5.084772288951670306e-03 9.985582741171643573e-01 1.367443680999999911e+00
9.986780657875243827e-01 4.898331642017558600e-03 -5.116763881609097397e-02 -7.450672999999999324e-02 -4.599659480527194290e-03 9.999717005448686136e-01 5.953254745675198509e-03 -1.518623700000000000e-02 5.119535181588584505e-02 -5.710031219574683917e-03 9.986723343999868163e-01 1.422114015000000009e+00
9.987431553727804667e-01 4.709828859369422083e-03 -4.989916941330425904e-02 -7.679408000000000067e-02 -4.553359768068513183e-03 9.999843556032351755e-01 3.248917297341020766e-03 -1.572643799999999883e-02 4.991369061534844942e-02 -3.017625042625002394e-03 9.987489761838344027e-01 1.477653741999999992e+00
9.987769682591112197e-01 5.293160179036736704e-03 -4.915841871396361279e-02 -7.981286199999999831e-02 -5.356327951029086348e-03 9.999849896686865414e-01 -1.153337850664200911e-03 -1.635547700000000021e-02 4.915157602782776330e-02 1.415235894050864956e-03 9.987903281877257289e-01 1.532515406999999996e+00
9.988502577379894110e-01 4.792429736723131245e-03 -4.769900663505211025e-02 -8.268841400000000175e-02 -5.013452088855631025e-03 9.999772391869787835e-01 -4.515130799941361427e-03 -1.666264599999999971e-02 4.767628251976996356e-02 4.749076247693003773e-03 9.988515497109111685e-01 1.589237570999999960e+00
9.988853222077340721e-01 3.083208011632272011e-03 -4.710209025413121531e-02 -8.521550899999999484e-02 -3.254414430838343912e-03 9.999883727243508158e-01 -3.558539421887350462e-03 -1.724704700000000146e-02 4.709057086788891178e-02 3.707862519266564346e-03 9.988837419293972175e-01 1.644589663000000090e+00
9.988827301403296888e-01 1.061312285445219564e-03 -4.724579392532297917e-02 -8.743678800000000140e-02 -9.992794164808320792e-04 9.999986074942520675e-01 1.336581536848857133e-03 -1.791588800000000134e-02 4.724714666568892441e-02 -1.287876465197873794e-03 9.988823997379077113e-01 1.702576995000000037e+00
9.988388376357462128e-01 -2.291563865388772294e-03 -4.812198214456950979e-02 -9.000718600000000291e-02 2.494311555395217154e-03 9.999882630414020923e-01 4.153575484345779258e-03 -1.804392800000000074e-02 4.811189915536533829e-02 -4.268783724947991347e-03 9.988328301798923281e-01 1.758543372000000105e+00
9.987541220487081706e-01 -9.213163059898157523e-03 -4.904407525018573272e-02 -9.180548800000000453e-02 9.423890130956688940e-03 9.999473227588170365e-01 4.067186038761868259e-03 -1.910437300000000088e-02 4.900402009543513432e-02 -4.524304798084495018e-03 9.987883342733735459e-01 1.815959214999999904e+00
9.986314715830512112e-01 -1.101669087857792134e-02 -5.112549741523776670e-02 -9.375556599999999852e-02 1.103307673343346604e-02 9.999391330236404585e-01 3.828478120877353442e-05 -1.949976800000000066e-02 5.112196378919528494e-02 -6.023039234150252136e-04 9.986922359006903394e-01 1.871635675000000054e+00
9.985526934200491533e-01 -1.146596682275519141e-02 -5.254569505092319265e-02 -9.692825400000000535e-02 1.129977830664526811e-02 9.999301736105697946e-01 -3.458744476867769372e-03 -2.014112499999999931e-02 5.258168382417784809e-02 2.859983908184011037e-03 9.986125309739803946e-01 1.929803133000000059e+00
9.984745813272968284e-01 -1.016994962516292594e-02 -5.426861494363965227e-02 -1.008130389999999932e-01 9.970690679592473377e-03 9.999425244516795264e-01 -3.941208009525921582e-03 -2.102166999999999925e-02 5.430557771215833301e-02 3.394100444022242306e-03 9.985185948751904572e-01 1.986180663000000068e+00
9.984157102422337449e-01 -1.027393083782245087e-02 -5.532192952740931646e-02 -1.036714390000000041e-01 1.014009250201685503e-02 9.999449442918486586e-01 -2.699427573067176948e-03 -2.159213100000000052e-02 5.534661747159029532e-02 2.134181414813346618e-03 9.984649203673316986e-01 2.045772314000000147e+00
9.984002977155475023e-01 -7.268677828278186787e-03 -5.607148869198042701e-02 -1.079151329999999964e-01 7.298695785861805327e-03 9.999733095215109779e-01 3.305819442836116832e-04 -2.262900799999999907e-02 5.606758922346880697e-02 -7.393018498152977101e-04 9.984267018021119044e-01 2.103924989999999884e+00
9.983248180403361260e-01 -7.027240047442311933e-03 -5.742974474995843348e-02 -1.106666550000000027e-01 7.154951947009377707e-03 9.999723658379346958e-01 2.018470490130468403e-03 -2.366321500000000133e-02 5.741397345042181799e-02 -2.425996248794254437e-03 9.983475097353802230e-01 2.160789013000000036e+00
9.983047537054798859e-01 -5.453002233131306123e-03 -5.794724752468037587e-02 -1.149520579999999959e-01 5.697508066055272796e-03 9.999755470810807179e-01 4.055076044955903056e-03 -2.359669699999999981e-02 5.792371820660639770e-02 -4.378356602494262728e-03 9.983114107644883717e-01 2.218344450000000023e+00
9.982626339059483822e-01 -5.796206693050485852e-03 -5.863546482402845483e-02 -1.174015399999999987e-01 6.242545528734023096e-03 9.999528984777131813e-01 7.431786551157339507e-03 -2.448521600000000062e-02 5.858962683342611166e-02 -7.784909375947609428e-03 9.982517973004246814e-01 2.278138161000000217e+00
9.982710442657262151e-01 3.786510726430903587e-04 -5.877736642604498157e-02 -1.217033190000000042e-01 1.790876475756446394e-04 9.999550150664335835e-01 9.483447216226036092e-03 -2.467304700000000003e-02 5.877831324758187731e-02 -9.477577056064792616e-03 9.982260692973888849e-01 2.335381985000000160e+00
9.982402175688199764e-01 9.574674772241871827e-05 -5.929973744221178622e-02 -1.250430349999999968e-01 4.240350545380074262e-04 9.999616046135387792e-01 8.752684901744573268e-03 -2.474217999999999903e-02 5.929829864698882291e-02 -8.762427248029227081e-03 9.982018491499078383e-01 2.394061327000000183e+00
9.982311947019647524e-01 -9.672792925050210521e-05 -5.945143032422226664e-02 -1.280851809999999924e-01 5.489416614723274888e-04 9.999710436869722052e-01 7.590154849530138942e-03 -2.527478699999999995e-02 5.944897465003456255e-02 -7.609364710358466899e-03 9.982023427050069619e-01 2.450694084000000217e+00
9.982571010560820080e-01 2.536277663451730162e-03 -5.896038913305426399e-02 -1.323130580000000112e-01 -2.246534411432440752e-03 9.999850763867930148e-01 4.979968557924700778e-03 -2.548850500000000158e-02 5.897213981403046090e-02 -4.838832432885496054e-03 9.982479012882726765e-01 2.509099482999999964e+00
9.981581022981533824e-01 2.380567938596019582e-03 -6.061959842195340648e-02 -1.352151329999999874e-01 -2.082317823188426474e-03 9.999854180932424841e-01 4.982725495778606017e-03 -2.605405100000000168e-02 6.063057618918361175e-02 -4.847318554910440280e-03 9.981485043488241837e-01 2.566066264999999902e+00
9.981283187051195327e-01 2.307972338787636656e-04 -6.115395434089437865e-02 -1.391768310000000008e-01 1.440742494173504373e-04 9.999812286759202085e-01 6.125482708126920618e-03 -2.618415099999999926e-02 6.115422014466390110e-02 -6.122828466790572639e-03 9.981095492630376320e-01 2.623893261000000088e+00
9.980409410793020797e-01 9.551242128230780747e-04 -6.255691542330961419e-02 -1.427299230000000085e-01 -5.323621822728417680e-04 9.999769120691297530e-01 6.774357474677443133e-03 -2.649363700000000044e-02 6.256194146642125864e-02 -6.727783173223669116e-03 9.980184068510591366e-01 2.681301593999999788e+00
9.980358397665172188e-01 3.087969299768388368e-03 -6.256937739139331600e-02 -1.463531849999999968e-01 -2.850885529522604635e-03 9.999884164966574840e-01 3.878056756303210548e-03 -2.751174400000000117e-02 6.258062793900737164e-02 -3.692061498842927857e-03 9.980330824620236019e-01 2.737662315000000124e+00
9.979721919147419573e-01 3.784885869401615789e-03 -6.353879762665527731e-02 -1.501425799999999977e-01 -3.809072973313900982e-03 9.999927117754554562e-01 -2.595362306767298776e-04 -2.812591799999999975e-02 6.353735222661878457e-02 5.010338578063002878e-04 9.979793353757901997e-01 2.793181181000000013e+00
9.979355600323913666e-01 4.761069081944174254e-03 -6.404646941115650638e-02 -1.536269490000000126e-01 -4.879695048658081770e-03 9.999866561804727771e-01 -1.695888330315700569e-03 -2.848827699999999935e-02 6.403754054513143001e-02 2.004914510335647441e-03 9.979454763256040417e-01 2.850192069999999855e+00
9.979003396047203545e-01 3.309077973984997801e-03 -6.468355447674245529e-02 -1.572680180000000094e-01 -3.201035501887365946e-03 9.999933033236051427e-01 1.773888288432387723e-03 -2.925572499999999979e-02 6.468899124657362387e-02 -1.563109371179197647e-03 9.979042494651449990e-01 2.906718730999999778e+00
9.979345663932073229e-01 1.424536867662436809e-03 -6.422282999303152717e-02 -1.608306320000000011e-01 -1.120880628022537066e-03 9.999880241367554712e-01 4.763948959158349587e-03 -2.970566999999999999e-02 6.422884729013034200e-02 -4.682123212861085369e-03 9.979242120010921591e-01 2.962979793999999778e+00
9.979091425618242805e-01 -3.358801578924517067e-04 -6.463149678016426314e-02 -1.642592549999999929e-01 6.881322755721175789e-04 9.999850316510207060e-01 5.427978249637623910e-03 -3.043727599999999922e-02 6.462870620317388848e-02 -5.461104139893078503e-03 9.978944366395060550e-01 3.018034220000000101e+00
9.978989965761796421e-01 -3.779412605999131741e-03 -6.467850239923243760e-02 -1.676632170000000033e-01 4.074662189151407807e-03 9.999818700900581225e-01 4.433578603631070127e-03 -3.094866500000000020e-02 6.466057346094451763e-02 -4.687806687982155711e-03 9.978963045868833870e-01 3.073964596000000160e+00
9.978401688705110795e-01 -6.568169322753081643e-03 -6.535944109474664532e-02 -1.709448100000000026e-01 6.798574168989133387e-03 9.999714330441905608e-01 3.303405033704839844e-03 -3.173568799999999801e-02 6.533587665087814411e-02 -3.740621244606045018e-03 9.978563178007973100e-01 3.128918886000000121e+00
9.977662232752091409e-01 -8.382072865292435754e-03 -6.627446375193381256e-02 -1.742286680000000032e-01 8.698455337044590924e-03 9.999521020577668562e-01 4.486698675277492679e-03 -3.208471100000000187e-02 6.623368150627671758e-02 -5.053161855138285294e-03 9.977913434127352321e-01 3.183306217000000160e+00
9.976463203829214477e-01 -1.193953141901787571e-02 -6.752234456764426296e-02 -1.775039429999999974e-01 1.255586531222081456e-02 9.998832290341647111e-01 8.710829034808813612e-03 -3.245110400000000145e-02 6.741045670130683953e-02 -9.538127998018433931e-03 9.976797354069164570e-01 3.237625360000000008e+00
9.975970632398453164e-01 -1.267319551168661837e-02 -6.811379838739484160e-02 -1.810249389999999958e-01 1.364650933567883653e-02 9.998110506786047624e-01 1.384325553819152482e-02 -3.282358900000000024e-02 6.792549004745815355e-02 -1.473950665616071895e-02 9.975815128325833392e-01 3.293074131000000015e+00
9.975844420414524683e-01 -1.060682587349610212e-02 -6.864966308535964956e-02 -1.850995420000000058e-01 1.172442532115759370e-02 9.998048869697598873e-01 1.589735331035767654e-02 -3.277160600000000173e-02 6.846764818315768941e-02 -1.666383018021592652e-02 9.975141592558935955e-01 3.346977711000000077e+00
9.974657703584176582e-01 -9.822540671458193998e-03 -7.046669183412840320e-02 -1.880795809999999957e-01 1.072867960539057759e-02 9.998644113821044677e-01 1.249216896469786120e-02 -3.339666499999999899e-02 7.033443251504448157e-02 -1.321652549936002535e-02 9.974359082449916203e-01 3.401322841999999902e+00
9.973898938346419385e-01 -8.122495901792438008e-03 -7.174555551981666446e-02 -1.921879200000000121e-01 8.488623381903591045e-03 9.999524519234658237e-01 4.799704712695654352e-03 -3.365528999999999743e-02 7.170315857479313271e-02 -5.396197973966327874e-03 9.974114186722667919e-01 3.454132795000000034e+00
9.973243331866670225e-01 -6.846339085177458733e-03 -7.278256710848264588e-02 -1.957939860000000032e-01 6.829571244810594965e-03 9.999765633634063455e-01 -4.792499594411127719e-04 -3.357477500000000115e-02 7.278414243763585423e-02 -1.910608121824541612e-05 9.973477168192523834e-01 3.507509708000000170e+00
9.972627066525263650e-01 -2.226449071000969563e-03 -7.390627067178634491e-02 -2.000782190000000016e-01 2.240958335194429430e-03 9.999974826203239520e-01 1.133964492055864614e-04 -3.381901600000000035e-02 7.390583215022364372e-02 -2.787069231446240953e-04 9.972651855432606016e-01 3.560045480999999956e+00
9.971968216158407783e-01 4.226031037747719440e-04 -7.482192436633554322e-02 -2.040808199999999961e-01 -2.156485109928439376e-04 9.999961291489802839e-01 2.774019245704537843e-03 -3.512471899999999869e-02 7.482280705095649409e-02 -2.750107938338517462e-03 9.971930527492370855e-01 3.611886263000000152e+00
9.971117633699544403e-01 2.742233277673184529e-03 -7.589869238604181334e-02 -2.083067740000000001e-01 -2.414674912274946458e-03 9.999873730509436509e-01 4.407162776774540582e-03 -3.593149400000000132e-02 7.590981948554618997e-02 -4.211163179429037139e-03 9.971057944924139882e-01 3.663022279999999853e+00
9.970320535554604291e-01 3.985007847375774195e-03 -7.688435403538064483e-02 -2.123867869999999936e-01 -3.671156633938309904e-03 9.999843442078991673e-01 4.223025937276090117e-03 -3.669780899999999790e-02 7.689997914141778745e-02 -3.928237716097304072e-03 9.970310738169073650e-01 3.713081121000000095e+00
9.968953425774143007e-01 5.577848574648707793e-03 -7.854020341670918393e-02 -2.167060969999999864e-01 -5.208351111487261216e-03 9.999743888899275124e-01 4.908629433512847438e-03 -3.684728599999999993e-02 7.856557150660355149e-02 -4.484324864945516721e-03 9.968988623748882283e-01 3.761490821999999845e+00
9.967784973925336578e-01 6.449668247805924633e-03 -7.994391105879276871e-02 -2.203162760000000053e-01 -5.994618683387406728e-03 9.999644444043698233e-01 5.930807187966587353e-03 -3.824900800000000101e-02 7.997932034422215730e-02 -5.432467814290071854e-03 9.967817196411273839e-01 3.810527802000000186e+00
9.966368400160394714e-01 6.168553426307962252e-03 -8.171265551596172683e-02 -2.241481100000000115e-01 -5.672483425522368942e-03 9.999640553319188996e-01 6.301664536479961373e-03 -3.860462499999999658e-02 8.174859053604911774e-02 -5.816957346408815899e-03 9.966360072526978531e-01 3.858133077999999827e+00
9.965519358389939297e-01 5.763436837734628448e-03 -8.277090051081384403e-02 -2.282019849999999961e-01 -5.182884026040552108e-03 9.999604523932619227e-01 7.227126858952627290e-03 -3.887970699999999946e-02 8.280928020896097252e-02 -6.773215283764740836e-03 9.965423958196627519e-01 3.906639575999999892e+00
9.964196814771580923e-01 8.424031762246018268e-03 -8.412403969037238194e-02 -2.322748299999999877e-01 -7.631467361759614737e-03 9.999234581476552641e-01 9.738508712351346200e-03 -3.891568299999999953e-02 8.419963818725753613e-02 -9.061651885987209373e-03 9.964077013924731441e-01 3.952254534000000152e+00
9.962664554871540901e-01 1.009530436139888243e-02 -8.573934045065449705e-02 -2.356931569999999865e-01 -8.905537728396622360e-03 9.998588368640952684e-01 1.424772762747750394e-02 -3.976892299999999769e-02 8.587107236334377836e-02 -1.343097817098226447e-02 9.962157235039708070e-01 3.997993231000000147e+00
9.960921003748653968e-01 1.368119391851126479e-02 -8.725452712468892424e-02 -2.403891979999999984e-01 -1.233382986243501331e-02 9.997965207212349270e-01 1.596226157653270541e-02 -3.993102199999999657e-02 8.745515543244716805e-02 -1.482370016821833898e-02 9.960581577908035333e-01 4.042132377999999804e+00
9.959296719509724838e-01 1.591881765220225578e-02 -8.871685168097549756e-02 -2.442405519999999997e-01 -1.493062795647744079e-02 9.998190052127046146e-01 1.179123251839904810e-02 -4.020086999999999966e-02 8.888849687363110930e-02 -1.041864002802816644e-02 9.959870918157086583e-01 4.086153984000000072e+00
9.957974004634073673e-01 1.593500252512754928e-02 -9.018654514307881953e-02 -2.479160280000000105e-01 -1.557171245138196797e-02 9.998675636197817962e-01 4.730432577805178396e-03 -4.083057100000000300e-02 9.024998061856794040e-02 -3.306193516094209275e-03 9.959136559374925923e-01 4.126801013999999768e+00
9.956739624368009522e-01 1.525608807066147939e-02 -9.165485422049474140e-02 -2.518687840000000122e-01 -1.544736377241234977e-02 9.998797330391012705e-01 -1.377828051121794727e-03 -4.099670799999999976e-02 9.162281090363189051e-02 2.787693389868418740e-03 9.957898820974641074e-01 4.169353007999999861e+00
9.956181057994207828e-01 1.597221827822409984e-02 -9.213835058023364666e-02 -2.557280359999999919e-01 -1.627056802471193303e-02 9.998645306711987368e-01 -2.487754372271283251e-03 -4.156302299999999755e-02 9.208613370386717345e-02 3.975996596615410592e-03 9.957431071468871853e-01 4.208786010999999938e+00
9.954729664414226908e-01 1.879630008748609665e-02 -9.316797833663205408e-02 -2.595793599999999812e-01 -1.875132771125950087e-02 9.998232559198262370e-01 1.358171911990063577e-03 -4.256779299999999960e-02 9.317704005482745078e-02 3.949998718195460706e-04 9.956494780703308844e-01 4.248737811999999892e+00
9.953229959635573332e-01 1.922043432929944340e-02 -9.467158290807992094e-02 -2.629578710000000097e-01 -1.894751815132042494e-02 9.998133306672272180e-01 3.780922640207738314e-03 -4.366158700000000170e-02 9.472658160217620193e-02 -1.969447714192928793e-03 9.955013792123380556e-01 4.285758494999999613e+00
9.952746194878263619e-01 1.586836231213920728e-02 -9.579471217605385613e-02 -2.663798330000000103e-01 -1.587687620129991928e-02 9.998737277054726702e-01 6.733843262351229706e-04 -4.453366200000000164e-02 9.579330146440782900e-02 8.507184568956371916e-04 9.954008839018860799e-01 4.323308467999999571e+00
9.953511342382450611e-01 8.142546015613602930e-03 -9.596779936532259803e-02 -2.688592080000000162e-01 -8.635524344538148336e-03 9.999515607275807350e-01 -4.722702380032157282e-03 -4.489046000000000008e-02 9.592469593349819967e-02 5.529479438345662190e-03 9.953732353078451611e-01 4.358157635000000418e+00
9.954731889516645893e-01 3.969846806848190655e-03 -9.495983569243113265e-02 -2.719590370000000146e-01 -4.867639926701509794e-03 9.999456041930402383e-01 -9.224680837818622497e-03 -4.601326599999999711e-02 9.491804970577166767e-02 9.645152738334109715e-03 9.954383631690647549e-01 4.393229961000000294e+00
9.957876747301898090e-01 6.493938175175377990e-03 -9.145892860961594983e-02 -2.756769960000000075e-01 -7.408850938055541908e-03 9.999258207160977019e-01 -9.667574308804154082e-03 -4.637873199999999890e-02 9.138936362191991958e-02 1.030445691026831909e-02 9.957619205335003221e-01 4.426425934000000062e+00
9.960976387722813019e-01 1.138847333810171121e-02 -8.752026455234794555e-02 -2.789553399999999961e-01 -1.199970112097510123e-02 9.999071277620671383e-01 -6.460884120637195617e-03 -4.738827000000000317e-02 8.743855674296606428e-02 7.485888433604885074e-03 9.961417872316503663e-01 4.459944248000000222e+00
9.965407847436014155e-01 9.726907820684263517e-03 -8.253394215021460367e-02 -2.817537489999999978e-01 -1.002219113014731627e-02 9.999447703243976582e-01 -3.164172220095223548e-03 -4.824746399999999685e-02 8.249860621584982623e-02 3.980397610231570238e-03 9.965832310486196777e-01 4.491411208999999793e+00
9.969910033433897478e-01 6.031831894820638244e-03 -7.728231528838745701e-02 -2.832010979999999845e-01 -5.989678252164730952e-03 9.999817596635237615e-01 7.772352785157501031e-04 -4.860693199999999853e-02 7.728559378549566816e-02 -3.120003770015043363e-04 9.970089466243460263e-01 4.523735523000000036e+00
9.976240670999420024e-01 1.406488377380733009e-03 -6.887846204304194642e-02 -2.849693600000000049e-01 -1.128759167412834909e-03 9.999910767281522395e-01 4.070917195518016125e-03 -4.907358099999999806e-02 6.888357311952146567e-02 -3.983497773951392464e-03 9.976167526158392640e-01 4.553341388999999850e+00
9.982640898269753427e-01 5.036972925333705296e-03 -5.868079639601053027e-02 -2.858540709999999874e-01 -4.810147985378079340e-03 9.999804069623701164e-01 4.006016441745384460e-03 -4.976052000000000253e-02 5.869982485731409932e-02 -3.716799042486203589e-03 9.982687593862679121e-01 4.584671497000000429e+00
9.989821008890471532e-01 1.021238040857782442e-02 -4.393710720673554837e-02 -2.868264019999999803e-01 -1.007436142600232065e-02 9.999436019505838491e-01 3.361571053928371147e-03 -4.994700500000000265e-02 4.396895888196528102e-02 -2.915511015727506941e-03 9.990286434584112474e-01 4.613055705999999923e+00
9.995565856807756555e-01 1.537305477540813932e-02 -2.550100407949733999e-02 -2.877232129999999777e-01 -1.527399274170171926e-02 9.998750424055070640e-01 4.074888993826714968e-03 -5.038659999999999667e-02 2.556046102707621587e-02 -3.683579978481253681e-03 9.996664914213266862e-01 4.642376422999999974e+00
9.998964993375797361e-01 1.402998900881266900e-02 -3.185909739174163941e-03 -2.871426939999999761e-01 -1.401461580368500506e-02 9.998902812905452464e-01 4.797491489248489026e-03 -5.086716599999999838e-02 3.252868938133171312e-03 -4.752345644721651767e-03 9.999834168897724362e-01 4.669705868000000315e+00
9.996860628708577057e-01 1.029805865855251863e-02 2.284131540932968565e-02 -2.849819060000000071e-01 -1.042542173675521135e-02 9.999307255792171389e-01 5.463938527390600590e-03 -5.094031200000000148e-02 -2.278346513097299561e-02 -5.700353540380008986e-03 9.997241718024729717e-01 4.697150706999999592e+00
9.985583954103840476e-01 9.261530850892141925e-03 5.287111689511660856e-02 -2.828678789999999887e-01 -9.658080753719426592e-03 9.999270786757004092e-01 7.249745322023488751e-03 -5.144478400000000035e-02 -5.280011772329438330e-02 -7.749927572406088878e-03 9.985750278226612764e-01 4.722958088000000387e+00
9.963209801349499628e-01 8.839604644615807819e-03 8.524298172083989711e-02 -2.788240020000000152e-01 -9.623230912837970122e-03 9.999150933336259373e-01 8.786327469668998164e-03 -5.189798799999999906e-02 -8.515807636232018696e-02 -9.574315293165720775e-03 9.963214513985615417e-01 4.749461174000000341e+00
9.923717995040128859e-01 8.598814190162061208e-03 1.229807787570496719e-01 -2.743386629999999826e-01 -9.800914824693125402e-03 9.999098943084148150e-01 9.173076514113070318e-03 -5.208392099999999830e-02 -1.228908199084310787e-01 -1.030842658497065772e-02 9.923666574021801079e-01 4.774649619999999928e+00
9.864151136200877135e-01 8.943265158059453268e-03 1.640281732818543725e-01 -2.687016429999999900e-01 -1.057728024663139380e-02 9.999027319404538705e-01 9.091083576834871338e-03 -5.223085000000000228e-02 -1.639309146087266633e-01 -1.070255419651847464e-02 9.864137623579757319e-01 4.799376010999999664e+00
9.777865482703490541e-01 8.769365368913503364e-03 2.094195889896235674e-01 -2.623025769999999812e-01 -1.082788597068424889e-02 9.999036578784367135e-01 8.685150932949796398e-03 -5.228922899999999957e-02 -2.093232498003081699e-01 -1.075979518154318929e-02 9.777872999281025379e-01 4.823106289000000046e+00
9.660876329889089842e-01 1.055328466139373797e-02 2.579986697034361010e-01 -2.543639240000000190e-01 -1.274835216870767729e-02 9.998953644362111870e-01 6.836643617968872141e-03 -5.290551500000000018e-02 -2.578995248209460245e-01 -9.893854750909774134e-03 9.661210828541617612e-01 4.846374511999999690e+00
9.503066824796825296e-01 1.142562363461756617e-02 3.111055517971673123e-01 -2.457143069999999929e-01 -1.353078492261181043e-02 9.998978314766708841e-01 4.609172119710441134e-03 -5.385611199999999765e-02 -3.110211039364337293e-01 -8.589629375657813551e-03 9.503641887052304282e-01 4.867975711999999788e+00
9.306447311017134183e-01 1.179217813900212269e-02 3.657339593302180725e-01 -2.342308310000000005e-01 -1.335205535581764080e-02 9.999093503682034978e-01 1.735990786956434235e-03 -5.364840500000000317e-02 -3.656803345688618978e-01 -6.498890749601552927e-03 9.307178183147832851e-01 4.889605998999999592e+00
9.060979021621149432e-01 1.191150099136385407e-02 4.229003521416683786e-01 -2.230342029999999864e-01 -1.338332639715346384e-02 9.999103086207998814e-01 5.111637739369768139e-04 -5.433525100000000108e-02 -4.228563328980206593e-01 -6.122977869408650908e-03 9.061760484972272156e-01 4.909320830999999608e+00
8.764969606706503047e-01 1.306751597989440523e-02 4.812300052586369614e-01 -2.109453679999999942e-01 -1.356348228457068296e-02 9.999050157585869236e-01 -2.447735511904363878e-03 -5.398030599999999873e-02 -4.812162818145586107e-01 -4.381721914419585938e-03 8.765909482932368046e-01 4.928118228999999850e+00
8.432217062529543394e-01 1.123537938040141196e-02 5.374485280973748669e-01 -1.957994700000000032e-01 -1.063986632724071499e-02 9.999345307114935189e-01 -4.210407975920661336e-03 -5.469318100000000044e-02 -5.374606472555871761e-01 -2.168073099251475924e-03 8.432860440625360443e-01 4.946890831000000155e+00
8.062309582837318134e-01 1.161190038615766799e-02 5.914869446355662808e-01 -1.807517409999999936e-01 -1.014422591377461651e-02 9.999317064299203528e-01 -5.803202284761492524e-03 -5.504202099999999653e-02 -5.915139360873130636e-01 -1.321455852273882570e-03 8.062936916340872617e-01 4.963236808999999639e+00
7.669461333187748142e-01 9.571970965825672001e-03 6.416400906732757647e-01 -1.635712980000000039e-01 -8.062882647018383697e-03 9.999535557524653617e-01 -5.279797479219515768e-03 -5.531363200000000147e-02 -6.416608282502529459e-01 -1.124148491327236002e-03 7.669876907613112360e-01 4.978805065000000418e+00
7.236165777491594397e-01 9.123852538619236022e-03 6.901418721693735048e-01 -1.471398469999999903e-01 -9.812166689834598068e-03 9.999475625703073689e-01 -2.931466280232149745e-03 -5.594113099999999811e-02 -6.901324291695365432e-01 -4.650529491871770345e-03 7.236681579177017820e-01 4.993368625999999644e+00
6.801412825106026849e-01 8.452524220623144208e-03 7.330323257941168125e-01 -1.278760429999999948e-01 -7.994697329672291464e-03 9.999595849063673825e-01 -4.112586593929618700e-03 -5.546194299999999966e-02 -7.330374619618286181e-01 -3.063231657158494749e-03 6.801813699098021582e-01 5.005931376999999571e+00
6.341062389266760579e-01 7.620022966280500659e-03 7.732083891191680047e-01 -1.092054840000000054e-01 -4.482094154269590860e-03 9.999708647916408788e-01 -6.179029037808594742e-03 -5.554705100000000006e-02 -7.732329458748233852e-01 4.525680624802965249e-04 6.341219177696756359e-01 5.017430305000000423e+00
5.874535122150670308e-01 4.426773168017815105e-03 8.092458060845920675e-01 -8.940291399999999999e-02 9.116434471663193394e-04 9.999807840038147377e-01 -6.131927049577441668e-03 -5.655545700000000342e-02 -8.092574002704006064e-01 4.339965718184686516e-03 5.874381880718665405e-01 5.028090477000000114e+00
5.417044032252320562e-01 6.149736055037856482e-03 8.405465604431728854e-01 -6.952524200000000099e-02 -1.106224613110611162e-03 9.999775863296894718e-01 -6.603264749637290792e-03 -5.738753099999999857e-02 -8.405683290449982303e-01 2.647184296912775524e-03 5.416990646307205948e-01 5.037640571999999928e+00
4.937757373646998738e-01 9.566623893873162782e-03 8.695366587425857885e-01 -4.961442900000000156e-02 -5.146006597408605936e-03 9.999541210434608196e-01 -8.079258895411309954e-03 -5.767663600000000335e-02 -8.695740565392037213e-01 -4.852993641359529611e-04 4.938023133587780000e-01 5.047510624000000057e+00
4.484530239067604507e-01 1.172494825899087455e-02 8.937294953939959319e-01 -2.900624300000000100e-02 -6.179319626269304602e-03 9.999307297092969726e-01 -1.001757415691282606e-02 -5.824686600000000131e-02 -8.937850420307106303e-01 -1.030228788586107225e-03 4.484944116383214885e-01 5.055618763000000015e+00
4.060872627180334149e-01 9.222226245071516934e-03 9.137877683583095489e-01 -8.364916000000000018e-03 1.007450643373779611e-03 9.999439509277845417e-01 -1.053945188962248508e-02 -5.865968800000000150e-02 -9.138337486115164499e-01 5.200533243544868539e-03 4.060552109659556486e-01 5.062206745000000119e+00
3.674619789528614233e-01 1.390846611369970544e-03 9.300375043888017279e-01 1.421141599999999929e-02 1.690485048362683554e-02 9.998236871290994143e-01 -8.174392069084207915e-03 -5.881012199999999940e-02 -9.298848961318669781e-01 1.872592324230038657e-02 3.673736786223945616e-01 5.067335128999999938e+00
3.325008885658529145e-01 -2.158413025995410336e-03 9.431004720368489913e-01 3.631949400000000078e-02 2.111170668380411841e-02 9.997638326103728268e-01 -5.155079545004449468e-03 -5.905480700000000083e-02 -9.428666156693719103e-01 2.162452906834079480e-02 3.324679304816589021e-01 5.072702884999999995e+00
2.987877524750104929e-01 6.794488286261113341e-04 9.543193476610547510e-01 5.820393599999999779e-02 1.906011168489763624e-02 9.997960283741965659e-01 -6.679355488516273975e-03 -5.992077299999999662e-02 -9.541292318724392540e-01 2.018514296387376172e-02 2.987138578808101741e-01 5.078694819999999943e+00
2.678759520463515620e-01 8.378391887184080331e-03 9.634169797469036567e-01 8.028006599999999715e-02 8.054725165514793270e-03 9.999077656847610296e-01 -1.093533382284505619e-02 -6.077235200000000170e-02 -9.634197401536721550e-01 1.068937195039092701e-02 2.677837590473652885e-01 5.084724426000000186e+00
2.394772409557902881e-01 1.272872506919591612e-02 9.708185364023057540e-01 1.028661730000000052e-01 3.621106659513365598e-03 9.998953935159629047e-01 -1.400320006705504765e-02 -6.159397199999999684e-02 -9.708952253723172054e-01 6.868885183955687410e-03 2.394060980124917970e-01 5.089908122999999840e+00
2.137908896172931728e-01 1.432370629560199976e-02 9.767744299246390316e-01 1.262316699999999903e-01 4.198679467636524422e-03 9.998697875733857376e-01 -1.558136671414017335e-02 -6.261999199999999932e-02 -9.768704246763610932e-01 7.432316994706260511e-03 2.137029107352442781e-01 5.093866347999999711e+00
1.907051882141924948e-01 1.572689951346864859e-02 9.815213679894506660e-01 1.503739360000000136e-01 1.197250809252202973e-02 9.997600249503498793e-01 -1.834534167711665206e-02 -6.316673800000000005e-02 -9.815743426955311213e-01 1.524982435862519067e-02 1.904711332954869274e-01 5.096913338000000238e+00
1.706726461562618757e-01 2.178725045812540673e-02 9.850868812300234145e-01 1.751024720000000090e-01 1.897983237380106852e-02 9.994973202449903837e-01 -2.539434555458302406e-02 -6.324824699999999356e-02 -9.851449709647214226e-01 2.303090403258351709e-02 1.701733341107239950e-01 5.099578380999999716e+00
1.511756213788853775e-01 2.854103609307609424e-02 9.880948035282043351e-01 2.002749440000000103e-01 2.054576191094494714e-02 9.992764353702976443e-01 -3.200745821101876748e-02 -6.337286500000000045e-02 -9.882933790976270449e-01 2.513990796254188254e-02 1.504798387141222937e-01 5.102432250999999752e+00
1.333877665934354861e-01 2.938720061418582594e-02 9.906281321279324370e-01 2.268242839999999871e-01 1.824014995731800329e-02 9.993181781792632723e-01 -3.210102319261203679e-02 -6.409265100000000048e-02 -9.908960594596940563e-01 2.235108947097791399e-02 1.327607929575241874e-01 5.105974197000000103e+00
1.183540620645814057e-01 2.482811513053596875e-02 9.926610099585245761e-01 2.541260719999999806e-01 1.678023643456293817e-02 9.994945914938780929e-01 -2.699972665946903314e-02 -6.534065299999999854e-02 -9.928296629623901692e-01 1.985261377125761492e-02 1.178776232727649642e-01 5.108888149000000212e+00
1.036274276029068020e-01 2.170207623943166964e-02 9.943793924530528461e-01 2.828488350000000207e-01 1.709550700299765358e-02 9.995753711840709155e-01 -2.359705410718360152e-02 -6.656447100000000006e-02 -9.944692553763112564e-01 1.944472188345176128e-02 1.032124164146952516e-01 5.111656188999999628e+00
9.046990240731946076e-02 1.941230427426884550e-02 9.957099774538635817e-01 3.118662830000000219e-01 1.916860703931358087e-02 9.995908501827633907e-01 -2.122961928704114598e-02 -6.739147800000000466e-02 -9.957146987277945005e-01 2.100701486798005335e-02 9.006077983092308781e-02 5.113523482999999814e+00
7.868022199078116008e-02 1.841831091986260299e-02 9.967297469677225408e-01 3.423600199999999871e-01 2.278530586930964386e-02 9.995348950063750459e-01 -2.026878143936742052e-02 -6.838449800000000189e-02 -9.966394797036302045e-01 2.430554437683122085e-02 7.822396057872860187e-02 5.115404128999999855e+00
