9.998545762656531055e-01 -8.383424445679247411e-03 1.485074123385460992e-02 1.609191100000000041e-02 8.229829680639472872e-03 9.999123246848204971e-01 1.037366120643313204e-02 5.101902000000000173e-03 -1.493640599538548913e-02 -1.024993355889577094e-02 9.998359078558737290e-01 -9.917709000000000247e-03
9.998545762656531055e-01 -8.383424445679247411e-03 1.485074123385460992e-02 1.609191100000000041e-02 8.229829680639472872e-03 9.999123246848204971e-01 1.037366120643313204e-02 5.101902000000000173e-03 -1.493640599538548913e-02 -1.024993355889577094e-02 9.998359078558737290e-01 -9.917709000000000247e-03
9.998545762656531055e-01 -8.383424445679247411e-03 1.485074123385460992e-02 1.609191100000000041e-02 8.229829680639472872e-03 9.999123246848204971e-01 1.037366120643313204e-02 5.101902000000000173e-03 -1.493640599538548913e-02 -1.024993355889577094e-02 9.998359078558737290e-01 -9.917709000000000247e-03
9.998545762656531055e-01 -8.383424445679247411e-03 1.485074123385460992e-02 1.609191100000000041e-02 8.229829680639472872e-03 9.999123246848204971e-01 1.037366120643313204e-02 5.101902000000000173e-03 -1.493640599538548913e-02 -1.024993355889577094e-02 9.998359078558737290e-01 -9.917709000000000247e-03
9.997873031861084225e-01 -9.826286066125676164e-03 1.813263604650532795e-02 2.039975700000000100e-02 9.619638205953994978e-03 9.998881885845332107e-01 1.144870691071151088e-02 7.138476999999999843e-03 -1.824310687999470409e-02 -1.127184240874080402e-02 9.997700408694378815e-01 -1.261558500000000034e-02
9.996961837018460972e-01 -9.648349301634181682e-03 2.268148248502796852e-02 2.168923099999999979e-02 9.370289501768094484e-03 9.998800301844429361e-01 1.233381177943985822e-02 8.454249000000000486e-03 -2.279776231602632583e-02 -1.211753250918890489e-02 9.996666581612446700e-01 -1.479556100000000048e-02
9.996815207551428273e-01 -1.098226614625562141e-02 2.272106711793811171e-02 2.715572499999999861e-02 1.074129944084817843e-02 9.998850560112154673e-01 1.070043231699536329e-02 1.103583300000000010e-02 -2.283597046343937079e-02 -1.045297066586201723e-02 9.996845771828489768e-01 -1.766556099999999976e-02
9.996733679932060523e-01 -1.109787044019821395e-02 2.302161151641108489e-02 3.115476099999999957e-02 1.090581334274753206e-02 9.999048147101010642e-01 8.451316754899440217e-03 1.343610299999999959e-02 -2.311321181603990388e-02 -8.197486886300510769e-03 9.996992450973921640e-01 -2.027541399999999855e-02
9.996920956010892922e-01 -1.036614313314544560e-02 2.254455741960107243e-02 3.470519600000000066e-02 1.024089907362368997e-02 9.999315204476362240e-01 5.663779784064913551e-03 1.559792100000000070e-02 -2.260172513031697208e-02 -5.431159344161290252e-03 9.997297957594901696e-01 -2.251338599999999981e-02
9.997366310668489575e-01 -9.804289939100433587e-03 2.074956389655288266e-02 3.866007600000000155e-02 9.792030322634578954e-03 9.999518172302022112e-01 6.923584163871977391e-04 1.903335000000000096e-02 -2.075535220774828507e-02 -4.889957118332262506e-04 9.997844648912714849e-01 -2.477056899999999923e-02
9.998180007065518016e-01 -8.741032250329443948e-03 1.695758881303864943e-02 4.423007400000000117e-02 8.841949721084263469e-03 9.999435897057756817e-01 -5.885348881511267942e-03 2.372042300000000090e-02 -1.690518820608663889e-02 6.034215899848846369e-03 9.998388884466290483e-01 -2.679916499999999979e-02
9.998740246760532413e-01 -6.936564295267792953e-03 1.427651406643131241e-02 4.731528100000000070e-02 7.106184050413200289e-03 9.999043597762220514e-01 -1.186479872333589744e-02 2.677391100000000093e-02 -1.419284771823639893e-02 1.196475558802753691e-02 9.998276890031431163e-01 -2.863741699999999835e-02
9.999330526126688490e-01 -5.288110642875007948e-03 1.029204442948051731e-02 5.108047999999999755e-02 5.479096496291582623e-03 9.998116611855648594e-01 -1.861777803459850958e-02 2.994404700000000141e-02 -1.019165316786311073e-02 1.867292272757442237e-02 9.997737004755206103e-01 -3.057700600000000032e-02
9.999758137645456957e-01 -3.601122923181691686e-03 5.950109211330949568e-03 5.438513700000000006e-02 3.759830767834230689e-03 9.996315754676745602e-01 -2.688079241042413275e-02 3.392091800000000129e-02 -5.851116007385012696e-03 2.690251366893443158e-02 9.996209377557879749e-01 -3.251910200000000112e-02
9.999986966598285454e-01 -8.225647101702062997e-04 1.389268131702432523e-03 5.733536599999999872e-02 8.719134665664241522e-04 9.993549159188047648e-01 -3.590253188600322359e-02 3.846013499999999946e-02 -1.358839781210972571e-03 3.590369641438386633e-02 9.993543306246452929e-01 -3.367678799999999917e-02
9.999933736216235491e-01 1.611763222927146575e-03 -3.264189356826071101e-03 5.942030599999999912e-02 -1.754618560235898144e-03 9.990191624342458221e-01 -4.424516248004806140e-02 4.133230400000000027e-02 3.189674991605383723e-03 4.425059670208975060e-02 9.990153705849359467e-01 -3.496343600000000051e-02
9.999493891984113647e-01 4.136766112080282609e-03 -9.170943673253679346e-03 6.269109200000000381e-02 -4.633323527262502711e-03 9.984865041133303976e-01 -5.480176472187695685e-02 4.638697199999999854e-02 8.930361404543674109e-03 5.484148310972439960e-02 9.984551368867357057e-01 -3.624208599999999975e-02
9.998670427423843599e-01 6.690632711690047349e-03 -1.487051685437517853e-02 6.493243599999999616e-02 -7.643148262854735156e-03 9.978593285129222501e-01 -6.494877046081760918e-02 5.054707499999999687e-02 1.440413559471771451e-02 6.505379261547490632e-02 9.977777933709046643e-01 -3.746727899999999917e-02
9.997602912902373573e-01 9.223798543509232478e-03 -1.985652284989545407e-02 6.595604900000000270e-02 -1.067625105994450888e-02 9.971765448220107908e-01 -7.433004856813411887e-02 5.313219500000000012e-02 1.911485345391632923e-02 7.452422423121828066e-02 9.970359885080228857e-01 -3.838150199999999790e-02
9.995652942139022779e-01 1.157078084724275091e-02 -2.711714648815310991e-02 6.880826499999999346e-02 -1.386709195782319035e-02 9.961913736028281674e-01 -8.608397597662251211e-02 5.757311700000000004e-02 2.601780858773754257e-02 8.642259073816016546e-02 9.959187765306949380e-01 -3.939044099999999826e-02
9.993379860358216904e-01 1.366684097988740167e-02 -3.371657045872908376e-02 7.092130900000000182e-02 -1.690089060330244794e-02 9.950842237749435437e-01 -9.757944194877002375e-02 6.212047099999999655e-02 3.221722462725762348e-02 9.808468306442472140e-02 9.946564459075647457e-01 -4.013580499999999662e-02
9.990778921327830853e-01 1.634126084834415168e-02 -3.970300549582381211e-02 7.204283000000000214e-02 -2.057690141787666196e-02 9.938579790263267766e-01 -1.087331994091234183e-01 6.590386500000000591e-02 3.768231122893109242e-02 1.094499005006015907e-01 9.932777872784905870e-01 -4.060782100000000228e-02
9.987493134545976092e-01 1.868479731844530436e-02 -4.637550240308593169e-02 7.457094599999999907e-02 -2.420929317771322239e-02 9.922863236394435793e-01 -1.215802699534472703e-01 7.245595000000000507e-02 4.374607408448829421e-02 1.225509292795701616e-01 9.914976302215292581e-01 -4.091170400000000013e-02
9.983828031944935733e-01 2.049940822559750617e-02 -5.302407517256130243e-02 7.642592500000000566e-02 -2.744177139600004547e-02 9.906404931494992017e-01 -1.337099940736167503e-01 7.726056100000000537e-02 4.978682022538495622e-02 1.349488332477063735e-01 9.896009725828526227e-01 -4.150486400000000242e-02
9.980104327716997625e-01 2.219008679473874479e-02 -5.901505000325504152e-02 7.731491299999999900e-02 -3.055756735429957655e-02 9.889741615306565370e-01 -1.449011487260279951e-01 8.066811399999999910e-02 5.514899052777100935e-02 1.464162145145714300e-01 9.876846060210673350e-01 -4.200236100000000194e-02
9.975768545675350873e-01 2.328784385157301601e-02 -6.555986241510695922e-02 7.938162999999999470e-02 -3.340938478485418889e-02 9.869053030084251610e-01 -1.578028387011658762e-01 8.649951999999999641e-02 6.102648801496408232e-02 1.596107741432055416e-01 9.852919204672115905e-01 -4.211889600000000289e-02
9.970973008966297346e-01 2.396376992057498018e-02 -7.226832138530374372e-02 8.125118200000000512e-02 -3.594207696983197503e-02 9.849074827472347193e-01 -1.693086457674271295e-01 8.967515099999999462e-02 6.712033706523291843e-02 1.714146672828763263e-01 9.829099003431344128e-01 -4.277790699999999696e-02
9.966496028056047729e-01 2.519945706281064013e-02 -7.781103129486206804e-02 8.237516899999999809e-02 -3.895435469319967481e-02 9.827710463552318254e-01 -1.806754789568281727e-01 9.407932300000000636e-02 7.191750466935593888e-02 1.831012228511388895e-01 9.804600015872910745e-01 -4.327605999999999814e-02
9.961681602380837441e-01 2.589580728619861327e-02 -8.353684033327900271e-02 8.478085000000000482e-02 -4.168998610426025153e-02 9.802583231910290129e-01 -1.932758776292032854e-01 1.009567380000000042e-01 7.688264814962005034e-02 1.960179251489726493e-01 9.775817262171964117e-01 -4.273908600000000252e-02
9.957792250263158840e-01 2.640414689597874245e-02 -8.790083067119036642e-02 8.602359099999999648e-02 -4.385767950165279927e-02 9.781953775350447078e-01 -2.030032199690474937e-01 1.038721350000000043e-01 8.062405940362968315e-02 2.060015155181309787e-01 9.752246595782497751e-01 -4.356972499999999665e-02
9.953413555840336935e-01 2.675722308843366676e-02 -9.262632928457208148e-02 8.724604499999999430e-02 -4.622814506697048992e-02 9.755296550452848825e-01 -2.149531361271446173e-01 1.101669819999999966e-01 8.460818203817711824e-02 2.182336892870196388e-01 9.722219460557199877e-01 -4.277989599999999781e-02
9.949709274038480711e-01 2.706276713890750502e-02 -9.643889389614455909e-02 8.837301999999999658e-02 -4.831368862951104098e-02 9.730689580512263959e-01 -2.253942997684530714e-01 1.147494609999999970e-01 8.774190055006340916e-02 2.289200941636314879e-01 9.694828257251268955e-01 -4.301001899999999656e-02
9.945830883042332538e-01 2.647559868822620815e-02 -1.005162829262690460e-01 8.981607099999999733e-02 -4.968473393311043790e-02 9.704829385195073987e-01 -2.359963839903866378e-01 1.195976660000000052e-01 9.130119206894177220e-02 2.397121371909273768e-01 9.665413512158432807e-01 -4.235219999999999957e-02
9.942905307152734018e-01 2.556827738011668155e-02 -1.035982804961239623e-01 9.073524900000000393e-02 -5.054638951406154740e-02 9.678886829720791951e-01 -2.462449184890254383e-01 1.235745850000000007e-01 9.397554488819381824e-02 2.500755097293363982e-01 9.636549363732744844e-01 -4.190258300000000019e-02
9.941621650484040451e-01 2.521704731512068587e-02 -1.049080078496246599e-01 9.201045300000000593e-02 -5.137462701388922914e-02 9.656445748124252715e-01 -2.547375175244396828e-01 1.288588049999999929e-01 9.488012060201918285e-02 2.586400117151972933e-01 9.613028175629722005e-01 -4.210365600000000319e-02
9.940294281068035032e-01 2.482153142964284992e-02 -1.062515300367402882e-01 9.317490500000000231e-02 -5.213983764485368572e-02 9.634636318284828249e-01 -2.627151831817831629e-01 1.329720169999999979e-01 9.584849184013993773e-02 2.666865608187949932e-01 9.590053935670089791e-01 -4.193377100000000163e-02
9.939347188285843071e-01 2.462736766700023006e-02 -1.071786707742609784e-01 9.489417799999999570e-02 -5.292173392964610867e-02 9.614450718054635692e-01 -2.698567471434923926e-01 1.368345619999999929e-01 9.640054348924999295e-02 2.738920711937120611e-01 9.569169601131520819e-01 -4.190388700000000077e-02
9.940524690113262674e-01 2.339092487187776140e-02 -1.063604883691514763e-01 9.522952899999999332e-02 -5.233734368964169936e-02 9.590891421732212763e-01 -2.782244055091984136e-01 1.426468489999999922e-01 9.550126338430585393e-02 2.821362826704015281e-01 9.546091486534836745e-01 -4.079670800000000097e-02
9.940323599795479748e-01 2.216794262262699461e-02 -1.068094079815553460e-01 9.745068799999999365e-02 -5.206935837889412749e-02 9.568122542887814719e-01 -2.860054054748449870e-01 1.471205060000000120e-01 9.585639901175461997e-02 2.898601255134968246e-01 9.522566137369691264e-01 -3.994763600000000164e-02
9.942416287210719128e-01 2.130068102534752802e-02 -1.050231627115013749e-01 9.890738899999999834e-02 -5.129870166699794509e-02 9.550617486189522110e-01 -2.919340670976748320e-01 1.515445109999999929e-01 9.408521098105927793e-02 2.956405542424208055e-01 9.506548457573251731e-01 -3.919822399999999679e-02
9.945050164635769185e-01 1.971652492284157662e-02 -1.028155186426032153e-01 1.008066009999999957e-01 -4.971623800481504707e-02 9.532417011274557650e-01 -2.980915210305096208e-01 1.569404299999999919e-01 9.213071098949093818e-02 3.015651138255238672e-01 9.489838851192203828e-01 -3.854503499999999833e-02
9.948548500069442913e-01 1.915005524564008382e-02 -9.948418367634750958e-02 1.021431160000000060e-01 -4.855777077348569920e-02 9.519633828545800425e-01 -3.023373291566456844e-01 1.608170270000000013e-01 8.891552347689313240e-02 3.056124884361782756e-01 9.479952724548138532e-01 -3.832212499999999855e-02
9.952486998037542998e-01 1.772018819642815976e-02 -9.573933606005283203e-02 1.039076750000000049e-01 -4.648333594289365267e-02 9.504797618934279768e-01 -3.072906144200183709e-01 1.658733789999999875e-01 8.555305382367514588e-02 3.102808681844491101e-01 9.467874406751221050e-01 -3.752671600000000163e-02
9.957097437413766627e-01 1.693786605110791238e-02 -9.096820824945839323e-02 1.051842270000000051e-01 -4.457583860698419859e-02 9.493130354703058771e-01 -3.111555162593743207e-01 1.700472379999999895e-01 8.108699544912364998e-02 3.138755635276316847e-01 9.459952588619275904e-01 -3.680894900000000053e-02
9.962041779181152190e-01 1.618286791376811334e-02 -8.552982336341899416e-02 1.075124590000000047e-01 -4.231938819485054487e-02 9.486720929085935561e-01 -3.134171812763976717e-01 1.744884849999999987e-01 7.606776768977555059e-02 3.158470752160202344e-01 9.457559514992120997e-01 -3.711380100000000182e-02
9.966390508414965099e-01 1.477959618989048429e-02 -8.057397764926749195e-02 1.099255979999999994e-01 -3.969050115535686235e-02 9.475500492153327015e-01 -3.171333605126669397e-01 1.790646760000000060e-01 7.166077348031835159e-02 3.192655129644984546e-01 9.449519912544330769e-01 -3.635344299999999917e-02
9.970388365086401139e-01 1.324348358178981631e-02 -7.575070056518305728e-02 1.138428900000000021e-01 -3.699219691532810994e-02 9.461962748826983072e-01 -3.214719066504609368e-01 1.859243809999999997e-01 6.741762277679887172e-02 3.233221606087710032e-01 9.438843385703574729e-01 -3.556854300000000108e-02
9.974817001620003287e-01 1.186747886758941078e-02 -6.992439336349356993e-02 1.163343039999999995e-01 -3.399308841014526961e-02 9.452799411336616497e-01 -3.244846727207328363e-01 1.903106420000000021e-01 6.224731144608024874e-02 3.260444691076178070e-01 9.433028550693919323e-01 -3.478090500000000085e-02
9.979234225687078075e-01 1.101335028190209529e-02 -6.346297191531606596e-02 1.177333589999999958e-01 -3.117933975776249894e-02 9.447418174898308818e-01 -3.263292004376576183e-01 1.927234080000000127e-01 5.636214563894884066e-02 3.276302861482421336e-01 9.431233769435443115e-01 -3.393455599999999767e-02
9.983295405551841917e-01 1.010448034597809415e-02 -5.688609612034044305e-02 1.203445489999999951e-01 -2.830251899407783267e-02 9.438923823017257853e-01 -3.290382015076102618e-01 1.974210889999999941e-01 5.036959274666347186e-02 3.300985763521415151e-01 9.426016306037374726e-01 -3.294075700000000106e-02
9.987137511987794758e-01 8.289384420995299721e-03 -5.002128819196113158e-02 1.229931860000000043e-01 -2.444608868266928692e-02 9.430298235221392655e-01 -3.318088918276933530e-01 2.016727630000000049e-01 4.442107511735097353e-02 3.326049278855077729e-01 9.420194955687991589e-01 -3.229391599999999890e-02
9.990365792329373162e-01 7.115746621043440683e-03 -4.330449750979621648e-02 1.261913630000000008e-01 -2.121404905591964957e-02 9.421211881826401235e-01 -3.346007036752663977e-01 2.065598959999999928e-01 3.841715082100535805e-02 3.351970061431865933e-01 9.413644828627435457e-01 -3.106034499999999962e-02
9.993149745893752378e-01 6.362051950508993206e-03 -3.645690409806482540e-02 1.291818620000000084e-01 -1.827193858639378915e-02 9.414877510092668489e-01 -3.365515576547046250e-01 2.098918559999999878e-01 3.218257015422362061e-02 3.369871495984557153e-01 9.409590549985565877e-01 -3.075727600000000006e-02
9.995433524302971273e-01 5.081426433911884720e-03 -2.978700585489712366e-02 1.330270769999999936e-01 -1.487543205030066734e-02 9.407859387217634151e-01 -3.386746802238502774e-01 2.130261960000000010e-01 2.630224579232392362e-02 3.389631198357825337e-01 9.404319195228717509e-01 -3.034424999999999970e-02
9.997396256900120681e-01 4.102878714451559453e-03 -2.244654119121621341e-02 1.359150110000000022e-01 -1.150561093218530062e-02 9.401370048063582008e-01 -3.406024561138787932e-01 2.158924040000000100e-01 1.970537343649300319e-02 3.407720331541073677e-01 9.399394234086281275e-01 -2.948545299999999827e-02
9.998731440820083360e-01 3.223752550862505218e-03 -1.559817819650900078e-02 1.392614249999999942e-01 -8.381310322955446562e-03 9.392471616146291780e-01 -3.431392181551576881e-01 2.186013310000000098e-01 1.354434866760162101e-02 3.432264220865773874e-01 9.391550318242547490e-01 -2.875731100000000068e-02
9.999607058663331216e-01 1.909712380437530478e-03 -8.656773182250904891e-03 1.428534539999999908e-01 -4.788053587482686210e-03 9.381811447734158538e-01 -3.461115631331701525e-01 2.226183559999999895e-01 7.460647837039958985e-03 3.461394120730360013e-01 9.381534235633235408e-01 -2.801726400000000006e-02
9.999970357491596573e-01 9.332022522885101250e-04 -2.248916728144399919e-03 1.468963919999999868e-01 -1.659329181206476225e-03 9.371352274616256972e-01 -3.489624794689471510e-01 2.256810670000000130e-01 1.781886517767252787e-03 3.489651767497772838e-01 9.371339980474694409e-01 -2.707464600000000082e-02
9.999943637771649962e-01 8.671524249491391854e-06 3.357430372720879557e-03 1.520582590000000012e-01 1.173515040666723869e-03 9.360205824861742574e-01 -3.519433079697527611e-01 2.285327319999999884e-01 -3.145675818060477118e-03 3.519452643338841225e-01 9.360152966894291771e-01 -2.675622299999999912e-02
9.999531167770233653e-01 -4.147442454122951799e-04 9.674307992188539707e-03 1.558033819999999903e-01 3.825182535481773394e-03 9.347428345331594279e-01 -3.553043783398748268e-01 2.310895769999999905e-01 -8.895629628478857881e-03 3.553247265194551252e-01 9.347005972488663383e-01 -2.579026499999999972e-02
9.998853447278324147e-01 -7.293600279294782524e-04 1.512499363482440289e-02 1.607857940000000097e-01 6.105709187352245659e-03 9.334622987778729009e-01 -3.586235590081173763e-01 2.331187580000000092e-01 -1.385704563834955390e-02 3.586747897389483963e-01 9.333597256641716911e-01 -2.593455799999999992e-02
9.997899714336432320e-01 -1.420204608360529051e-03 2.044495144492636599e-02 1.651534440000000103e-01 8.764211411228232940e-03 9.314030975705552828e-01 -3.638838529452964599e-01 2.373439370000000048e-01 -1.852570158062312108e-02 3.639866108180975779e-01 9.312199232867071075e-01 -2.474080799999999955e-02
9.996853401085943336e-01 -1.481022048521359914e-03 2.504051408529528802e-02 1.706753370000000103e-01 1.058489536190764316e-02 9.299329065959118790e-01 -3.675768616497189223e-01 2.387003450000000082e-01 -2.274160860936499592e-02 3.677262511757501962e-01 9.296559704719200568e-01 -2.534368299999999880e-02
9.995294748052534484e-01 -2.341803556560612641e-03 3.058340974510148289e-02 1.745428890000000066e-01 1.356443304062985439e-02 9.280319602174141869e-01 -3.722535251294606939e-01 2.409999369999999974e-01 -2.751063706678849932e-02 3.724932170806956599e-01 9.276270630361390657e-01 -2.393047099999999830e-02
9.993818989677731857e-01 -2.813885565011177946e-03 3.504143352653717181e-02 1.796845499999999984e-01 1.583105968492461504e-02 9.260205732655051314e-01 -3.771409225187287162e-01 2.427526120000000065e-01 -3.138785696443859019e-02 3.774625543508288161e-01 9.254927457836326088e-01 -2.398973700000000056e-02
9.992151780525297955e-01 -2.873810922495481125e-03 3.950657110194404770e-02 1.845872400000000135e-01 1.778441303282131403e-02 9.237366474244668169e-01 -3.826151079846225045e-01 2.447811370000000097e-01 -3.539410406450812369e-02 3.830174244284300089e-01 9.230627876703094703e-01 -2.329856900000000161e-02
9.990655678048295796e-01 -2.999898780992212716e-03 4.311602757812123266e-02 1.905137600000000042e-01 1.950241499515725785e-02 9.215444669726985394e-01 -3.877827371110805776e-01 2.468060400000000043e-01 -3.857002769211055615e-02 3.882612470995638887e-01 9.207418514244485319e-01 -2.379885699999999965e-02
9.988634819679118593e-01 -3.057247996297427287e-03 4.756466782842249524e-02 1.944015319999999880e-01 2.156636950460157770e-02 9.189296289563007036e-01 -3.938314725014069873e-01 2.490542530000000032e-01 -4.250454207881818741e-02 3.944096731330566930e-01 9.179511826027271226e-01 -2.297195999999999960e-02
9.987434803362112978e-01 -3.219808994145060763e-03 5.001093196445304673e-02 2.017324719999999960e-01 2.291095119555984494e-02 9.168765728034440343e-01 -3.985127834330104424e-01 2.494610849999999991e-01 -4.457071685789453647e-02 3.991578423058377290e-01 9.157982682471731417e-01 -2.450708299999999895e-02
9.985394471044793940e-01 -2.739350622076589664e-03 5.395802567227425683e-02 2.062074989999999886e-01 2.435566084838555051e-02 9.142998739336035685e-01 -4.043050114822161478e-01 2.506340739999999845e-01 -4.822628288515400097e-02 4.050286860003447509e-01 9.130312093000518825e-01 -2.424607800000000077e-02
9.983272467670117889e-01 -2.371849190261439075e-03 5.776748820934361761e-02 2.106423829999999886e-01 2.593830390868539365e-02 9.113371114842464538e-01 -4.108428819170302226e-01 2.525624929999999990e-01 -5.167119848560389195e-02 4.116540338232687057e-01 9.098741911297916207e-01 -2.334008699999999895e-02
9.981266039908898158e-01 -2.720908707050493855e-03 6.112183784394353836e-02 2.153458739999999927e-01 2.801422258042376295e-02 9.084588802678472685e-01 -4.170343705208284235e-01 2.540514770000000255e-01 -5.439196391773243322e-02 4.179653807653176956e-01 9.068332011692530337e-01 -2.360733400000000065e-02
9.980107440388542583e-01 -2.494414134182516146e-03 6.299470359593563329e-02 2.223089490000000057e-01 2.894194418868791321e-02 9.058296692225255020e-01 -4.226523089050724380e-01 2.548191249999999797e-01 -5.600820162789972578e-02 4.236347344757475097e-01 9.040999353478968992e-01 -2.499284200000000122e-02
9.978217119517154288e-01 -2.287845347396018358e-03 6.592872607152522324e-02 2.273068129999999964e-01 3.040452968755941177e-02 9.028701178602767108e-01 -4.288369327022199529e-01 2.556908130000000168e-01 -5.854396409730152490e-02 4.299073342461564029e-01 9.009729675351738631e-01 -2.497699299999999942e-02
9.976532037687370069e-01 -1.631576532611884317e-03 6.845014951037897699e-02 2.324604090000000067e-01 3.128280729290301709e-02 9.001342881833053200e-01 -4.344878009848024969e-01 2.561829689999999826e-01 -6.090542650577285277e-02 4.356094594872252368e-01 8.980728967224194115e-01 -2.596449099999999927e-02
9.974234774723966801e-01 -1.171479126840173357e-03 7.172889392376537165e-02 2.364249529999999933e-01 3.275953583477857894e-02 8.969644602014282819e-01 -4.408872531015727847e-01 2.576484079999999954e-01 -6.382177840487730791e-02 4.421011024327080041e-01 8.946917881756951685e-01 -2.627062399999999937e-02
9.971902836179498131e-01 -1.111661499098179351e-03 7.490195235549050590e-02 2.403014900000000065e-01 3.455068725041869626e-02 8.940092704369504428e-01 -4.467143095797528884e-01 2.583372890000000255e-01 -6.646644468057925914e-02 4.480470829963107970e-01 8.915357666128826963e-01 -2.692966899999999983e-02
9.971111908149370429e-01 -4.329695103900479958e-04 7.595449749041287280e-02 2.475623339999999950e-01 3.480689510318209917e-02 8.914122987004078347e-01 -4.518546157548143372e-01 2.584919629999999913e-01 -6.751113393281245323e-02 4.531930342172725279e-01 8.888522489885750666e-01 -2.871013199999999932e-02
9.969115311709334515e-01 5.089610748660322592e-04 7.853114017413266590e-02 2.518619000000000274e-01 3.560562161131796549e-02 8.883665925962759280e-01 -4.577521565962895944e-01 2.594867650000000081e-01 -6.999741943883823481e-02 4.591345533909494958e-01 8.856047781908116256e-01 -3.011621299999999932e-02
9.967824603431834074e-01 2.725990894108139273e-04 8.015392967239093336e-02 2.574277520000000097e-01 3.694496597501191471e-02 8.858727229790647195e-01 -4.624549579913297959e-01 2.585938870000000223e-01 -7.113224473679535809e-02 4.639282750290111834e-01 8.830123211979042930e-01 -3.097855100000000000e-02
9.966034792799566278e-01 5.443079678665689591e-04 8.234809539947637869e-02 2.620274419999999993e-01 3.817941170865089828e-02 8.829585283124335993e-01 -4.678958963294322371e-01 2.595037820000000162e-01 -7.296463258775773286e-02 4.694506800604058561e-01 8.799387600180799129e-01 -3.312896900000000117e-02
9.964706813748843706e-01 1.488019963048221178e-03 8.392834418039733790e-02 2.670772370000000229e-01 3.849416586513035310e-02 8.804113638011608067e-01 -4.726457761200536511e-01 2.596019509999999975e-01 -7.459477431175388917e-02 4.742084101809769248e-01 8.772468314898657082e-01 -3.449895599999999729e-02
9.962959317446999918e-01 1.869087168945411659e-03 8.597047692152710863e-02 2.714819310000000097e-01 3.952205913612032162e-02 8.779590578768509124e-01 -4.771015610261962192e-01 2.597114440000000135e-01 -7.637030332924539533e-02 4.787320745522981036e-01 8.746331674274946399e-01 -3.633299499999999987e-02
9.960839570000641352e-01 2.455085001200004585e-03 8.837829577860883967e-02 2.749097349999999884e-01 4.054897062767917615e-02 8.755965911793744949e-01 -4.813381249143837137e-01 2.591834069999999768e-01 -7.856546052897545040e-02 4.830368330393616794e-01 8.720681661081167713e-01 -3.804418799999999962e-02
9.959092684999201195e-01 2.463607096422255199e-03 9.032529853827457600e-02 2.791820760000000012e-01 4.187934261673469105e-02 8.731942139586336138e-01 -4.855697533528566256e-01 2.598979180000000055e-01 -8.006778114787570233e-02 4.873661819917733395e-01 8.695190366362415268e-01 -4.008455200000000246e-02
9.957045235743680056e-01 2.941994116597818065e-03 9.254105253431449407e-02 2.827244999999999897e-01 4.287384791769475317e-02 8.712279358413119734e-01 -4.890027780845597749e-01 2.596023379999999880e-01 -8.206299347617798667e-02 4.908698691917285362e-01 8.673594621732239052e-01 -4.275600200000000128e-02
9.955376569323085567e-01 3.287763185511858449e-03 9.430781644680859277e-02 2.867934409999999823e-01 4.379880186611739834e-02 8.691241298152576622e-01 -4.926509026967917371e-01 2.604948280000000116e-01 -8.358491840530525574e-02 4.945830947233307850e-01 8.651017996912683250e-01 -4.480823899999999971e-02
9.953688405363060321e-01 3.575945728155383724e-03 9.606291637025776708e-02 2.905917470000000113e-01 4.467929041481526198e-02 8.676025301169646431e-01 -4.952470199230582515e-01 2.600790860000000149e-01 -8.511540575852555301e-02 4.972454749384762063e-01 8.634247537311927623e-01 -4.755095399999999944e-02
9.952047091807606494e-01 3.934507949226204865e-03 9.773487848068915240e-02 2.942882179999999903e-01 4.539345718369891536e-02 8.664990655131984409e-01 -4.971104540337745181e-01 2.587991060000000010e-01 -8.664306590460249535e-02 4.991631888590656319e-01 8.621653495813315082e-01 -5.059580500000000064e-02
9.947759116432554061e-01 4.163427965287704730e-03 1.019978013582055337e-01 2.936100660000000029e-01 4.761351693276553998e-02 8.649034231948308227e-01 -4.996749158714661188e-01 2.596662040000000116e-01 -9.029860807135038636e-02 5.019210440033784471e-01 8.601868558440866064e-01 -5.239756400000000064e-02
9.947137401538287405e-01 4.403224609039357862e-03 1.025923328627610376e-01 2.992012800000000139e-01 4.776392534640028914e-02 8.645819931574156847e-01 -5.002165376548978193e-01 2.586430310000000232e-01 -9.090204939760548886e-02 5.024724755854718117e-01 8.598012727917553333e-01 -5.721492300000000086e-02
9.946585670264230794e-01 4.675764761533168778e-03 1.031138800784712067e-01 3.044558170000000175e-01 4.775916074165096475e-02 8.647605694738224047e-01 -4.999082116234575546e-01 2.566586730000000038e-01 -9.150627085722422283e-02 5.021626177914931821e-01 8.599181982529495727e-01 -6.254632799999999826e-02
9.943198241834356743e-01 4.791592631744081426e-03 1.063255748908649989e-01 3.051218090000000216e-01 4.935527912731478561e-02 8.643259155016871365e-01 -5.005045136803814021e-01 2.569935320000000245e-01 -9.429816359869566678e-02 5.029092884728036950e-01 8.591799019470205412e-01 -6.530834700000000270e-02
9.942887053756065407e-01 5.223258702525632874e-03 1.065959095417216979e-01 3.103836480000000120e-01 4.899863654066415053e-02 8.649699161294334138e-01 -4.994258481578590647e-01 2.555487450000000216e-01 -9.481088534370045451e-02 5.017965342243482230e-01 8.597738855424583715e-01 -7.039303299999999375e-02
9.938230148921274321e-01 4.789166241537308466e-03 1.108732562768559443e-01 3.089624939999999764e-01 5.153768969275870221e-02 8.648825558513998368e-01 -4.993215708589838764e-01 2.562684419999999852e-01 -9.828367927512364488e-02 5.019514204289706738e-01 8.592933666202035026e-01 -7.295759000000000272e-02
9.935576002601574919e-01 4.539755564691036471e-03 1.132372976747941240e-01 3.102290030000000032e-01 5.273465589061008402e-02 8.659084083493030493e-01 -4.974150022044728225e-01 2.546851629999999922e-01 -1.003112707195757680e-01 5.001819858505398564e-01 8.600904777970945769e-01 -7.718074299999999610e-02
9.934241204518587942e-01 4.890817557608818922e-03 1.143879224746604945e-01 3.133513330000000097e-01 5.272270610454856538e-02 8.673126289281943846e-01 -4.949637562111771083e-01 2.535754740000000229e-01 -1.016308671883899145e-01 4.977397749881782851e-01 8.613514284130802112e-01 -8.200187200000000343e-02
9.931422187036225147e-01 4.006905772720163739e-03 1.168438194111027090e-01 3.144800070000000058e-01 5.443514531704939791e-02 8.686241529789987537e-01 -4.924722284716456233e-01 2.535290720000000220e-01 -1.034666534819675826e-01 4.954553719232899223e-01 8.624492020111079738e-01 -8.652917999999999721e-02
9.927812742212407393e-01 3.798900454206499688e-03 1.198787300190852223e-01 3.139972979999999803e-01 5.579673012900660672e-02 8.701279176607177313e-01 -4.896571574217353229e-01 2.532830240000000233e-01 -1.061699885210528882e-01 4.928112978237839670e-01 8.636347366072518739e-01 -9.052006899999999467e-02
9.928139507828681598e-01 3.171134101980718073e-03 1.196260968159530425e-01 3.191024659999999735e-01 5.572888388644574309e-02 8.723823858184464042e-01 -4.856369677181570643e-01 2.522909340000000222e-01 -1.058997196959631237e-01 4.888137854257206816e-01 8.659366792936386004e-01 -9.596307599999999438e-02
9.925860141323145092e-01 2.499842401945968212e-03 1.215185390666388282e-01 3.203378319999999890e-01 5.673674471447633094e-02 8.746466867484331553e-01 -4.814292421106061148e-01 2.514492269999999974e-01 -1.074892848061104883e-01 4.847544988424075108e-01 8.680202356534767461e-01 -1.010287779999999996e-01
9.923512485192468313e-01 1.732343221642240055e-03 1.234341871170810540e-01 3.206130560000000074e-01 5.774844784342834936e-02 8.772317220241124813e-01 -4.765811815905922066e-01 2.507205610000000084e-01 -1.091059867008542378e-01 4.800640632890287862e-01 8.704219544591349500e-01 -1.055658240000000025e-01
9.922181882791819563e-01 8.077734107417404441e-04 1.245086918656477942e-01 3.227656480000000161e-01 5.849445694034097198e-02 8.797343124647000190e-01 -4.718537251940649879e-01 2.502754629999999758e-01 -1.099157193272760485e-01 4.754649166598714505e-01 8.728411354137641798e-01 -1.100065560000000053e-01
9.920309450120989858e-01 3.706338618666843443e-04 1.259939156028674345e-01 3.236204979999999787e-01 5.888443119367208628e-02 8.827008434277267002e-01 -4.662315355861051946e-01 2.496202740000000031e-01 -1.113877367639712068e-01 4.699351908960642810e-01 8.756447273044473123e-01 -1.157084849999999998e-01
9.919513970426689919e-01 -2.543974521580262549e-04 1.266189606142520407e-01 3.260612789999999817e-01 5.893577401000213434e-02 8.859964660076034004e-01 -4.599313391843173893e-01 2.482606320000000089e-01 -1.120669462729271121e-01 4.636919208957321903e-01 8.788804253418589507e-01 -1.218802779999999947e-01
9.917906771028063284e-01 -1.333366539184050598e-03 1.278650653839000229e-01 3.269518319999999978e-01 5.978190608908993953e-02 8.887727330260567493e-01 -4.544327813150685347e-01 2.479415680000000011e-01 -1.130370581548904158e-01 4.583462132090390662e-01 8.815562218716523901e-01 -1.270094810000000074e-01
9.916261271509712039e-01 -2.488522505597192541e-03 1.291178965415140101e-01 3.278484640000000061e-01 6.050374136786244861e-02 8.922486456194502757e-01 -4.474725149891862208e-01 2.462774070000000037e-01 -1.140917228902114111e-01 4.515375528635418578e-01 8.849276338333815772e-01 -1.329482050000000137e-01
9.915827708416902198e-01 -3.165515366905072986e-03 1.294356522847472379e-01 3.302282089999999948e-01 6.048468142569587980e-02 8.952361170868502471e-01 -4.414678900849883791e-01 2.469420280000000079e-01 -1.144779973739416257e-01 4.455808278816775769e-01 8.878921747270501763e-01 -1.385113450000000079e-01
9.915314651022877346e-01 -3.882378343954294431e-03 1.298086316486894154e-01 3.321557339999999803e-01 6.045199674187067690e-02 8.984542190125778260e-01 -4.348857004184199515e-01 2.467856410000000000e-01 -1.149387219436147911e-01 4.390500466654037592e-01 8.910803256278724271e-01 -1.445510690000000042e-01
9.914010161457142978e-01 -5.348828765042005357e-03 1.307494367715874295e-01 3.329573869999999935e-01 6.132255426907176621e-02 9.016534696964408901e-01 -4.280894356583518356e-01 2.457771749999999866e-01 -1.156009062384972391e-01 4.324261909450116126e-01 8.942281699105807391e-01 -1.496997619999999862e-01
9.914551573178193022e-01 -6.068000587291583897e-03 1.303067549928663138e-01 3.360520009999999891e-01 6.082978518267463663e-02 9.051674216784175719e-01 -4.206800161246972425e-01 2.448966650000000134e-01 -1.153967428592675565e-01 4.250119034814419661e-01 8.978020236313536406e-01 -1.563300340000000066e-01
9.914167772580614324e-01 -7.200774506392365604e-03 1.305408848512511211e-01 3.378581110000000165e-01 6.112166725016610069e-02 9.081751766087754474e-01 -4.141038400983255707e-01 2.453119609999999950e-01 -1.155721227796715905e-01 4.185283711268898976e-01 9.008202301225660680e-01 -1.623183189999999887e-01
9.913698814065911025e-01 -7.688212606602448651e-03 1.308688260312480811e-01 3.372063339999999965e-01 6.080232199987498087e-02 9.113779928484990744e-01 -4.070543351824971734e-01 2.435870920000000051e-01 -1.161414477234760378e-01 4.114985364960085934e-01 9.039801538653037261e-01 -1.656211019999999923e-01
9.913436685712251339e-01 -8.938681469652150907e-03 1.309879030953969570e-01 3.388712700000000022e-01 6.103860998372270807e-02 9.146838577865619158e-01 -3.995343895035164405e-01 2.425665559999999887e-01 -1.162412098827261403e-01 4.040712069404063800e-01 9.073116558530058828e-01 -1.717085090000000092e-01
9.912531978592936666e-01 -1.006060509956852728e-02 1.315898246778779146e-01 3.400298059999999900e-01 6.143269161325973921e-02 9.176518823862718222e-01 -3.926080069918114201e-01 2.426724729999999997e-01 -1.168037762012608949e-01 3.972578595546759628e-01 9.102434129875168756e-01 -1.768605109999999980e-01
9.913727577416651116e-01 -1.135199078090627298e-02 1.305801957151078163e-01 3.417853710000000045e-01 6.126731163937002012e-02 9.208423860207421985e-01 -3.850916989914358046e-01 2.406988589999999872e-01 -1.158722215726010613e-01 3.897697171573704100e-01 9.135935616316992469e-01 -1.818490620000000058e-01
9.913498819487637226e-01 -1.243623112000877967e-02 1.306550868343904492e-01 3.436253069999999910e-01 6.140543209581638545e-02 9.237719469010707840e-01 -3.779877815852404899e-01 2.401452059999999999e-01 -1.159947605251998859e-01 3.827410747151853698e-01 9.165448626535236398e-01 -1.864956919999999907e-01
9.914151692338853961e-01 -1.354985034421960638e-02 1.300475442620726840e-01 3.469124140000000023e-01 6.122707416815493381e-02 9.269383720121314729e-01 -3.701844133405765569e-01 2.388547209999999921e-01 -1.155301155619337106e-01 3.749688734377146226e-01 9.198103806497823776e-01 -1.919668760000000085e-01
9.914015647528925390e-01 -1.454542720215726975e-02 1.300437155460544558e-01 3.487816750000000132e-01 6.124928076246271419e-02 9.297964950690302821e-01 -3.629421487832844573e-01 2.382187550000000043e-01 -1.156350423167535890e-01 3.677864982633994861e-01 9.226925970677065658e-01 -1.964201180000000047e-01
9.913730895024095435e-01 -1.550119633213492554e-02 1.301503373899591809e-01 3.507398369999999987e-01 6.125317423974444009e-02 9.326705669345871641e-01 -3.554907343651468321e-01 2.367374600000000107e-01 -1.158768572925720636e-01 3.603960689105646931e-01 9.255739989097622189e-01 -2.002799660000000037e-01
9.914040322659501969e-01 -1.687023274913959994e-02 1.297437476482190266e-01 3.538620769999999971e-01 6.136114189052960244e-02 9.357820675730905702e-01 -3.471984047695524933e-01 2.342683520000000130e-01 -1.155545545303393873e-01 3.521751229936913030e-01 9.287732918595760223e-01 -2.046376470000000058e-01
9.913515974985634971e-01 -1.762007873592931831e-02 1.300443884309731013e-01 3.550873700000000133e-01 6.125797849284823904e-02 9.384928445560580812e-01 -3.398214837058542992e-01 2.329977299999999862e-01 -1.160580467180794134e-01 3.448488270857509308e-01 9.314557510958670905e-01 -2.080945519999999882e-01
9.913438861651270306e-01 -1.864744642908215677e-02 1.299598865215655930e-01 3.576175569999999748e-01 6.128804174200364052e-02 9.411195535298682024e-01 -3.324721971882341198e-01 2.314445079999999932e-01 -1.161080328937413031e-01 3.375592669523622136e-01 9.341159810174161082e-01 -2.115789060000000110e-01
9.912954175016980285e-01 -1.973818777705247177e-02 1.301683493919013890e-01 3.591530319999999832e-01 6.141126254925383110e-02 9.438722192419973789e-01 -3.245518303373031155e-01 2.287725810000000026e-01 -1.164562238450179005e-01 3.297205448352661938e-01 9.368683526735730460e-01 -2.145287840000000001e-01
9.911837586072616002e-01 -2.096970812014007854e-02 1.308244167368532440e-01 3.607833389999999807e-01 6.186523852012039415e-02 9.463985571381279271e-01 -3.170212347930627117e-01 2.263235749999999991e-01 -1.171641964766981375e-01 3.223197828061841741e-01 9.393521749992086445e-01 -2.166548819999999931e-01
9.911607853232138332e-01 -2.216192775791940919e-02 1.308019365128918199e-01 3.632558880000000268e-01 6.208309207014081621e-02 9.488116647803636061e-01 -3.096806652920475744e-01 2.239758520000000031e-01 -1.172432826070655548e-01 3.150639200777637927e-01 9.418007957889780180e-01 -2.184046510000000052e-01
9.910575043590846844e-01 -2.347649116033490024e-02 1.313540156079804622e-01 3.644281329999999874e-01 6.253395998233313158e-02 9.513220230256114185e-01 -3.017878598542126367e-01 2.208226620000000029e-01 -1.178750478365579168e-01 3.073032099885333324e-01 9.442829079403441961e-01 -2.199733110000000047e-01
9.909401628132066264e-01 -2.493260448459704709e-02 1.319695379902126597e-01 3.662553130000000268e-01 6.314741771364196232e-02 9.537230644081750031e-01 -2.939808157890219653e-01 2.173969890000000127e-01 -1.185326847744298390e-01 2.996509330028769846e-01 9.466569183134251331e-01 -2.207817440000000020e-01
9.907692810029111730e-01 -2.630297236325629742e-02 1.329826509956550107e-01 3.674610260000000239e-01 6.382075397595701749e-02 9.559816217584521381e-01 -2.864019033142415349e-01 2.138999699999999948e-01 -1.195957490169060194e-01 2.922452608767805993e-01 9.488358995696503095e-01 -2.209168519999999969e-01
9.905977508164502954e-01 -2.758714762436081588e-02 1.339964378755696406e-01 3.687054220000000049e-01 6.437644847479616350e-02 9.582369371369240385e-01 -2.786353265259424727e-01 2.098792790000000019e-01 -1.207135823309108263e-01 2.846417425333086504e-01 9.510033172646875643e-01 -2.207303640000000122e-01
9.904305864245925850e-01 -2.867482944222381203e-02 1.350000282633189719e-01 3.703907129999999825e-01 6.465522203563603409e-02 9.606007779389817980e-01 -2.703069508661322118e-01 2.045460050000000030e-01 -1.219301264583948080e-01 2.764487286631689411e-01 9.532623692784465419e-01 -2.201617060000000126e-01
