9.998472565209076679e-01 -8.128029708924879027e-03 1.547251630036974163e-02 1.404061799999999950e-02 7.963774616467633738e-03 9.999115941939339391e-01 1.064810266684208112e-02 4.468459000000000146e-03 -1.555769653491411234e-02 -1.052325660602924928e-02 9.998235940149298173e-01 -8.797749000000000541e-03
9.998472565209076679e-01 -8.128029708924879027e-03 1.547251630036974163e-02 1.404061799999999950e-02 7.963774616467633738e-03 9.999115941939339391e-01 1.064810266684208112e-02 4.468459000000000146e-03 -1.555769653491411234e-02 -1.052325660602924928e-02 9.998235940149298173e-01 -8.797749000000000541e-03
9.998472565209076679e-01 -8.128029708924879027e-03 1.547251630036974163e-02 1.404061799999999950e-02 7.963774616467633738e-03 9.999115941939339391e-01 1.064810266684208112e-02 4.468459000000000146e-03 -1.555769653491411234e-02 -1.052325660602924928e-02 9.998235940149298173e-01 -8.797749000000000541e-03
9.998472565209076679e-01 -8.128029708924879027e-03 1.547251630036974163e-02 1.404061799999999950e-02 7.963774616467633738e-03 9.999115941939339391e-01 1.064810266684208112e-02 4.468459000000000146e-03 -1.555769653491411234e-02 -1.052325660602924928e-02 9.998235940149298173e-01 -8.797749000000000541e-03
9.997857394766045402e-01 -9.937407378628082544e-03 1.815827838233291178e-02 1.862350999999999937e-02 9.737445590290723374e-03 9.998913394270192434e-01 1.106758746147960479e-02 6.797773000000000010e-03 -1.826628841870286610e-02 -1.088840086663606446e-02 9.997738671489528883e-01 -1.170992900000000086e-02
9.997152325302307574e-01 -1.043827992353950698e-02 2.145917424469747162e-02 2.123409299999999902e-02 1.016873247936907199e-02 9.998685070720083612e-01 1.263192168104905477e-02 7.108299000000000215e-03 -2.158820804952276892e-02 -1.241011191855112550e-02 9.996899211232348481e-01 -1.407557499999999989e-02
9.996578629416360551e-01 -1.143025773826296214e-02 2.352671390139459903e-02 2.387943699999999989e-02 1.116274673202445784e-02 9.998719007795936475e-01 1.147061972166671037e-02 8.878026000000000667e-03 -2.365481228752136164e-02 -1.120407244885946244e-02 9.996574006209342222e-01 -1.670392600000000088e-02
9.996388701125428211e-01 -1.132784473719481398e-02 2.436820251329268466e-02 2.681760500000000130e-02 1.109827447320789993e-02 9.998929445707507302e-01 9.535601782315737684e-03 1.081773500000000020e-02 -2.447361158137838222e-02 -9.261713191606017054e-03 9.996575728742919109e-01 -1.860893500000000006e-02
9.996525134228956277e-01 -1.052169275834655658e-02 2.416912056295008812e-02 2.980842800000000140e-02 1.036415755113644262e-02 9.999242837246824500e-01 6.634082900898894894e-03 1.277120799999999917e-02 -2.423709234918001651e-02 -6.381285072752608187e-03 9.996858719394196013e-01 -2.096737400000000043e-02
9.996937407959438637e-01 -9.907610387772276817e-03 2.267738675015939370e-02 3.331342300000000173e-02 9.851160643970555131e-03 9.999480969660604623e-01 2.599616879618796110e-03 1.497937600000000084e-02 -2.270196571618598308e-02 -2.375422143161123878e-03 9.997394551193140577e-01 -2.315332900000000027e-02
9.997417799406336236e-01 -8.776740115721510388e-03 2.096049317346414254e-02 3.581957899999999723e-02 8.839910330211881578e-03 9.999566550220716499e-01 -2.923022822968425992e-03 1.803968099999999838e-02 -2.093393002968065020e-02 3.107556919971990982e-03 9.997760317508624928e-01 -2.471500800000000012e-02
9.998032239134867494e-01 -7.030520481310630412e-03 1.854953460225170978e-02 3.826701600000000092e-02 7.189361480322984527e-03 9.999379417818562432e-01 -8.510327054257112514e-03 2.037950800000000104e-02 -1.848855142252929171e-02 8.642011734951776311e-03 9.997917228600512463e-01 -2.644504799999999878e-02
9.999277086703707296e-01 -5.026156723856916621e-03 1.092314889624659315e-02 4.587726300000000146e-02 5.229927545829395237e-03 9.998113273016593361e-01 -1.870715523963197013e-02 2.742840200000000103e-02 -1.082706290217805116e-02 1.876293015180578727e-02 9.997653360469299644e-01 -2.767425399999999883e-02
9.999757901023654805e-01 -2.867950833438344133e-03 6.339879112949412497e-03 4.920358200000000265e-02 3.035837340376336489e-03 9.996406963645457777e-01 -2.663197070156067547e-02 3.085746099999999922e-02 -6.261221988766143588e-03 2.665057278602075280e-02 9.996252017978459747e-01 -2.953161899999999854e-02
9.999978150298567403e-01 -5.869439214661836650e-04 2.006348012053229320e-03 5.215471199999999891e-02 6.567729866051854812e-04 9.993877102592296779e-01 -3.498247035384925707e-02 3.460197200000000167e-02 -1.984586797416971419e-03 3.498371163337203604e-02 9.993859121158334968e-01 -3.125072999999999740e-02
9.999922047469587127e-01 1.879241735782634501e-03 -3.472592088776050353e-03 5.543892799999999843e-02 -2.032399217336530988e-03 9.990010398683059067e-01 -4.464069550829868893e-02 3.902268400000000192e-02 3.385232449612167547e-03 4.464740521622462266e-02 9.989970717718447135e-01 -3.246972000000000053e-02
9.999504045367000327e-01 4.513940378037151202e-03 -8.877657864185414804e-03 5.773232899999999890e-02 -4.990618415382406040e-03 9.985053228219696875e-01 -5.442622551698970967e-02 4.274895799999999663e-02 8.618711894596158690e-03 5.446783122594199555e-02 9.984783288418533909e-01 -3.338906500000000249e-02
9.998739501248880002e-01 6.561562073931302870e-03 -1.445786169538311114e-02 5.909374700000000202e-02 -7.478810543507761165e-03 9.979006257576489292e-01 -6.433046327632728489e-02 4.542999699999999974e-02 1.400540090490797265e-02 6.443048203794941864e-02 9.978239131880184409e-01 -3.440930300000000219e-02
9.997433734605690736e-01 9.851419721362594806e-03 -2.039943016740149509e-02 6.158086699999999747e-02 -1.135366674302530285e-02 9.971274641695812013e-01 -7.488600970961804826e-02 4.992529700000000042e-02 1.960309856041802731e-02 7.509840030396276733e-02 9.969834245355417846e-01 -3.545705600000000068e-02
9.995674076807650188e-01 1.235183929702012018e-02 -2.669137629152574034e-02 6.351863600000000332e-02 -1.461312538368449848e-02 9.961657200243713151e-01 -8.625725949070278675e-02 5.412343099999999962e-02 2.552359827445864829e-02 8.660998969118002822e-02 9.959152853615701462e-01 -3.610919399999999724e-02
9.993682985593000945e-01 1.411573459141564173e-02 -3.261517854671945604e-02 6.432038499999999381e-02 -1.721423918867830138e-02 9.951584888503637316e-01 -9.676389842402695340e-02 5.640111500000000166e-02 3.109137828795387193e-02 9.726421801466943184e-02 9.947728374308127952e-01 -3.712026799999999793e-02
9.990811748443355622e-01 1.662994792359169527e-02 -3.950001143950156862e-02 6.549608699999999450e-02 -2.085113965213664794e-02 9.938252075622017179e-01 -1.089802128331280040e-01 6.035453500000000082e-02 3.744377180345512951e-02 1.097036993268933058e-01 9.932588093277227026e-01 -3.678146399999999983e-02
9.987577239243271565e-01 1.891958128082369198e-02 -4.609835512961299453e-02 6.716236500000000165e-02 -2.435909975800656588e-02 9.924201810523204381e-01 -1.204525570465780904e-01 6.420636899999999925e-02 4.347002600041890985e-02 1.214258361479877701e-01 9.916481851721834495e-01 -3.718357199999999807e-02
9.983873122418499557e-01 2.103261714756970296e-02 -5.272953413807515699e-02 7.041364199999999851e-02 -2.786308975701135004e-02 9.908112248576418368e-01 -1.323509158460651203e-01 6.979040100000000191e-02 4.946132816339858518e-02 1.336066828868348044e-01 9.897993894240839641e-01 -3.864816199999999979e-02
9.980085087032958269e-01 2.236813442422956599e-02 -5.898036214031700947e-02 7.151821999999999346e-02 -3.070041314844970670e-02 9.890444453413099746e-01 -1.443903382225245613e-01 7.372675800000000335e-02 5.510445706417802653e-02 1.459135076059791536e-01 9.877614829045431311e-01 -3.906166199999999700e-02
9.975933003545336408e-01 2.335389197722732152e-02 -6.528554830332126968e-02 7.150378100000000237e-02 -3.338422472232231014e-02 9.870265477575689284e-01 -1.570480422083161132e-01 7.701329099999999761e-02 6.077088634731915573e-02 1.588495821564902821e-01 9.854307228929234386e-01 -3.836936099999999766e-02
9.971403988005154151e-01 2.459841672125755510e-02 -7.145588131677164945e-02 7.297337800000000541e-02 -3.642658082827699567e-02 9.848958443611991465e-01 -1.692727974873741714e-01 8.176698500000000036e-02 6.621275775188799340e-02 1.713916382290803231e-01 9.829754712382409165e-01 -3.844112200000000118e-02
9.967162213100252410e-01 2.544314357483278694e-02 -7.687275604852050748e-02 7.507577499999999737e-02 -3.896335891812125612e-02 9.829190012519504194e-01 -1.798668775502758610e-01 8.572891400000000328e-02 7.098331380882808017e-02 1.822714553156876138e-01 9.806826631167794295e-01 -3.958399199999999840e-02
9.962798054260330050e-01 2.629283483154947268e-02 -8.206848443091141476e-02 7.590520400000000389e-02 -4.164624769882965816e-02 9.806284024869564853e-01 -1.913988669989646618e-01 9.015826899999999922e-02 7.544626798506084975e-02 1.941046704033689563e-01 9.780752719370456871e-01 -3.948907599999999796e-02
9.958319333471585821e-01 2.698481392274049845e-02 -8.712393668570880823e-02 7.742800599999999367e-02 -4.419374745336036164e-02 9.783653922342976372e-01 -2.021090595798657741e-01 9.394013099999999616e-02 7.978516912364685965e-02 2.051169888034245770e-01 9.754800601202091581e-01 -3.960106099999999990e-02
9.954112688874210413e-01 2.681353279968749087e-02 -9.185554001111954914e-02 7.899452699999999494e-02 -4.600556688830047952e-02 9.758157808853914483e-01 -2.136985016099079704e-01 9.901606999999999770e-02 8.390407372243859074e-02 2.169437628369016158e-01 9.725715964282247716e-01 -3.966986000000000123e-02
9.949447408699014783e-01 2.619136526163014927e-02 -9.694831097577968904e-02 8.008682699999999932e-02 -4.765391788696370784e-02 9.729110723153311380e-01 -2.262148303632082746e-01 1.037600040000000029e-01 8.839720994096550433e-02 2.296912226271706214e-01 9.692408759037602906e-01 -3.867298000000000263e-02
9.946385096817315086e-01 2.603144425275370072e-02 -1.000829604289348723e-01 8.067984100000000214e-02 -4.916789448002976265e-02 9.704539668946726705e-01 -2.362236573478493917e-01 1.080383510000000047e-01 9.097666299939026480e-02 2.398780149336517953e-01 9.665307986510238702e-01 -3.832291399999999959e-02
9.943214404284187458e-01 2.561168485409034967e-02 -1.032904385860047430e-01 8.242258399999999319e-02 -5.050260696686992290e-02 9.679126244805810186e-01 -2.461597815660871436e-01 1.126388460000000008e-01 9.367155274630777073e-02 2.499783850056813139e-01 9.637097318363279097e-01 -3.820939000000000280e-02
9.940865645532710460e-01 2.549938118550985205e-02 -1.055541744026798623e-01 8.358771399999999352e-02 -5.186592374301834257e-02 9.654902013553838813e-01 -2.552226421010166391e-01 1.166290340000000064e-01 9.540350165983790820e-02 2.591880642427353276e-01 9.611033863352813622e-01 -3.802422400000000230e-02
9.939745398377017871e-01 2.471448399996899192e-02 -1.067886156621775107e-01 8.419426500000000424e-02 -5.228336594953923722e-02 9.631771577214134350e-01 -2.637351180421104169e-01 1.210126279999999971e-01 9.633827795541888284e-02 2.677292608668589424e-01 9.586657285395518979e-01 -3.727808199999999711e-02
9.938830482546877620e-01 2.402240251637736967e-02 -1.077933697836339633e-01 8.604827499999999352e-02 -5.270807782738320957e-02 9.608978447752432039e-01 -2.718403767618692846e-01 1.254175899999999955e-01 9.704815775537739553e-02 2.758591236186211382e-01 9.562862536880124553e-01 -3.705942999999999737e-02
9.939059465900821344e-01 2.332061156175909561e-02 -1.077363374598305362e-01 8.730369799999999902e-02 -5.272560167208480836e-02 9.588855962938332977e-01 -2.788519753355469533e-01 1.295118779999999969e-01 9.680382358765372841e-02 2.828330997189073548e-01 9.542716895319723891e-01 -3.676528500000000171e-02
9.940136334502128745e-01 2.218888439542272134e-02 -1.069792032331157300e-01 8.892076499999999883e-02 -5.212442239723379805e-02 9.568532518890887628e-01 -2.858581797658251156e-01 1.340569110000000008e-01 9.602052439380064086e-02 2.897231570975344339e-01 9.522817603716753343e-01 -3.627813199999999766e-02
9.942175496248866207e-01 2.144088733035409700e-02 -1.052223948044014590e-01 9.047783900000000434e-02 -5.144578569349579633e-02 9.551989955228064044e-01 -2.914587622402193823e-01 1.379375760000000062e-01 9.425919134103141750e-02 2.951866651844369249e-01 9.507786480275133290e-01 -3.598272400000000065e-02
9.945061938287382830e-01 1.981162626745130301e-02 -1.027858448470166108e-01 9.178398499999999849e-02 -4.979086407971414913e-02 9.532619455697806110e-01 -2.980143167411797300e-01 1.429271400000000081e-01 9.207768617027453639e-02 3.014948798788390505e-01 9.490113472010610618e-01 -3.522068999999999894e-02
9.948659712500416141e-01 1.888994224552889567e-02 -9.942268016238484107e-02 9.311112000000000555e-02 -4.833652449457534472e-02 9.518166539188400721e-01 -3.028343403950886081e-01 1.469552219999999965e-01 8.891163955577810474e-02 3.060853270000110093e-01 9.478430740089837103e-01 -3.471695600000000020e-02
9.952558173403801556e-01 1.783151553313835555e-02 -9.564462924766552188e-02 9.441627599999999343e-02 -4.656235150778396947e-02 9.504675176587158436e-01 -3.073165229819969091e-01 1.510053869999999909e-01 8.542719398527330588e-02 3.103119961095124890e-01 9.467886034370779358e-01 -3.401001499999999761e-02
9.956614417361663305e-01 1.668724655601720730e-02 -9.154140725506335063e-02 9.645945599999999898e-02 -4.455477271343103590e-02 9.491752296985316306e-01 -3.115786506729788519e-01 1.553477940000000113e-01 8.168944649288042981e-02 3.143054551373843930e-01 9.458006741394132666e-01 -3.343337400000000181e-02
9.961100513763199160e-01 1.552666501044381447e-02 -8.673919656486814289e-02 9.812752900000000500e-02 -4.221791828444956818e-02 9.481147389619880572e-01 -3.151128196991815344e-01 1.591739209999999960e-01 7.734605951690695647e-02 3.175489953325231762e-01 9.450821248127129204e-01 -3.279509399999999686e-02
9.965760045631534281e-01 1.422370216104592786e-02 -8.144908486763545452e-02 1.000613199999999953e-01 -3.958470339863084941e-02 9.469360837336942005e-01 -3.189750845754828479e-01 1.633778509999999906e-01 7.259007084845590929e-02 3.211070532080039230e-01 9.442568199352802116e-01 -3.225535899999999734e-02
9.970199275545275075e-01 1.316643653526928734e-02 -7.601255822643768201e-02 1.025142970000000042e-01 -3.700609394220064075e-02 9.461867787002991026e-01 -3.214982563310292418e-01 1.667602960000000023e-01 6.768909122085975394e-02 3.233530961065842479e-01 9.438543119401321402e-01 -3.189790199999999881e-02
9.974920780012822563e-01 1.242257891764876436e-02 -6.967950816214689425e-02 1.040752530000000065e-01 -3.443692212471773095e-02 9.452743209194826024e-01 -3.244542442391335491e-01 1.707240339999999967e-01 6.183569130575021500e-02 3.260400860986973348e-01 9.433314420380007892e-01 -3.117889700000000056e-02
9.979044356939810179e-01 1.142605382978716284e-02 -6.368816621756387408e-02 1.068836670000000016e-01 -3.167453768263128050e-02 9.445495792792050205e-01 -3.268375987337873712e-01 1.742537170000000024e-01 5.642216660913340620e-02 3.281699827488118171e-01 9.429321298681977437e-01 -3.092984500000000095e-02
9.983339284449459505e-01 1.003820007281314500e-02 -5.682078717317881611e-02 1.089188309999999937e-01 -2.823485094250128072e-02 9.437858286082690951e-01 -3.293495148174009901e-01 1.779872779999999988e-01 5.032057738079168119e-02 3.304051214153632121e-01 9.424968409679487236e-01 -3.011738499999999999e-02
9.987029203036368319e-01 9.256785532071815439e-03 -5.006784295933726370e-02 1.113899349999999955e-01 -2.535507657018264138e-02 9.431558078048114524e-01 -3.313823204339270134e-01 1.813931470000000046e-01 4.415424180198100623e-02 3.322219651462963164e-01 9.421671660619601596e-01 -2.961943900000000088e-02
9.990158509860482816e-01 7.948921687126481866e-03 -4.363649988981399552e-02 1.146610599999999952e-01 -2.207402923649405199e-02 9.424245251491613073e-01 -3.336896037197505938e-01 1.847076270000000131e-01 3.847163516005282224e-02 3.343244367996299204e-01 9.416725037117320563e-01 -2.909199499999999897e-02
9.993040985474930249e-01 6.711464308413590124e-03 -3.669161856636041219e-02 1.172389689999999984e-01 -1.867068306611766385e-02 9.415803684639607596e-01 -3.362704496638331819e-01 1.884557159999999953e-01 3.229124060835973642e-02 3.367214961509123472e-01 9.410504289409065137e-01 -2.823410900000000029e-02
9.995433827442131713e-01 5.298103927476433515e-03 -2.974821182909959116e-02 1.203154470000000059e-01 -1.506951096676450649e-02 9.407401899368842413e-01 -3.387931594302599492e-01 1.918693629999999872e-01 2.619037707781020352e-02 3.390867516319218677e-01 9.403904715681850046e-01 -2.765679199999999949e-02
9.997300664765962352e-01 4.578322607500779837e-03 -2.277790914026070132e-02 1.234919800000000012e-01 -1.206909821696366091e-02 9.400714185307842419e-01 -3.407639431186174073e-01 1.946656850000000050e-01 1.985273409204911868e-02 3.409468683293933045e-01 9.398729179657480115e-01 -2.710723300000000141e-02
9.998667769272335804e-01 3.394676892296483346e-03 -1.596573098679176031e-02 1.266932639999999999e-01 -8.672859266795333866e-03 9.391252659298064964e-01 -3.434654515441235012e-01 1.977963450000000123e-01 1.382786712707555037e-02 3.435581625592196153e-01 9.390295943311098847e-01 -2.640715199999999971e-02
9.999586393399892970e-01 2.468597558508911320e-03 -8.753606994338275493e-03 1.293148100000000023e-01 -5.348296305327336110e-03 9.380667500314469054e-01 -3.464132910441937163e-01 2.011393609999999887e-01 7.356312659724715229e-03 3.464457800457857450e-01 9.380411537627330043e-01 -2.549484000000000125e-02
9.999961220386492933e-01 1.463536832010012842e-03 -2.369381270334837246e-03 1.330607980000000079e-01 -2.198960640827724022e-03 9.370122512142583515e-01 -3.492895727709140474e-01 2.039020360000000087e-01 1.708941123314070823e-03 3.492934284156072322e-01 9.370118357768529860e-01 -2.454423199999999916e-02
9.999924457977849013e-01 1.277056935768683833e-03 3.671167790646344756e-03 1.373526750000000074e-01 9.506516094148157597e-05 9.361685007349899168e-01 -3.515516024628767000e-01 2.054237429999999920e-01 -3.885783058721785539e-03 3.515492957711395250e-01 9.361613073252047501e-01 -2.457339700000000030e-02
9.999514888074911845e-01 -2.232162601926112027e-04 9.847345133738593520e-03 1.408962159999999908e-01 3.712723518456411721e-03 9.345449896697443082e-01 -3.558256285981281075e-01 2.091024820000000062e-01 -9.123360990187782960e-03 3.558449275424319658e-01 9.345004825181012498e-01 -2.343722100000000114e-02
9.998773983430807588e-01 -8.858768350427487746e-04 1.563340989373145432e-02 1.446408030000000122e-01 6.452977090469635621e-03 9.329880797848791874e-01 -3.598494158199980752e-01 2.118022440000000006e-01 -1.426700281566383767e-02 3.599061797212672609e-01 9.328794104433331125e-01 -2.245026599999999997e-02
9.997771335716242325e-01 -1.123054403879044857e-03 2.108131722906797512e-02 1.489903780000000066e-01 8.713544705329225731e-03 9.315088522335416288e-01 -3.636142631267618719e-01 2.136925010000000069e-01 -1.922907501610255504e-02 3.637169187147550331e-01 9.313110359673986149e-01 -2.239721100000000020e-02
9.996591711403660652e-01 -1.960122933609379815e-03 2.603266165880125521e-02 1.534301939999999920e-01 1.140851395638457430e-02 9.297217808977255027e-01 -3.680859355281980161e-01 2.157205640000000035e-01 -2.348163887516075549e-02 3.682574752024009301e-01 9.294272669732095427e-01 -2.194055400000000100e-02
9.995257153705461306e-01 -2.310214768642866907e-03 3.070842263485207627e-02 1.581404809999999994e-01 1.358855224552157556e-02 9.279394945400822881e-01 -3.724830811198907576e-01 2.175263460000000093e-01 -2.763504226283508905e-02 3.727237011251352539e-01 9.275307795748408690e-01 -2.195427600000000173e-02
9.993736965635395819e-01 -2.667884908219913913e-03 3.528593214076701512e-02 1.624929900000000038e-01 1.580537364083013305e-02 9.258161587250222091e-01 -3.776435229256794868e-01 2.195527549999999883e-01 -3.166077669609629330e-02 3.779647108312639281e-01 9.252784838010872370e-01 -2.154247800000000032e-02
9.992164571808568319e-01 -3.063763464453535257e-03 3.945991703451343091e-02 1.672272089999999878e-01 1.796778572802800941e-02 9.234546439832029829e-01 -3.832866801519295152e-01 2.217618229999999968e-01 -3.526514390965215795e-02 3.836953659601451405e-01 9.227861267735562034e-01 -2.083899100000000115e-02
9.990364149647208425e-01 -2.831066190241168443e-03 4.379756430059145861e-02 1.714160889999999937e-01 1.963406221631620180e-02 9.213216597726404666e-01 -3.883051671490771461e-01 2.231023759999999911e-01 -3.925232700520816381e-02 3.887909262032916979e-01 9.204894733383227612e-01 -2.091924499999999951e-02
9.988923463458344587e-01 -3.144145615762523535e-03 4.694885259578213815e-02 1.770564320000000136e-01 2.139299339196130273e-02 9.190266904150544702e-01 -3.936143825350938985e-01 2.243391869999999955e-01 -4.190966768473710496e-02 3.941827706192884695e-01 9.180759898295218768e-01 -2.114691999999999961e-02
9.987158219011640359e-01 -2.718485159490767467e-03 5.058969186227457726e-02 1.816876080000000004e-01 2.270296901647240670e-02 9.167000089660654050e-01 -3.989306565801288840e-01 2.251983429999999953e-01 -4.529108391415860579e-02 3.995668947748965416e-01 9.155845205756961702e-01 -2.142164100000000168e-02
9.984564869002969800e-01 -3.064282775290385480e-03 5.545497216472138058e-02 1.846299020000000124e-01 2.533324679369404128e-02 9.136849902013929325e-01 -4.056327961193105791e-01 2.276634280000000010e-01 -4.942540210870069450e-02 4.064115510806175502e-01 9.123523336818072371e-01 -2.023794500000000024e-02
9.982960292175763195e-01 -2.937456712304621284e-03 5.827872164421080831e-02 1.899715509999999885e-01 2.670137159617351486e-02 9.110335981057141597e-01 -4.114666692181022101e-01 2.284793559999999946e-01 -5.188520794314239321e-02 4.123216638385854282e-01 9.095596575959585817e-01 -2.030007199999999887e-02
9.980974647775622266e-01 -2.704739792529931713e-03 6.159655174811185657e-02 1.943875549999999897e-01 2.820277529735051858e-02 9.084217806307559595e-01 -4.171024717514557612e-01 2.293986680000000000e-01 -5.482749556682551401e-02 4.180461133156263553e-01 9.067697573648827447e-01 -2.111201700000000028e-02
9.979393405971197506e-01 -2.560846151425358666e-03 6.411329468662924080e-02 1.997652199999999933e-01 2.951994157891481285e-02 9.055004571366117583e-01 -4.233172512130408682e-01 2.306317240000000102e-01 -5.697056729367620115e-02 4.243375592525083784e-01 9.037101251340834418e-01 -2.135601999999999986e-02
9.978094792276773761e-01 -2.122356178265802015e-03 6.611912558136090468e-02 2.058678419999999953e-01 3.034744876663891811e-02 9.027959143707081635e-01 -4.289971670639715629e-01 2.311623989999999906e-01 -5.878159164863965697e-02 4.300639866343257123e-01 9.008827292624956851e-01 -2.219312999999999841e-02
9.976476219642784748e-01 -1.438147936991896261e-03 6.853578714461111554e-02 2.107609960000000060e-01 3.115292976133580971e-02 9.000879121882997547e-01 -4.345931951834874907e-01 2.314215599999999984e-01 -6.106322425409088650e-02 4.357059582597176961e-01 8.980153676751171377e-01 -2.339213299999999898e-02
9.974692049524542803e-01 -1.459222803625787046e-03 7.108484958363596451e-02 2.157566250000000074e-01 3.275058477065773826e-02 8.968360421555440221e-01 -4.411490821569949983e-01 2.330114249999999942e-01 -6.310772035732818697e-02 4.423606946368410231e-01 8.946141243417257138e-01 -2.382503399999999841e-02
9.972487673363404914e-01 -9.791896682579508127e-04 7.412109843858886993e-02 2.192126809999999926e-01 3.407105722694712957e-02 8.940891357373400572e-01 -4.465912901254280865e-01 2.330832180000000087e-01 -6.583357126563542383e-02 4.478879977673545509e-01 8.916626505300997430e-01 -2.468525099999999833e-02
9.971754344986523133e-01 -7.587732125677836004e-04 7.510377550853133966e-02 2.259550840000000005e-01 3.477951406503260179e-02 8.909452848724707108e-01 -4.527768597939963446e-01 2.347192909999999966e-01 -6.656979971296428378e-02 4.541100347126497128e-01 8.884551413208502391e-01 -2.580332200000000006e-02
9.970074237265144079e-01 -3.360255516062747583e-04 7.730513644672766527e-02 2.300619329999999962e-01 3.586277743370989979e-02 8.878856679885024361e-01 -4.586642582274653712e-01 2.356549799999999861e-01 -6.848399980257215136e-02 4.600640473536695696e-01 8.852406532144814211e-01 -2.658643600000000148e-02
9.966339649913822374e-01 1.749206963484774280e-04 8.197993186326973936e-02 2.304220200000000052e-01 3.809435525561519209e-02 8.844895865544945002e-01 -4.650021412577778346e-01 2.371476590000000106e-01 -7.259173453786141317e-02 4.665599004194523891e-01 8.815057001502458744e-01 -2.622392800000000052e-02
9.965814206852124935e-01 5.673588330568427041e-04 8.261446634214966722e-02 2.371968479999999879e-01 3.840785453179193509e-02 8.821639114517024760e-01 -4.693736997771578157e-01 2.365635480000000124e-01 -7.314580408545892642e-02 4.709421529616851787e-01 8.791263731162342054e-01 -2.886286000000000060e-02
9.963619745369257652e-01 8.248126830778697294e-04 8.521816344486823902e-02 2.404518280000000063e-01 3.986872575253527784e-02 8.792704856369418787e-01 -4.746513434033928780e-01 2.371649150000000039e-01 -7.532131440533665345e-02 4.763220893175271753e-01 8.760387929906061633e-01 -2.959070399999999892e-02
9.962902248736422717e-01 1.549818532862384107e-03 8.604293046928679356e-02 2.463880930000000025e-01 3.997217413107492789e-02 8.771031200287232599e-01 -4.786359181372768501e-01 2.367656230000000084e-01 -7.621032158744869833e-02 4.802996095130561138e-01 8.737873150745228967e-01 -3.245920699999999687e-02
9.961341033934539846e-01 1.991653340163556524e-03 8.782301163984387871e-02 2.504667340000000242e-01 4.078695526106917990e-02 8.749627871287054548e-01 -4.824692170703733796e-01 2.361641080000000115e-01 -7.780277846613883885e-02 4.841860742079847624e-01 8.714990379834097745e-01 -3.442032999999999898e-02
9.959087787589453455e-01 2.445127532923939417e-03 9.033120026997248919e-02 2.533101440000000149e-01 4.200694600815130936e-02 8.725317921830982870e-01 -4.867480745897396766e-01 2.364363220000000043e-01 -8.000700518038655895e-02 4.885512183805278408e-01 8.688593592411647526e-01 -3.580693900000000290e-02
9.957173881229003376e-01 3.018397404084927765e-03 9.240006637887504537e-02 2.567038540000000091e-01 4.287654634227916484e-02 8.703985627053709706e-01 -4.904772612610932003e-01 2.367175220000000135e-01 -8.190534026220688824e-02 4.923385332446926221e-01 8.665415650267428438e-01 -3.778362999999999861e-02
9.955418399423843212e-01 3.188837497674526511e-03 9.426704747442465893e-02 2.602669890000000041e-01 4.390193242812104324e-02 8.689008493674499345e-01 -4.930354290490702174e-01 2.358889730000000018e-01 -8.348092748172303290e-02 4.949759037407149287e-01 8.648871541784244332e-01 -4.060893899999999668e-02
9.953215589499063709e-01 3.573513733320834995e-03 9.655166642334975236e-02 2.628036739999999871e-01 4.499721077013778270e-02 8.671798520069792238e-01 -4.959580176749453506e-01 2.360462550000000104e-01 -8.549997258733965655e-02 4.979822630101913838e-01 8.629620040388874536e-01 -4.295714199999999677e-02
9.952611102467051607e-01 3.800183970252751786e-03 9.716419624680697198e-02 2.684539850000000061e-01 4.527476786423506594e-02 8.662061813353810757e-01 -4.976314367192015142e-01 2.349267009999999878e-01 -8.605531840238236918e-02 4.996723026326046480e-01 8.619292732913155231e-01 -4.639320400000000039e-02
9.950130128050762579e-01 3.917000367311660597e-03 9.966825701640238955e-02 2.704246040000000129e-01 4.665634469913496063e-02 8.648990534374260131e-01 -4.997727612248990536e-01 2.352775340000000104e-01 -8.816059124053482465e-02 5.019305574192179931e-01 8.604030600137079210e-01 -4.902862799999999771e-02
9.947642418162061517e-01 4.242527661910463349e-03 1.021082962489649609e-01 2.724089619999999767e-01 4.772871793789840167e-02 8.641930368819312758e-01 -5.008915695924511802e-01 2.346076970000000039e-01 -9.036632496584666441e-02 5.031425205285504632e-01 8.594658407105799647e-01 -5.192915399999999820e-02
9.945735917629427991e-01 4.502650317464145652e-03 1.039379464290008381e-01 2.751678530000000178e-01 4.849639671933349272e-02 8.638096963602192035e-01 -5.014787213624393170e-01 2.342501879999999981e-01 -9.204058926908403881e-02 5.037981089823430070e-01 8.589039499925560373e-01 -5.540054299999999654e-02
9.943379886979587523e-01 4.677199838177367730e-03 1.061606708426994089e-01 2.771518530000000036e-01 4.947017792150010945e-02 8.637933348197605055e-01 -5.014117830858908498e-01 2.332840260000000054e-01 -9.404608300462778681e-02 5.038245711779358871e-01 8.586711452872139994e-01 -5.879200200000000293e-02
9.940515826900591101e-01 4.142617497839996138e-03 1.088314737181072800e-01 2.784335609999999961e-01 5.131817513767016059e-02 8.635735451163764065e-01 -5.016046023270451792e-01 2.337249220000000016e-01 -9.606193758158274032e-02 5.042058814565736347e-01 8.582240577219166777e-01 -6.189511699999999950e-02
9.937742066087323911e-01 4.148473139216606737e-03 1.113356027953219807e-01 2.795898909999999793e-01 5.251838865496455400e-02 8.638729570255738732e-01 -5.009644029000235310e-01 2.334717360000000130e-01 -9.825805377815396979e-02 5.036926684899276641e-01 8.582767913541792248e-01 -6.460051199999999882e-02
9.936176933375264753e-01 4.183825752506763890e-03 1.127225580293752111e-01 2.824849489999999852e-01 5.294895856082521002e-02 8.650760535242405513e-01 -4.988384802781850591e-01 2.321900430000000126e-01 -9.960063892333832769e-02 5.016232821759750715e-01 8.593333436478913789e-01 -6.962283700000000686e-02
9.934052021783743580e-01 3.804615512031483959e-03 1.145933208601128128e-01 2.843384150000000110e-01 5.403497901519756924e-02 8.659642892522019242e-01 -4.971781077066405596e-01 2.324313070000000037e-01 -1.011252951925002419e-01 5.000913662929348247e-01 8.600478475244823784e-01 -7.327513400000000565e-02
9.932310041963184899e-01 3.842480012650150573e-03 1.160922376842022929e-01 2.869466250000000107e-01 5.433422091394946030e-02 8.679971354064919264e-01 -4.935876470940074867e-01 2.302813529999999942e-01 -1.026643304212669083e-01 4.965543356708072009e-01 8.619128882814529602e-01 -7.795705599999999680e-02
9.929106707436587964e-01 3.426474789741198318e-03 1.188135480233327296e-01 2.868750689999999826e-01 5.576884070886126143e-02 8.693029258395035264e-01 -4.911234666892513312e-01 2.308354679999999881e-01 -1.049677871033165427e-01 4.942678245621433542e-01 8.629490606479846004e-01 -8.168901500000000371e-02
9.928087348101271026e-01 3.060876888631398202e-03 1.196722487353997083e-01 2.896251679999999884e-01 5.597418979082484369e-02 8.717944088937555902e-01 -4.866635374659251112e-01 2.292407750000000077e-01 -1.058192145216333285e-01 4.898623680731760133e-01 8.653537740044615623e-01 -8.639881000000000644e-02
9.925490204607106959e-01 2.336567397523695716e-03 1.218235709346942031e-01 2.903380990000000161e-01 5.714871515030073290e-02 8.740957140284019156e-01 -4.823802515379831957e-01 2.286704930000000024e-01 -1.076125751906041317e-01 4.857481067075558046e-01 8.674493129231652944e-01 -9.077779900000000624e-02
9.923233711637632348e-01 1.809724543783714640e-03 1.236569930867626177e-01 2.909408510000000003e-01 5.795486100654043127e-02 8.764980956396138945e-01 -4.779040933344710917e-01 2.285002319999999976e-01 -1.092499937203504357e-01 4.814019248374541982e-01 8.696646627493251902e-01 -9.546321600000000351e-02
9.922633422022038019e-01 9.122690536507924164e-04 1.241476036292524371e-01 2.938445510000000094e-01 5.831352522745143763e-02 8.793783511601069858e-01 -4.725391500039747839e-01 2.276160419999999907e-01 -1.096037978231575866e-01 4.761227607204945866e-01 8.725217041579167443e-01 -1.008072049999999970e-01
9.920058450243368631e-01 4.405136216213342837e-05 1.261919232638476496e-01 2.939996420000000055e-01 5.951992475458380005e-02 8.816160990613287618e-01 -4.681991375826037860e-01 2.287815059999999956e-01 -1.112734559306935711e-01 4.719672148945970314e-01 8.745657014026317899e-01 -1.047008259999999968e-01
9.919140435398150490e-01 -4.887577687190600151e-04 1.269105643527659311e-01 2.958942649999999897e-01 5.949268854936994033e-02 8.851028414174807457e-01 -4.615772742714590038e-01 2.265827659999999910e-01 -1.121033016358648077e-01 4.653952312073529329e-01 8.779750158927034365e-01 -1.102236959999999960e-01
9.917384509387091596e-01 -1.582940033498979326e-03 1.282666723297199995e-01 2.967775169999999907e-01 6.032837984535089487e-02 8.881951191032808612e-01 -4.554886573629948199e-01 2.256101369999999884e-01 -1.132048210763325624e-01 4.594637360031355033e-01 8.809527477584234711e-01 -1.147911920000000002e-01
9.916239932131873935e-01 -2.478011133686099099e-03 1.291344862720792408e-01 2.982404229999999767e-01 6.072426441395459978e-02 8.913667255031457737e-01 -4.491969772573984332e-01 2.251781969999999966e-01 -1.139930690670122454e-01 4.532760970166206937e-01 8.840511071640951846e-01 -1.198619679999999993e-01
9.915721305805953456e-01 -3.440073242760514904e-03 1.295101376415881689e-01 3.000557719999999984e-01 6.090582275938789120e-02 8.946728648575862364e-01 -4.425505006680267583e-01 2.246199249999999981e-01 -1.143467997359816773e-01 4.467086643256469869e-01 8.873421992706848060e-01 -1.254022569999999892e-01
9.914826943751210431e-01 -4.303358761336889549e-03 1.301673840023742090e-01 3.013095559999999784e-01 6.113527062789371469e-02 8.978763220516010612e-01 -4.359823264587036618e-01 2.244829240000000004e-01 -1.149980236347760698e-01 4.402267499851192922e-01 8.904919220058286067e-01 -1.308144029999999958e-01
9.913441973356180714e-01 -5.418349364595894530e-03 1.311766896180956155e-01 3.021723629999999994e-01 6.174226327700048367e-02 9.010065069005768201e-01 -4.293892959171832224e-01 2.242641599999999902e-01 -1.158644696808843605e-01 4.337717326117320749e-01 8.935421135305170459e-01 -1.357261240000000035e-01
9.915414708134508981e-01 -6.420480462647169817e-03 1.296313584273776909e-01 3.033366499999999855e-01 6.096970341711422520e-02 9.047570657918946324e-01 -4.215416315915551659e-01 2.216057630000000112e-01 -1.145783876755456510e-01 4.258795948742673532e-01 8.974956065337602595e-01 -1.407092809999999916e-01
9.915054222950763219e-01 -7.625472775287942678e-03 1.298416332476443336e-01 3.048916159999999764e-01 6.128793443837514399e-02 9.078959142437253993e-01 -4.146912079991899591e-01 2.214582260000000080e-01 -1.147204718075194446e-01 4.191263068151453441e-01 9.006510713277128266e-01 -1.457350109999999976e-01
9.915178515105370627e-01 -8.468597297526206380e-03 1.296943830539353526e-01 3.072235580000000077e-01 6.106669373978701465e-02 9.112250587312199501e-01 -4.073570316761156440e-01 2.210593670000000066e-01 -1.147310291578509112e-01 4.118217760149372464e-01 9.040130617133157465e-01 -1.510644409999999938e-01
9.914791779615604872e-01 -9.603503169542577239e-03 1.299107862940594160e-01 3.086093069999999994e-01 6.121184298816750857e-02 9.146640013094985422e-01 -3.995533443565321141e-01 2.195570619999999973e-01 -1.149876077960582665e-01 4.041009000675080953e-01 9.074581602575237937e-01 -1.562816200000000100e-01
9.914639584001422312e-01 -1.045960305787651742e-02 1.299608244718101491e-01 3.104873599999999900e-01 6.111244654732510273e-02 9.177801766803956873e-01 -3.923580203965530977e-01 2.191779169999999999e-01 -1.151715592953456435e-01 3.969510599511900661e-01 9.105851788455078255e-01 -1.613732579999999917e-01
9.914580861645243548e-01 -1.158448244573741584e-02 1.299102118597412758e-01 3.123387400000000036e-01 6.119139369334782030e-02 9.209349554731138809e-01 -3.848823471212980962e-01 2.184925080000000019e-01 -1.151801923806527322e-01 3.895441021940879711e-01 9.137772790614557827e-01 -1.659390629999999978e-01
9.914124151486424230e-01 -1.260333562701102667e-02 1.301636624415928589e-01 3.138255180000000255e-01 6.142871018798661681e-02 9.235793478398452994e-01 -3.784543589501466188e-01 2.190879139999999947e-01 -1.154466831648980896e-01 3.832001359274275765e-01 9.164222384749426409e-01 -1.700146050000000131e-01
9.913842426581073175e-01 -1.370928189311830525e-02 1.302664154691681730e-01 3.151648939999999732e-01 6.154085013743332278e-02 9.266591891936640790e-01 -3.708307846542720498e-01 2.182224839999999944e-01 -1.156287471763527003e-01 3.756525025511158744e-01 9.195189993434127462e-01 -1.741102190000000105e-01
9.914028496953366520e-01 -1.464614589430866115e-02 1.300226135193733590e-01 3.176633420000000152e-01 6.138265241250532439e-02 9.296417654312222334e-01 -3.633157826859794715e-01 2.173185940000000038e-01 -1.155532760192079650e-01 3.681734351855969201e-01 9.225485147269306685e-01 -1.786667259999999979e-01
9.913595908052594829e-01 -1.588494277423222953e-02 1.302068750546142017e-01 3.188285229999999748e-01 6.169628233463753109e-02 9.324542054473549113e-01 -3.559813527273960609e-01 2.163003679999999929e-01 -1.157572048060648284e-01 3.609388082994144931e-01 9.253774614712017010e-01 -1.822543000000000080e-01
9.913411077206857325e-01 -1.671326575308637596e-02 1.302439053890444842e-01 3.209598359999999984e-01 6.146800995333208395e-02 9.355491920051758337e-01 -3.478065454974067494e-01 2.140465679999999926e-01 -1.160365972247580368e-01 3.528007597587189403e-01 9.284757035152669813e-01 -1.863141660000000033e-01
9.913186634334842928e-01 -1.783312629599457036e-02 1.302662163991936406e-01 3.228551450000000100e-01 6.162003604345638041e-02 9.382290566978401802e-01 -3.404837857018807590e-01 2.130689470000000085e-01 -1.161476589796521658e-01 3.455549403125243169e-01 9.311828523652883050e-01 -1.897133290000000139e-01
9.913553554477241292e-01 -1.897218010768038365e-02 1.298253272943238612e-01 3.257032329999999809e-01 6.158253012621708877e-02 9.410080826023701217e-01 -3.327331971118366871e-01 2.108369920000000008e-01 -1.158540081670467736e-01 3.378518090213111780e-01 9.340417570604953035e-01 -1.929670129999999928e-01
9.913412390602235336e-01 -1.982074304293766562e-02 1.298063399213095215e-01 3.277930920000000081e-01 6.138841314314116837e-02 9.438186074458654318e-01 -3.247120246783514186e-01 2.082431909999999942e-01 -1.160776053780733785e-01 3.298690261060790996e-01 9.368630717162028665e-01 -1.955820470000000089e-01
9.912552549353135234e-01 -2.115723953581556682e-02 1.302512601795112746e-01 3.292079270000000113e-01 6.185694675154325417e-02 9.463979683828459555e-01 -3.170246103686563677e-01 2.058298739999999960e-01 -1.165621623928766865e-01 3.223092562369963554e-01 9.394306816589773623e-01 -1.977971789999999896e-01
9.910948564708006447e-01 -2.223637368102606912e-02 1.312879627484594414e-01 3.299362060000000096e-01 6.230798234154330539e-02 9.488022536286030428e-01 -3.096643325373621414e-01 2.036874889999999994e-01 -1.176805031160600840e-01 3.150870152748314057e-01 9.417385369578697984e-01 -1.988747570000000131e-01
9.910644766670833050e-01 -2.363878563423412946e-02 1.312722777373007688e-01 3.322436810000000129e-01 6.271520411037170839e-02 9.511802595062840426e-01 -3.021968184792030998e-01 2.015678140000000118e-01 -1.177200333927693188e-01 3.077292994488771694e-01 9.441634773696282457e-01 -2.007497550000000019e-01
9.909207059246126770e-01 -2.450208577894817663e-02 1.321960754423073536e-01 3.332660789999999928e-01 6.283723659567716502e-02 9.536571911462465856e-01 -2.942608425735066535e-01 1.979061069999999978e-01 -1.188597335807465155e-01 2.998959979184988023e-01 9.465383004219013463e-01 -2.012400030000000006e-01
9.907760814126237436e-01 -2.595955713477737792e-02 1.329994657658903900e-01 3.343850369999999961e-01 6.347451310132831703e-02 9.560518575668602859e-01 -2.862443568518081016e-01 1.943761260000000102e-01 -1.197236095646774245e-01 2.920461385403378407e-01 9.488810833168097592e-01 -2.015618829999999972e-01
9.906261192961649531e-01 -2.707993671807806466e-02 1.338901370361731680e-01 3.360388280000000116e-01 6.376756646358962277e-02 9.584776514310218154e-01 -2.779465581268894536e-01 1.898929920000000104e-01 -1.208039288911251508e-01 2.838789684612397779e-01 9.512198179337152393e-01 -2.016122190000000092e-01
9.904728749827467205e-01 -2.849652379769034363e-02 1.347272506023179939e-01 3.373430969999999807e-01 6.440444971820978581e-02 9.606200994846456620e-01 -2.702981526437130966e-01 1.861150259999999890e-01 -1.217191471376081885e-01 2.764000227886334593e-01 9.533034546368412965e-01 -2.011753619999999965e-01
