9.999918034053982829e-01 1.485832049664818346e-03 -3.766354356585575706e-03 -1.283681999999999965e-03 -1.489581403974762951e-03 9.999983976702334632e-01 -9.928767327568182883e-04 -4.010819999999999793e-04 3.764873073572982086e-03 9.984788859590998291e-04 9.999924143565560586e-01 3.881764800000000321e-02
9.999918034053982829e-01 1.485832049664818346e-03 -3.766354356585575706e-03 -1.283681999999999965e-03 -1.489581403974762951e-03 9.999983976702334632e-01 -9.928767327568182883e-04 -4.010819999999999793e-04 3.764873073572982086e-03 9.984788859590998291e-04 9.999924143565560586e-01 3.881764800000000321e-02
9.999918034053982829e-01 1.485832049664818346e-03 -3.766354356585575706e-03 -1.283681999999999965e-03 -1.489581403974762951e-03 9.999983976702334632e-01 -9.928767327568182883e-04 -4.010819999999999793e-04 3.764873073572982086e-03 9.984788859590998291e-04 9.999924143565560586e-01 3.881764800000000321e-02
9.999918034053982829e-01 1.485832049664818346e-03 -3.766354356585575706e-03 -1.283681999999999965e-03 -1.489581403974762951e-03 9.999983976702334632e-01 -9.928767327568182883e-04 -4.010819999999999793e-04 3.764873073572982086e-03 9.984788859590998291e-04 9.999924143565560586e-01 3.881764800000000321e-02
9.999918034053982829e-01 1.485832049664818346e-03 -3.766354356585575706e-03 -1.283681999999999965e-03 -1.489581403974762951e-03 9.999983976702334632e-01 -9.928767327568182883e-04 -4.010819999999999793e-04 3.764873073572982086e-03 9.984788859590998291e-04 9.999924143565560586e-01 3.881764800000000321e-02
9.999918034053982829e-01 1.485832049664818346e-03 -3.766354356585575706e-03 -1.283681999999999965e-03 -1.489581403974762951e-03 9.999983976702334632e-01 -9.928767327568182883e-04 -4.010819999999999793e-04 3.764873073572982086e-03 9.984788859590998291e-04 9.999924143565560586e-01 3.881764800000000321e-02
9.999541084487202358e-01 4.285238104436687838e-03 -8.568414725802374690e-03 -2.033094000000000047e-03 -4.298280749633650970e-03 9.999896308153395363e-01 -1.504341848898745320e-03 -7.218920000000000198e-04 8.561879415314834277e-03 1.541102264388438149e-03 9.999621588963696350e-01 7.843486199999999409e-02
9.999120039299908003e-01 4.680458410420267404e-03 -1.241280410618349032e-02 -3.229315999999999871e-03 -4.681451565737130421e-03 9.999890406473331828e-01 -5.095551062368582009e-05 -8.452779999999999799e-04 1.241242957473744947e-02 1.090609679570866248e-04 9.999229568810577007e-01 1.184350400000000053e-01
9.998536932776054265e-01 3.825826740898122854e-03 -1.667198515117051041e-02 -4.244081000000000242e-03 -3.778843405752720531e-03 9.999888025829074545e-01 2.848692913900827735e-03 -1.236595999999999963e-03 1.668269707352562289e-02 -2.785275309828178555e-03 9.998569546989216628e-01 1.595053670000000090e-01
9.998097297641922454e-01 3.597666508728858317e-03 -1.917188213360633206e-02 -5.757268000000000281e-03 -3.500344964160428864e-03 9.999808308092583697e-01 5.107406304308362462e-03 -1.254202000000000051e-03 1.918988936874831477e-02 -5.039326315826629828e-03 9.998031572946236567e-01 2.001492079999999951e-01
9.997398829658122876e-01 4.979845705922364071e-03 -2.225685387131448242e-02 -7.010505999999999682e-03 -4.865697564549704285e-03 9.999747465493935561e-01 5.179889061204205787e-03 -1.825103999999999919e-03 2.228208685725318119e-02 -5.070246564147990083e-03 9.997388665071816893e-01 2.419469059999999894e-01
9.996939925715619957e-01 4.418653760909255560e-03 -2.433920120445843063e-02 -7.992545000000000205e-03 -4.301181011160715856e-03 9.999788584871197594e-01 4.876722332278887566e-03 -1.870158999999999927e-03 2.436023518439710614e-02 -4.770542708971343450e-03 9.996918629577929982e-01 2.839082479999999742e-01
9.996529153983435556e-01 1.321553428465552585e-03 -2.631163681962439549e-02 -9.372640999999999264e-03 -1.207301095814547736e-03 9.999897764451585180e-01 4.357686223893756337e-03 -1.818876000000000086e-03 2.631712673633176264e-02 -4.324407670141586051e-03 9.996442909048429692e-01 3.268413840000000126e-01
9.996033616744767203e-01 9.828400454313206136e-04 -2.814521903503768713e-02 -1.096547200000000041e-02 -8.472931101678793158e-04 9.999879885705199589e-01 4.827505470852620946e-03 -1.548862999999999933e-03 2.814962563642033760e-02 -4.801743446993653706e-03 9.995921877627889085e-01 3.701937200000000039e-01
9.995566148608080459e-01 -4.682173753285454173e-04 -2.977170570343116995e-02 -1.216930299999999937e-02 6.130435245924999383e-04 9.999880235183118415e-01 4.855615056534484317e-03 -2.013366999999999848e-03 2.976907565980561193e-02 -4.871713500374342393e-03 9.995449307269438366e-01 4.135251340000000164e-01
9.995127214040178121e-01 1.943026492881333661e-03 -3.115356158743743872e-02 -1.437448199999999919e-02 -1.885253386415168672e-03 9.999964486871213420e-01 1.883728434376652798e-03 -1.838168000000000050e-03 3.115711108564634194e-02 -1.824078176348327895e-03 9.995128349188935335e-01 4.572998580000000035e-01
9.994664702673641266e-01 2.239171615137596980e-03 -3.258467311135849337e-02 -1.588480199999999995e-02 -2.261755396036155101e-03 9.999972269037488148e-01 -6.562372595286662972e-04 -2.020683000000000114e-03 3.258311332307930325e-02 7.295856976767335937e-04 9.994687631091253577e-01 5.014705059999999825e-01
9.993872669212034987e-01 5.744457129420241573e-03 -3.452668428991559346e-02 -1.779580299999999893e-02 -5.815889306185312649e-03 9.999811494092348818e-01 -1.968821414888105581e-03 -2.412977000000000177e-03 3.451472363130625443e-02 2.168418426820716872e-03 9.994018370076076518e-01 5.460664029999999780e-01
9.993559263882790811e-01 6.576003019651320038e-03 -3.527730966088527681e-02 -1.999345400000000078e-02 -6.623071931948340020e-03 9.999773259748330201e-01 -1.217560843159020160e-03 -3.195921999999999912e-03 3.526850309849697412e-02 1.450420803798936056e-03 9.993768203078773338e-01 5.906494860000000013e-01
9.993146370546285295e-01 5.908153620482047876e-03 -3.654243956241326474e-02 -2.204936600000000080e-02 -5.902269568637178061e-03 9.999825453020492194e-01 2.688962144175243395e-04 -3.719333999999999921e-03 3.654339040531107141e-02 -5.302859392301682720e-05 9.993320658348020524e-01 6.360879539999999555e-01
9.992681476536563467e-01 6.463759504491431614e-03 -3.770131162040210593e-02 -2.420548200000000039e-02 -6.396726136776280554e-03 9.999777388004547074e-01 1.898367261800922500e-03 -4.067946000000000235e-03 3.771274293341247974e-02 -1.655812971833177947e-03 9.992872496453862885e-01 6.813998220000000439e-01
9.992459857474755847e-01 5.944761414290304115e-03 -3.836821313643731801e-02 -2.664591599999999866e-02 -5.878128709540045467e-03 9.999810137771726337e-01 1.849239857958781411e-03 -4.251594000000000033e-03 3.837847795874657630e-02 -1.622312209578500490e-03 9.992619579132714369e-01 7.271146769999999870e-01
9.991836117217725022e-01 5.016608673473901304e-03 -4.008670233445831704e-02 -2.872197099999999892e-02 -4.981021125786557792e-03 9.999871069619538089e-01 9.875922267499350447e-04 -4.326787000000000341e-03 4.009113985881054137e-02 -7.871132568412935512e-04 9.991957170432338442e-01 7.733162049999999788e-01
9.991480907615764018e-01 4.417198775419378665e-03 -4.103146454216751587e-02 -3.010836100000000015e-02 -4.418154600589401654e-03 9.999902376369186330e-01 6.738534155690680092e-05 -4.753232999999999937e-03 4.103136163256109609e-02 1.139554184739981864e-04 9.991578525822336632e-01 8.178812269999999884e-01
9.991094859918243642e-01 3.983363730586195889e-03 -4.200437851632299324e-02 -3.248205800000000115e-02 -3.914278215714279974e-03 9.999908481854846709e-01 1.726838534718715124e-03 -4.911300000000000388e-03 4.201087272602975486e-02 -1.560883937022630383e-03 9.991159343210038735e-01 8.654793499999999806e-01
9.991163218333478646e-01 4.775033378884778294e-03 -4.175852610464755171e-02 -3.416663400000000128e-02 -4.552128441285558345e-03 9.999748886446079288e-01 5.431409288393207642e-03 -5.417276999999999856e-03 4.178341265210435557e-02 -5.236519496243771145e-03 9.991129692335644075e-01 9.107244009999999612e-01
9.991447289349596472e-01 6.705361087404637307e-03 -4.080255842681385775e-02 -3.639897300000000113e-02 -6.325086195057099542e-03 9.999354203169781297e-01 9.441847283951478390e-03 -5.919329000000000084e-03 4.086323440589519768e-02 -9.175692246140532485e-03 9.991226164719188008e-01 9.570912120000000245e-01
9.991676973112495475e-01 6.377153094777349152e-03 -4.028950940556563776e-02 -3.768226100000000162e-02 -5.933637636428602813e-03 9.999205854184114450e-01 1.111821932239735918e-02 -5.441770000000000287e-03 4.035721241779402502e-02 -1.086990224919910132e-02 9.991261885422471067e-01 1.004243015999999988e+00
9.992872428797822115e-01 4.477671664042353998e-03 -3.748275168917140215e-02 -4.049225900000000267e-02 -3.994090180392426311e-03 9.999079556890050346e-01 1.296639477517396929e-02 -5.702638000000000325e-03 3.753736087358756218e-02 -1.280744339451860350e-02 9.992131483984496576e-01 1.050711869999999992e+00
9.993105710997447488e-01 4.910071017863065421e-03 -3.680045775396789676e-02 -4.118459700000000334e-02 -4.521043497359244698e-03 9.999330981088100367e-01 1.064704053772245855e-02 -6.390133999999999571e-03 3.685027345891778161e-02 -1.047332369004514395e-02 9.992659139772989141e-01 1.096363664000000071e+00
9.993541477535912154e-01 5.938785181113635618e-03 -3.544034703929806185e-02 -4.363952599999999793e-02 -5.749801094166398334e-03 9.999687161144946712e-01 5.431995922929139589e-03 -5.607270000000000136e-03 3.547149778442997003e-02 -5.224712709975640190e-03 9.993570309063860568e-01 1.144019007999999893e+00
9.993945945478186488e-01 5.606915688787151089e-03 -3.433666968504672790e-02 -4.581998999999999794e-02 -5.522082890158713439e-03 9.999814636348919317e-01 2.564953639623165655e-03 -5.739875999999999659e-03 3.435041468680387344e-02 -2.373790866532317443e-03 9.994070312579187432e-01 1.191364883999999957e+00
9.994440031275600989e-01 2.648404240129275874e-03 -3.323658477248239707e-02 -4.730811299999999886e-02 -2.534463331622215619e-03 9.999907683123017144e-01 3.469839447745958535e-03 -5.834052000000000161e-03 3.324546748021760256e-02 -3.383673322490933066e-03 9.994414888560853027e-01 1.239748359000000022e+00
9.994281244781759721e-01 1.265552824761722759e-03 -3.379086234595655991e-02 -4.861330600000000196e-02 -9.829459288911975099e-04 9.999644148483053385e-01 8.378714363623420217e-03 -6.176346999999999567e-03 3.380026359862484120e-02 -8.340708191397828639e-03 9.993938036467553410e-01 1.288033843000000012e+00
9.994101412144625884e-01 -1.851367571155508335e-03 -3.429201183663942165e-02 -5.052346399999999710e-02 2.235885027625458734e-03 9.999350235476240911e-01 1.117808127344144600e-02 -6.226637000000000144e-03 3.426908892618805991e-02 -1.124816077982955520e-02 9.993493425340510550e-01 1.335565090000000010e+00
9.993677597620329589e-01 -7.812417605029111332e-03 -3.468496618681074506e-02 -5.203321600000000019e-02 8.178302425906305156e-03 9.999122709847284574e-01 1.041948672408038803e-02 -6.281211000000000086e-03 3.460052192736387533e-02 -1.069656324842253523e-02 9.993439785264263131e-01 1.383225799000000089e+00
9.992813618303785228e-01 -1.061836634198898462e-02 -3.638695088422916335e-02 -5.332961700000000277e-02 1.087505708563406455e-02 9.999173071172888783e-01 6.863822600680799697e-03 -6.344693000000000208e-03 3.631105935948703012e-02 -7.254600163808595965e-03 9.993142037140546607e-01 1.431617021999999961e+00
9.992408047490339840e-01 -9.516914282649894391e-03 -3.777886270177549521e-02 -5.543154899999999663e-02 9.624892322952448981e-03 9.999500954787157170e-01 2.677312062296061373e-03 -6.443489000000000161e-03 3.775149761631292622e-02 -3.038896945281206307e-03 9.992825373902425312e-01 1.480417727999999933e+00
9.991793940819815312e-01 -7.990177868870722983e-03 -3.970762520710613419e-02 -5.773333800000000210e-02 8.059742608829367078e-03 9.999662522333639947e-01 1.592150570689852222e-03 -6.545139000000000165e-03 3.969356359718313743e-02 -1.910877281286308110e-03 9.992100727859843934e-01 1.528872728000000070e+00
9.991511972265529895e-01 -7.562880045199819705e-03 -4.049306022230913377e-02 -5.970142800000000083e-02 7.696807494577787533e-03 9.999654097256720497e-01 3.152539700000848728e-03 -7.128058999999999958e-03 4.046781727665883094e-02 -3.461531104957545155e-03 9.991748463443583805e-01 1.578290462000000005e+00
9.991154658668118804e-01 -4.716748939326794940e-03 -4.178562127319301878e-02 -6.185150100000000317e-02 4.964930427857058154e-03 9.999706354309908507e-01 5.837614374639831828e-03 -7.388704999999999752e-03 4.175685969502376804e-02 -6.039913507975260866e-03 9.991095456020957499e-01 1.627397895000000094e+00
9.990844558060386627e-01 -4.860618445790988902e-03 -4.250440630188892510e-02 -6.463654300000000463e-02 5.175430379815874025e-03 9.999599640576214421e-01 7.299671380555771555e-03 -7.628577000000000101e-03 4.246722368056685126e-02 -7.512966804456311723e-03 9.990696123107036808e-01 1.676126122000000107e+00
9.990319812642269870e-01 -4.189303817422129241e-03 -4.378984065737761416e-02 -6.662478300000000686e-02 4.620427975279737913e-03 9.999418052701477544e-01 9.748729066047649369e-03 -7.406242999999999854e-03 4.374645193153887252e-02 -9.941619918468128439e-03 9.989931992445185704e-01 1.724878429999999963e+00
9.990297370034411095e-01 -4.468518520691459883e-03 -4.381343315771490943e-02 -6.885991199999999535e-02 5.048031566668959719e-03 9.999011192895567168e-01 1.312512936292451089e-02 -7.845391000000000170e-03 4.375045097067262190e-02 -1.333356612920290167e-02 9.989535094558409378e-01 1.774898051999999948e+00
9.990260768204554109e-01 1.787281871463163290e-03 -4.408745236732725808e-02 -7.202857000000000010e-02 -1.116114849769618902e-03 9.998831888055373929e-01 1.524345865320554834e-02 -7.840556999999999735e-03 4.410954681666470062e-02 -1.517940603521107830e-02 9.989113742029602783e-01 1.824384451000000018e+00
9.990150111764279917e-01 1.462639906649278176e-03 -4.434938701566164959e-02 -7.453095199999999754e-02 -8.126943849374327136e-04 9.998920652314740032e-01 1.466960854878280630e-02 -7.790184000000000344e-03 4.436605652971822161e-02 -1.461911665051303204e-02 9.989083714016819826e-01 1.873913646000000099e+00
9.990168727753119260e-01 2.069262449565548948e-03 -4.428324810976461134e-02 -7.663340100000000377e-02 -1.504174169341393388e-03 9.999170695655230645e-01 1.279028739181005229e-02 -7.837653999999999455e-03 4.430604214217784276e-02 -1.271110319412233590e-02 9.989371364031292000e-01 1.922233343000000039e+00
9.990225051671161038e-01 4.436556411749697192e-03 -4.398125892723768471e-02 -7.961816300000000568e-02 -3.987326015393617175e-03 9.999390387487088194e-01 1.029660223351202934e-02 -7.492710999999999989e-03 4.402425923131844665e-02 -1.011116974012217333e-02 9.989792935019324860e-01 1.971129297999999919e+00
9.989713068769892068e-01 3.912444231387039902e-03 -4.517765837907466303e-02 -8.154443699999999740e-02 -3.435830938374022543e-03 9.999376758517641850e-01 1.062259280660704172e-02 -7.825517000000000584e-03 4.521640302194548239e-02 -1.045644262205622579e-02 9.989224893381110082e-01 2.019681691999999806e+00
9.989318815797941786e-01 1.743070298575142684e-03 -4.617421000283903482e-02 -8.398284799999999883e-02 -1.188553561479114250e-03 9.999268828461754799e-01 1.203396451558419455e-02 -8.004603000000000759e-03 4.619180992214475673e-02 -1.196623029466963722e-02 9.988609142561597487e-01 2.068214892999999943e+00
9.988831676877566457e-01 2.585891618350318315e-03 -4.717764804026488429e-02 -8.605292400000000286e-02 -1.970670718829799824e-03 9.999124801839610610e-01 1.308237093486738604e-02 -8.367951999999999682e-03 4.720734865453587309e-02 -1.297478851071036561e-02 9.988008415575706511e-01 2.116514683000000119e+00
9.988591196716444243e-01 4.779642326525277048e-03 -4.751435644116593776e-02 -8.880901300000000609e-02 -4.336616874879506249e-03 9.999462013266715577e-01 9.422749409816005145e-03 -8.198075000000000848e-03 4.755683760373673880e-02 -9.205947620433519579e-03 9.988261098537331018e-01 2.164843798000000152e+00
9.988204114996230842e-01 5.083985837133079937e-03 -4.829015075283451391e-02 -9.140223299999999940e-02 -4.831718661157584881e-03 9.999740729373800541e-01 5.339283454420802426e-03 -8.341503000000000112e-03 4.831604357253473786e-02 -5.099660874515131968e-03 9.988190794095104241e-01 2.212539195999999819e+00
9.987876080101840692e-01 6.205618875446699059e-03 -4.883445893698077495e-02 -9.400158399999999914e-02 -6.015628361487562401e-03 9.999737590411892363e-01 4.036513898175581906e-03 -8.475289000000000433e-03 4.885822654079278321e-02 -3.737850104859451444e-03 9.987987295626092887e-01 2.260436295999999956e+00
9.987848265690322247e-01 4.900090050129937702e-03 -4.903936513627329963e-02 -9.635758399999999613e-02 -4.562674065546504926e-03 9.999651596983532009e-01 6.990092618736908764e-03 -8.579286999999999677e-03 4.907190867328994899e-02 -6.757847804408476447e-03 9.987723861181849738e-01 2.308355092999999858e+00
9.988121019663083189e-01 4.402756477655529570e-03 -4.852834945723409621e-02 -9.919387100000000290e-02 -3.941506010458581920e-03 9.999461857285273370e-01 9.596362714018043250e-03 -9.039627999999999206e-03 4.856798838756336278e-02 -9.393688432556147883e-03 9.987757051118221208e-01 2.355537175999999899e+00
9.987795620699219112e-01 8.956446779689962836e-04 -4.938202316659175833e-02 -1.010542440000000014e-01 -3.416981265339608066e-04 9.999369407106688534e-01 1.122487614981743966e-02 -9.480148000000000741e-03 4.938896267188958716e-02 -1.119430314040329409e-02 9.987168857806477673e-01 2.402934550999999974e+00
9.987881871683785828e-01 -1.767942188944981834e-03 -4.918365128089389332e-02 -1.035790290000000030e-01 2.270193168271085644e-03 9.999458316062483920e-01 1.015775941175863645e-02 -9.673285999999999690e-03 4.916302875009596202e-02 -1.025710649769145597e-02 9.987380979868607511e-01 2.449419975000000083e+00
9.987362966613290149e-01 -4.315873224189840755e-03 -5.007177817420092880e-02 -1.056556109999999965e-01 4.754352813843547125e-03 9.999513615118447163e-01 8.641223288955685727e-03 -1.009829200000000003e-02 5.003204833439424404e-02 -8.868362245691895074e-03 9.987082388218012641e-01 2.496789693999999837e+00
9.986838736921274107e-01 -6.008760509775895250e-03 -5.093540246648892850e-02 -1.081363929999999973e-01 6.521714661509057237e-03 9.999296224628053675e-01 9.910467156769648539e-03 -1.035427000000000049e-02 5.087226813462229075e-02 -1.022960989127688278e-02 9.986527762021749632e-01 2.543081283999999886e+00
9.985952835771548797e-01 -9.087080014885381973e-03 -5.220042714638153253e-02 -1.095456030000000053e-01 9.832093376372426363e-03 9.998531896212649039e-01 1.403314448088125756e-02 -1.037602600000000000e-02 5.206524327514381462e-02 -1.452667136635455401e-02 9.985380244445947184e-01 2.589130163000000096e+00
9.985865492290674217e-01 -9.265989573958180112e-03 -5.233588764890299144e-02 -1.127224490000000023e-01 1.025322464520180173e-02 9.997739358422753631e-01 1.862655617179107687e-02 -1.027395000000000044e-02 5.215146290525630307e-02 -1.913684006468048537e-02 9.984558108745626992e-01 2.636385440999999830e+00
9.985611789353682211e-01 -7.867977947891582891e-03 -5.304400857984645917e-02 -1.150603959999999953e-01 9.011490372065607962e-03 9.997313805978023105e-01 2.135321262213545415e-02 -1.039614399999999952e-02 5.286175332394397325e-02 -2.180049474263022133e-02 9.983638482359499244e-01 2.682672977000000181e+00
9.984605105972736983e-01 -6.696224010797752202e-03 -5.506150526301074877e-02 -1.168362569999999989e-01 7.662456088111103264e-03 9.998200138510748847e-01 1.735588285089753255e-02 -1.025040600000000010e-02 5.493537607524967559e-02 -1.775107001939673843e-02 9.983321110575564816e-01 2.728097200000000111e+00
9.984163878313756513e-01 -5.579459576911836166e-03 -5.597844353479126261e-02 -1.201398000000000049e-01 6.148602450858358867e-03 9.999310939167220802e-01 1.000010531989240121e-02 -1.010589299999999947e-02 5.591879109610208703e-02 -1.032845822653354929e-02 9.983818967474387129e-01 2.773416042000000026e+00
9.983521867680531514e-01 -3.761521457198264799e-03 -5.726047617487509817e-02 -1.223058550000000050e-01 4.040731317747913581e-03 9.999805018539147383e-01 4.761134571773254810e-03 -9.988309000000000770e-03 5.724145059189340162e-02 -4.984663310575783261e-03 9.983479200488254435e-01 2.818153381000000124e+00
9.983153161676925347e-01 1.784323462510592094e-03 -5.799435916346599301e-02 -1.254862700000000109e-01 -1.454918298193451842e-03 9.999825726454117936e-01 5.721679666783691977e-03 -1.065934399999999942e-02 5.800355780247914289e-02 -5.627663391216490389e-03 9.983005142175424007e-01 2.862710953000000114e+00
9.982382077084962502e-01 4.307545097710237768e-03 -5.917707094948419094e-02 -1.281421779999999955e-01 -3.843155764500435622e-03 9.999609412556538235e-01 7.959027382583236387e-03 -1.108208599999999967e-02 5.920904343678320275e-02 -7.717578528146973316e-03 9.982157723443177977e-01 2.906600474999999850e+00
9.981540553705245955e-01 6.388556703702311795e-03 -6.039592776519973200e-02 -1.310460870000000055e-01 -5.823557771344892511e-03 9.999376657997164353e-01 9.526315651836050891e-03 -1.141230000000000022e-02 6.045302244106123130e-02 -9.157011426125242354e-03 9.981290403647627985e-01 2.949342251000000026e+00
9.981086729475994179e-01 7.473265120654199074e-03 -6.101825378703067126e-02 -1.340129079999999862e-01 -6.909883914051988089e-03 9.999315789951985778e-01 9.438794015300341206e-03 -1.181975300000000055e-02 6.108461746689092253e-02 -8.999313118530621186e-03 9.980920207437380398e-01 2.991832972000000090e+00
9.979842896025000742e-01 8.823505944359374270e-03 -6.284507498160100958e-02 -1.367273479999999986e-01 -8.194522496955861102e-03 9.999137955252332954e-01 1.025920656624879426e-02 -1.202190900000000076e-02 6.293017962504225682e-02 -9.723541596143501359e-03 9.979705633089525074e-01 3.033670424999999948e+00
9.979098464231963561e-01 9.922023084661141246e-03 -6.385524151970752016e-02 -1.398943219999999876e-01 -9.241618913373498417e-03 9.998974275039016479e-01 1.094198112499673511e-02 -1.244225799999999944e-02 6.395725831751002122e-02 -1.032898489626444399e-02 9.978991838755657540e-01 3.074810266000000070e+00
9.978102621399664862e-01 9.227352757182231274e-03 -6.549455495891166878e-02 -1.427532139999999894e-01 -8.495344406220312755e-03 9.998983999660221444e-01 1.144634740031286353e-02 -1.265869300000000038e-02 6.559352019514642917e-02 -1.086488409894322167e-02 9.977872741230594533e-01 3.114839315000000219e+00
9.977319402139307458e-01 8.869083589953885918e-03 -6.672566847338264051e-02 -1.452430339999999931e-01 -8.068351859769300541e-03 9.998922877148843646e-01 1.226028819244525704e-02 -1.264454500000000009e-02 6.682721881997123747e-02 -1.169411495450878476e-02 9.976960311137949011e-01 3.154633999000000077e+00
9.976352731420587983e-01 1.161964935907169871e-02 -6.774101808758095644e-02 -1.486019339999999911e-01 -1.061409551686785455e-02 9.998283610599899562e-01 1.518517028067287514e-02 -1.282734100000000078e-02 6.790583744516043296e-02 -1.443025186427630141e-02 9.975873721494298296e-01 3.194428681999999853e+00
9.975171504636323183e-01 1.318051334864313480e-02 -6.917953887372728372e-02 -1.513494400000000017e-01 -1.188104439094876154e-02 9.997457972495793488e-01 1.916198491762800826e-02 -1.267818799999999996e-02 6.941451804266603187e-02 -1.829248341995527022e-02 9.974201771245833070e-01 3.233007193000000168e+00
9.973760619185557674e-01 1.688429797574618474e-02 -7.039823572859828238e-02 -1.548191160000000066e-01 -1.544122380879373556e-02 9.996603776230341687e-01 2.099280871773560181e-02 -1.296418700000000028e-02 7.072877575018403362e-02 -1.985068997387515882e-02 9.972980449135760983e-01 3.271164655999999837e+00
9.972274746502965970e-01 1.954047549337723996e-02 -7.180204467899634069e-02 -1.577484309999999945e-01 -1.837873751548612170e-02 9.996898589374776378e-01 1.680499761686599439e-02 -1.288006000000000047e-02 7.210815356066696546e-02 -1.543877440274104770e-02 9.972773227317527356e-01 3.307881593999999925e+00
9.971455732445667630e-01 1.949588586854442487e-02 -7.294255406115918161e-02 -1.609650999999999998e-01 -1.884204883924774435e-02 9.997759872441578377e-01 9.641189009092856338e-03 -1.308864300000000050e-02 7.311417751916410301e-02 -8.239281775151281045e-03 9.972895423504278822e-01 3.343694687000000165e+00
9.970660441628382831e-01 1.866349964946261222e-02 -7.423595731384816099e-02 -1.636567559999999866e-01 -1.842101237807997408e-02 9.998225167250263112e-01 3.949854756985492557e-03 -1.345883999999999969e-02 7.429649978589572545e-02 -2.570764568988280225e-03 9.972328821740161775e-01 3.378391742999999892e+00
9.969799804477611493e-01 1.997819324870060004e-02 -7.504525555222912869e-02 -1.661644579999999871e-01 -1.981770326940270055e-02 9.997994542169338361e-01 2.882704398176006311e-03 -1.400471799999999933e-02 7.508779676823462701e-02 -1.386773968219617761e-03 9.971759622225424557e-01 3.412488461000000139e+00
9.968755003286940974e-01 2.254754981996514446e-02 -7.570234369906911343e-02 -1.692474629999999869e-01 -2.212523969544370750e-02 9.997346402481510630e-01 6.412710528252173192e-03 -1.420905299999999927e-02 7.582684625404753631e-02 -4.717741516465702792e-03 9.971098396376142370e-01 3.445971726999999873e+00
9.967704179890363170e-01 2.298755650957111374e-02 -7.694352518361188831e-02 -1.716127400000000136e-01 -2.237495241625110654e-02 9.997107913483357367e-01 8.814486148094510462e-03 -1.486349699999999982e-02 7.712389594887139599e-02 -7.064411327472800220e-03 9.969964888434983408e-01 3.476879596999999933e+00
9.967658150390418248e-01 1.980599329059237398e-02 -7.788217125457946866e-02 -1.744346469999999982e-01 -1.942953264061035232e-02 9.997956095972748702e-01 5.588585812264445021e-03 -1.541363999999999929e-02 7.797694037933325384e-02 -4.057297103564937515e-03 9.969469068658026734e-01 3.509120940999999938e+00
9.968959391215675980e-01 1.176399781090738984e-02 -7.784661147688301530e-02 -1.765028240000000026e-01 -1.184734151224789249e-02 9.999296324267252789e-01 -6.088464882115160459e-04 -1.480121199999999936e-02 7.783397113099121967e-02 1.529231983384396736e-03 9.969651620731393438e-01 3.538319349000000003e+00
9.970049591873646477e-01 7.900311916926118505e-03 -7.693306459134843789e-02 -1.782353369999999937e-01 -8.301103724526935623e-03 9.999535827554816292e-01 -4.891217786068463580e-03 -1.578906899999999933e-02 7.689085142431420494e-02 5.515197738194215285e-03 9.970242622730666193e-01 3.568566560999999915e+00
9.972078212019804822e-01 9.996024063522330680e-03 -7.400432984981721030e-02 -1.801879550000000108e-01 -1.045411767144662808e-02 9.999285023078114953e-01 -5.805316198843270444e-03 -1.561127699999999979e-02 7.394100863060100448e-02 6.562756690483599435e-03 9.972410227559388440e-01 3.598205565999999855e+00
9.974632415597262103e-01 1.534939830508325921e-02 -6.950883187649790906e-02 -1.832809300000000086e-01 -1.552845857452470925e-02 9.998773524125585954e-01 -2.036444634983705475e-03 -1.688519499999999868e-02 6.946904858613377198e-02 3.110643683225560938e-03 9.975792575953117414e-01 3.625189781000000000e+00
9.978270123491699284e-01 1.379213666346721170e-02 -6.442849053474501708e-02 -1.854144930000000135e-01 -1.378055905105767323e-02 9.999048488145987346e-01 6.241067975136124725e-04 -1.712694600000000053e-02 6.443096785374093083e-02 2.651099972347481471e-04 9.979221312798507437e-01 3.652256727000000147e+00
9.981766504816229624e-01 9.931324704928199201e-03 -5.953774620266781559e-02 -1.857228579999999907e-01 -9.679045996473458272e-03 9.999429222533272599e-01 4.524190985634913946e-03 -1.709555299999999944e-02 5.957927913197803849e-02 -3.939673220158225291e-03 9.982158025562569703e-01 3.679752827000000170e+00
9.986426184232285452e-01 5.388352969059650999e-03 -5.180623824481659506e-02 -1.858994509999999933e-01 -4.972998014189679988e-03 9.999544791128557319e-01 8.143033395993851467e-03 -1.775683600000000154e-02 5.184775751706854202e-02 -7.874347872568984372e-03 9.986239555939127044e-01 3.705870628000000000e+00
9.991466742282676394e-01 9.087479454564617587e-03 -4.029070731266561067e-02 -1.877877119999999955e-01 -8.766701046018506721e-03 9.999285121549944533e-01 8.131145815254158665e-03 -1.815768699999999874e-02 4.036171863736426335e-02 -7.770990713033516968e-03 9.991549146013225524e-01 3.730857848999999948e+00
9.995775231024788265e-01 1.423135333572334363e-02 -2.534253125769375670e-02 -1.883469369999999921e-01 -1.404623480545493311e-02 9.998734599291048131e-01 7.467758511825077668e-03 -1.826736099999999932e-02 2.544560072199938267e-02 -7.108636411767417680e-03 9.996509334223930843e-01 3.755650520000000103e+00
9.997966069187129712e-01 1.911980384523633697e-02 -6.417000447902497171e-03 -1.890292759999999961e-01 -1.907038361214658667e-02 9.997886754580717072e-01 7.676255251111549840e-03 -1.815440899999999982e-02 6.562412872889509044e-03 -7.552319293722463064e-03 9.999499473526519688e-01 3.779917717000000010e+00
9.997323468685155312e-01 1.755541765883878239e-02 1.506791079061089826e-02 -1.874497380000000046e-01 -1.768322794718378901e-02 9.998084257914136019e-01 8.391374491901951518e-03 -1.857433699999999979e-02 -1.491771008358907212e-02 -8.655577815439937164e-03 9.998512603875352456e-01 3.803878545999999972e+00
9.990398567599099167e-01 1.415844228862974882e-02 4.145965650000478508e-02 -1.856994030000000129e-01 -1.455737622058980718e-02 9.998504482293185669e-01 9.336164801623959147e-03 -1.881859799999999888e-02 -4.132127058442243428e-02 -9.930744563748303277e-03 9.990965583514431758e-01 3.826430558999999842e+00
9.974139896598223087e-01 1.298099049002324722e-02 7.068823888578455727e-02 -1.828209610000000040e-01 -1.377166983781399727e-02 9.998478114411560869e-01 1.070957824606286017e-02 -1.892793599999999937e-02 -7.053846001121701070e-02 -1.165537825333115042e-02 9.974409645773616440e-01 3.848688364000000028e+00
9.945235941795490531e-01 1.272600293120837098e-02 1.037346107602786921e-01 -1.794048400000000099e-01 -1.401694415117291787e-02 9.998330091240429374e-01 1.172515000434916528e-02 -1.895122399999999915e-02 -1.035680737334365581e-01 -1.311498057019017636e-02 9.945358974857514411e-01 3.870992898999999987e+00
9.898611130655927681e-01 1.267314334088556413e-02 1.414721466522903259e-01 -1.753525730000000116e-01 -1.458542256366557321e-02 9.998156378723762616e-01 1.248822303183631799e-02 -1.939066700000000032e-02 -1.412877995057786051e-01 -1.442503739041739105e-02 9.898634633155726226e-01 3.892489910000000108e+00
9.830489838838178951e-01 1.341886720876757887e-02 1.828513857968446787e-01 -1.701434549999999990e-01 -1.577178470258811666e-02 9.998104022853991912e-01 1.141973244884949418e-02 -1.890961799999999957e-02 -1.826634777186952330e-01 -1.411004906942427140e-02 9.830742395277022316e-01 3.913693665999999904e+00
9.736346571152587615e-01 1.251574292396196407e-02 2.277694242937664815e-01 -1.642137320000000011e-01 -1.560707631373667477e-02 9.998088528277812026e-01 1.177611889093342634e-02 -1.964625700000000030e-02 -2.275784999357138572e-01 -1.502045226541116885e-02 9.736438837587143569e-01 3.933522940000000023e+00
9.607192448411754349e-01 1.536556323965044060e-02 2.770964309732805164e-01 -1.581613719999999945e-01 -1.882863767050365136e-02 9.997742919001441075e-01 9.841120822263221130e-03 -2.016379700000000066e-02 -2.768826737000251725e-01 -1.467190246334111256e-02 9.607917153487698370e-01 3.952593327000000212e+00
9.442729911957524758e-01 1.536826143374397068e-02 3.288044017934228513e-01 -1.496268209999999932e-01 -1.858039874958562765e-02 9.998053925525783869e-01 6.629163227064800538e-03 -2.062899600000000014e-02 -3.286385352945283556e-01 -1.236905668548612947e-02 9.443747770647934470e-01 3.971096992000000103e+00
9.233027368534558743e-01 1.530595922713909665e-02 3.837678774090599876e-01 -1.404640530000000054e-01 -1.857124863156935438e-02 9.998159967117412616e-01 4.804315099143582207e-03 -2.140809600000000146e-02 -3.836237282066668475e-01 -1.156288594791893276e-02 9.234170968881683095e-01 3.988599538999999972e+00
8.976090404029527514e-01 1.592911284483529769e-02 4.405045674574407655e-01 -1.302497679999999880e-01 -1.861229347669491122e-02 9.998252073639750659e-01 1.771228703952157542e-03 -2.094812299999999905e-02 -4.403993564010146300e-01 -9.788671184631100863e-03 8.977486222757522505e-01 4.005779266000000227e+00
8.667405540194892399e-01 1.682479764107705153e-02 4.984754138393644451e-01 -1.193882230000000017e-01 -1.922022739850287251e-02 9.998152210657879069e-01 -3.264719274481556535e-04 -2.146859300000000109e-02 -4.983887989077790959e-01 -9.297844347287184674e-03 8.669037750602744952e-01 4.022190093999999938e+00
8.327825359651928050e-01 1.531005190692110753e-02 5.533885164168025339e-01 -1.061576010000000042e-01 -1.571775645649832812e-02 9.998684311534260516e-01 -4.009054097996103162e-03 -2.112730599999999848e-02 -5.533770865543282680e-01 -5.359355688311385861e-03 8.329136073946983299e-01 4.036862372999999948e+00
7.944391866898508070e-01 1.527111740060405759e-02 6.071516874924300922e-01 -9.352999900000000255e-02 -1.495003055916712537e-02 9.998726317401458452e-01 -5.587207112199395025e-03 -2.157407999999999895e-02 -6.071596785342785463e-01 -4.638240007978278699e-03 7.945663040248938103e-01 4.050669193000000057e+00
7.539232312142051251e-01 1.343217091636866867e-02 6.568251960910191922e-01 -7.889628399999999708e-02 -1.336615462761158585e-02 9.998976321601719119e-01 -5.105987754808037453e-03 -2.198137299999999850e-02 -6.568265428147701535e-01 -4.929704347618820044e-03 7.540255901950823070e-01 4.063657283999999592e+00
7.099045185395916890e-01 1.325007298256946145e-02 7.041732813186164508e-01 -6.410139800000000387e-02 -1.472194060033625920e-02 9.998837349153397724e-01 -3.972545369264715229e-03 -2.203651699999999852e-02 -7.041440470685177422e-01 -7.546669312171992022e-03 7.100170482180423459e-01 4.076097011999999964e+00
6.644573106712116095e-01 1.253611677876805691e-02 7.472210704147000948e-01 -4.839789900000000117e-02 -1.386781013852225741e-02 9.998939642929401961e-01 -4.443423512371627929e-03 -2.216437599999999952e-02 -7.471975415762174277e-01 -7.409854698810751025e-03 6.645607029578257663e-01 4.086738586000000062e+00
6.168210984828415011e-01 1.166511714395514557e-02 7.870169359730693204e-01 -3.214418899999999663e-02 -1.088626714934382012e-02 9.999209675764554328e-01 -6.288703246164652552e-03 -2.249933399999999931e-02 -7.870280945772988312e-01 -4.688671771728963877e-03 6.168993391980924779e-01 4.096937180000000289e+00
5.697063042741932204e-01 8.663301790486731616e-03 8.218026977762530327e-01 -1.552391099999999961e-02 -5.473474844744992580e-03 9.999622588288942238e-01 -6.746998661598094596e-03 -2.331977299999999850e-02 -8.218301332656064995e-01 -6.543087211799132434e-04 5.697322212555062659e-01 4.105158328999999995e+00
5.223691305389385198e-01 1.037731066704656278e-02 8.526563216697059522e-01 1.309871999999999903e-03 -7.381486626795266334e-03 9.999435115388973783e-01 -7.647704651556836222e-03 -2.405477699999999941e-02 -8.526875190333044197e-01 -2.298946406205038418e-03 5.224162226905377793e-01 4.113292216999999695e+00
4.741332827560363339e-01 1.349128064994824412e-02 8.803497120630010553e-01 1.848733400000000110e-02 -1.110192431656100397e-02 9.998947120714369863e-01 -9.344091611682297377e-03 -2.433923600000000020e-02 -8.803830856277590211e-01 -5.343231045209637618e-03 4.742331414215413821e-01 4.121212481999999788e+00
4.278945712436884041e-01 1.555108938544340000e-02 9.036948597392295834e-01 3.610181800000000080e-02 -1.202759773995050463e-02 9.998614078064762545e-01 -1.151095442860859512e-02 -2.494179599999999872e-02 -9.037486225675732676e-01 -5.943803342769336459e-03 4.280223106440089742e-01 4.127951144999999933e+00
3.851725175587679684e-01 1.309784889652712558e-02 9.227516340119502614e-01 5.403137200000000112e-02 -4.323935156422542558e-03 9.999139139537692733e-01 -1.238823096399232875e-02 -2.521061000000000135e-02 -9.228344571493868331e-01 7.816878775497894394e-04 3.851959938289317709e-01 4.133215904000000052e+00
3.446389219467625997e-01 6.789043205195573021e-03 9.387107767420865834e-01 7.242155100000000068e-02 1.109138928081910072e-02 9.998745981346972567e-01 -1.130349896266581375e-02 -2.501068600000000072e-02 -9.386698006025306906e-01 1.430723234366604660e-02 3.445204036620613808e-01 4.137692927999999881e+00
3.101147613652284751e-01 2.583136059261369015e-03 9.506956201600419432e-01 9.159421900000000449e-02 1.533703174870421765e-02 9.998525807073388449e-01 -7.719605560753024787e-03 -2.554713000000000123e-02 -9.505754100756692582e-01 1.697481254605522419e-02 3.100294268267120845e-01 4.141577720999999990e+00
2.767000712270992202e-01 6.613713853060968449e-03 9.609335717790216114e-01 1.101036070000000061e-01 1.269781398763857039e-02 9.998638489729034795e-01 -1.053798069016124127e-02 -2.600360999999999992e-02 -9.608724348751261912e-01 1.511761575648456514e-02 2.765784185199303691e-01 4.146017074999999608e+00
2.452482575670497100e-01 1.441313703070289109e-02 9.693531624961362336e-01 1.291666029999999910e-01 1.646317978446627112e-03 9.998818438656384977e-01 -1.528358416618021999e-02 -2.661072800000000016e-02 -9.694589118665319916e-01 5.344135925016537184e-03 2.451955513743572235e-01 4.150908946999999571e+00
2.165290564730026068e-01 1.831397356374232788e-02 9.761043827763596914e-01 1.484053130000000109e-01 -3.290550520928720891e-03 9.998320456992444427e-01 -1.802921712480107935e-02 -2.762367199999999842e-02 -9.762706284530845435e-01 6.919285877545235108e-04 2.165529525419799262e-01 4.154790878000000021e+00
1.909265909736643230e-01 2.000895939544294205e-02 9.814003660092482928e-01 1.685347560000000078e-01 -1.801011666643976064e-03 9.997976837626723068e-01 -2.003366915400539225e-02 -2.839202999999999866e-02 -9.816026656525294047e-01 2.057446647437177756e-03 1.909239997934812916e-01 4.157756805000000000e+00
1.673990476464618238e-01 2.148656625346467147e-02 9.856550544271019954e-01 1.890127659999999987e-01 5.421103008138907983e-03 9.997273051530110033e-01 -2.271402592394406242e-02 -2.916980200000000162e-02 -9.858743177957488557e-01 9.145643888427364837e-03 1.672369178998265316e-01 4.159859657000000155e+00
1.475556710477280431e-01 2.783061439485723376e-02 9.886621166222863133e-01 2.100968360000000090e-01 1.232228553788012465e-02 9.994747205119551836e-01 -2.997406106406032972e-02 -2.928062899999999899e-02 -9.889769892271395024e-01 1.660541959583775040e-02 1.471352263031139307e-01 4.161587238000000077e+00
1.276419572794538493e-01 3.425843679457296620e-02 9.912284753023707928e-01 2.316966059999999994e-01 1.498655815321524309e-02 9.992225670270108440e-01 -3.646456661844661024e-02 -2.946586899999999870e-02 -9.917070806526444571e-01 1.950951184276741857e-02 1.270293081578678374e-01 4.163599013999999876e+00
1.100868997366325763e-01 3.531138980330339461e-02 9.932945083189251845e-01 2.542231079999999754e-01 1.228285960501373890e-02 9.992440576628820459e-01 -3.688420509299904226e-02 -3.018064800000000089e-02 -9.938460674904839864e-01 1.626096478005088428e-02 1.095699555449477502e-01 4.165835380999999948e+00
9.470071009206160184e-02 3.063667141846362907e-02 9.950342556276421391e-01 2.775087359999999781e-01 1.033590255274744775e-02 9.994422042901086600e-01 -3.175609236270676705e-02 -3.143370200000000086e-02 -9.954521307559087706e-01 1.329190159931032365e-02 9.433122879192679111e-02 4.167529583000000315e+00
7.992654086988686124e-02 2.754105545363218221e-02 9.964202117224812971e-01 3.018116949999999910e-01 1.030593734963762033e-02 9.995419733576055288e-01 -2.845401820005391894e-02 -3.259731099999999687e-02 -9.967474784116184816e-01 1.254327552450365882e-02 7.960609599268597680e-02 4.169291019000000098e+00
6.682921145418055375e-02 2.499728557162372508e-02 9.974512480369468470e-01 3.269870280000000129e-01 1.281467751133530050e-02 9.995821595423464156e-01 -2.590927179485094309e-02 -3.359388600000000336e-02 -9.976821340169887975e-01 1.451351228027432036e-02 6.648095535262277256e-02 4.170377253999999922e+00
5.518932890986276429e-02 2.453138998231788395e-02 9.981745082299060545e-01 3.527944089999999755e-01 1.660017883270414538e-02 9.995374256975252392e-01 -2.548271360523475526e-02 -3.427249200000000162e-02 -9.983379047382712201e-01 1.797624920553809319e-02 5.475657428381697223e-02 4.171255111999999876e+00
