0.9999566027092608 0.004567012542267133 -0.008120042770422786 -0.10847682266358896 0.0013011735316043474 -0.9315205446944518 -0.3636863782981055 0.13212623658055886 -0.009224946915585638 0.36366002970988004 -0.931486061702382 -0.07046788163794522
0.9999983163946999 0.0016635726484251663 -0.0007744248248810848 -0.10642109240584044 0.0012606198081296215 -0.9294862357324074 -0.36885464402891666 0.13454212320145473 -0.001333433712387555 0.3688530467680088 -0.9294867679770874 -0.06629945745105514
0.9999833458218947 0.00042848208314726934 0.0057553872114502365 -0.10445976200005719 0.0025309811580812537 -0.9287874785629464 -0.37060412005138593 0.13260619177259572 0.0051867343508937135 0.3706125147209536 -0.9287730948509352 -0.06480670114589664
0.9999593582839038 -0.0009947751793010636 0.008960591653774974 -0.10028216390721678 0.002410648990429196 -0.9282043035520668 -0.37206311244044005 0.13222863266915358 0.008687378884795911 0.3720695919982782 -0.9281641816825009 -0.06137414230164463
0.9999224300318585 -0.0034061762833565174 0.01198047921868818 -0.09656228361755503 0.0013084910058532677 -0.9278296751006326 -0.3730018523465292 0.13241533993992044 0.012386354204136134 0.3729885949540294 -0.9277532464312634 -0.05817571198297357
0.9998809896596421 -0.004141380766773593 0.014861207306274823 -0.09458042670026892 0.0017170514406522138 -0.9274372524579101 -0.37397485809566483 0.13304268321925478 0.015331609556913211 0.37395586867793257 -0.9273197668710224 -0.05578032831930304
0.9998178302959274 -0.004904274557629743 0.01844598366603625 -0.09364567338305751 0.0023013448984744228 -0.9284003190417071 -0.37157442244443384 0.13030556215674222 0.01894756010684637 0.3715491834122634 -0.9282199062030922 -0.05387450243537359
0.9998122117564754 -0.0055300893428864815 0.018573080909878883 -0.09066917727428209 0.0016753591331670756 -0.9301639077734359 -0.36714070578924624 0.12662106689764271 0.019306330422950074 0.367102877661713 -0.9299799690413172 -0.05085554610095923
0.9998534511034928 -0.005420747065113927 0.016238590384983674 -0.08674902328871203 0.000884976408054249 -0.9309106695753433 -0.3652458652572854 0.12670891472539583 0.01709658250038331 0.3652067096481689 -0.9307694484107035 -0.04846023739311435
0.9998798781231951 -0.005108536156810829 0.014633256051865808 -0.083789866806614 0.0005179055714621875 -0.9325823710074825 -0.3609568576158111 0.1253382139364252 0.0154906777825878 0.3609210774454665 -0.9324677017234642 -0.04684614538234539
0.9999252583883542 -0.0036483323354928056 0.011669074862762781 -0.08103990521660283 0.0007710573427573275 -0.9337213730380246 -0.3579997248638053 0.12607547002445058 0.012201766575260514 0.3579819649132564 -0.9336487721243396 -0.04453151897088612
0.9999663770730075 -0.0018495714199698967 0.007988980476096195 -0.07906587429658833 0.0010782847558775926 -0.9361151585604877 -0.3516919777522064 0.12351926006543613 0.008129085155800601 0.35168876723437675 -0.9360816892641871 -0.04319051193201977
0.9999902392460691 -5.437344521240278e-05 0.004417969682763313 -0.07739060797599338 0.0014723764321334062 -0.9386679748027656 -0.3448191775225336 0.12154636784605345 0.004165755661516663 0.3448223167418299 -0.9386587326374616 -0.040822494867158575
0.9999970931761387 0.00241102815804449 -2.4134898662267722e-05 -0.07564366942665038 0.002261574726743986 -0.9413865135105096 -0.33732227536924136 0.11949859981175541 -0.0008360137723564802 0.33732124024992566 -0.9413892297860775 -0.03928030898975751
0.9999835106759382 0.0045276100791354 -0.003532580246431156 -0.07497190643943835 0.003122959169119394 -0.9449773077128101 -0.3271209792016969 0.11462130444903174 -0.004819284413082214 0.3271045530939921 -0.9449758652171629 -0.039336300408100655
0.9999383808408969 0.007345054048174593 -0.0083237432873845 -0.07385464035038306 0.004312444670283143 -0.9479385354359107 -0.3184241445879798 0.1124118238311255 -0.010229239573430226 0.3183686278775758 -0.947911799399659 -0.03930333665948684
0.999849133791373 0.009558241896756234 -0.014503436437055853 -0.07180693031122941 0.004604293884101284 -0.9509546583696595 -0.3092960365133586 0.11053169588017475 -0.016748436776889156 0.309182596109301 -0.9508552004004832 -0.03729594422512284
0.9997288018713191 0.011696965892964229 -0.020137122382187053 -0.07021867634378758 0.005117159360119726 -0.9539106136264723 -0.30004725609618615 0.1092965542350409 -0.022718657289098013 0.2998628389775332 -0.9537117700916322 -0.03549338328091124
0.9995595140481773 0.01446672867612547 -0.025913155677821865 -0.06861705352779283 0.006306401400269406 -0.9567423927797781 -0.29086805111493985 0.10756504335110653 -0.029000123743707425 0.29057650906333765 -0.956412194194226 -0.03678236162709833
0.999342345176356 0.018418039809182538 -0.031235443761999562 -0.06830253160230274 0.008867441050871016 -0.9593752418982799 -0.2819938185879724 0.10689176322989646 -0.03516028479166512 0.28153138553668267 -0.958907625025041 -0.035644826571181384
0.9988594764200998 0.018786129548414514 -0.04389564559673758 -0.06050948130310332 0.00625060481040464 -0.962881446779863 -0.2698522732656184 0.1041341428754749 -0.04733578250402488 0.2692701260513464 -0.9619006824568863 -0.03162993383952114
0.9987353745249219 0.0227841666487314 -0.04481666456449117 -0.06545659216255414 0.01030255240298448 -0.9652492609265009 -0.26112778805563347 0.10506738388842499 -0.049208831387740154 0.26033583316740494 -0.9642633171921899 -0.03018504650506748
0.9984337228010559 0.023930735636118125 -0.050570950807144015 -0.06573551801070425 0.010579772092058187 -0.9683538473358544 -0.24935696255033504 0.10223055473821871 -0.054937870327347614 0.2484313712914762 -0.9670903185132876 -0.028228212016165637
0.9979137118541579 0.02571517499760353 -0.05921953620469007 -0.06273410335700613 0.011013174023936314 -0.9716119895405404 -0.23632361663403695 0.09884526763413094 -0.0636155145493178 0.23517838241623193 -0.9698681326617088 -0.025200030172882616
0.997477000827447 0.027659446501265027 -0.06538033220721602 -0.06137585131017651 0.012250537587937822 -0.9742241509418442 -0.22524925760243783 0.09719876638824658 -0.06992536842297505 0.22388000969467223 -0.9721050273041614 -0.02547126073737885
0.9970409396809071 0.029736283366843707 -0.07088806706166906 -0.06057973452430989 0.013929374240566676 -0.9767732562318638 -0.213822305766886 0.0954080021629308 -0.07559984876624525 0.21220216625126193 -0.9742971330681377 -0.0228910781538898
0.9965025578748841 0.030882257848140377 -0.07764623815108737 -0.059816056570392656 0.014697249189734541 -0.9794911343843405 -0.20095051263615143 0.09115336760645379 -0.08225960743323087 0.19910651373744204 -0.9765193050689027 -0.023213396291604873
0.9959486043235186 0.031202166523197072 -0.0843374314897881 -0.05835842092844112 0.014860120944550938 -0.9820842793822409 -0.1878553831961653 0.08719324909750131 -0.0886879605783634 0.18584104227678952 -0.9785691353470777 -0.022492153859550106
0.995462455796173 0.031672141449538754 -0.08972945200017847 -0.057724602233864344 0.015418426056833216 -0.9842073576555974 -0.17634667355671016 0.08487663958653557 -0.09389766364602416 0.17416300580946387 -0.9802298078355048 -0.020479374767892772
0.9948622576680778 0.032110683016642196 -0.09601037602144251 -0.0555664392896618 0.016090121145256604 -0.9864624222155515 -0.1631961934548658 0.08054017120150926 -0.0999509693254899 0.16081291488195767 -0.9819108972498793 -0.020203707859718086
0.9941675330109474 0.031659240928244875 -0.1030951442637988 -0.052506604183629686 0.015621637995787146 -0.9881335165940485 -0.15280090906080263 0.07861299069767012 -0.10670932823916904 0.15029918777999582 -0.9828648296787402 -0.019100641590896708
0.9934887256121618 0.030768793587990072 -0.10969700735508905 -0.04947960578195541 0.01504750552117886 -0.9898438803790666 -0.14136005466079202 0.0751594638349302 -0.11293238976977725 0.13878895423358326 -0.9838617288641911 -0.018632054390852696
0.9928858201655049 0.03023386812534096 -0.11516797008044856 -0.04688525645883126 0.01514043533906871 -0.9914322045729028 -0.12974186276394048 0.07193806362515276 -0.1181038328421863 0.12707516261604068 -0.9848367315012636 -0.016028150357371502
0.9925013074424526 0.030886538403884858 -0.11826739394459958 -0.045558859797490955 0.016631889201472988 -0.9926743587571062 -0.11967037113570773 0.06929164541761526 -0.12109721295971963 0.11680598962207994 -0.9857443004155767 -0.015321561291784972
0.9923291657062979 0.030427784793523878 -0.11982060257402387 -0.045239443885821184 0.01726571382229792 -0.9938487876769106 -0.10939141812473764 0.06546069251220024 -0.12241209913586845 0.1064835064490913 -0.9867504957381357 -0.015048048647371031
0.992105710454103 0.02991314974778134 -0.12178449308728484 -0.044180291049998405 0.01752861676929544 -0.9946789142534536 -0.10152145159386813 0.06369811570352361 -0.12417329374110721 0.09858529815209642 -0.9873509670374295 -0.01276943751517731
0.9919252461121948 0.02887971227328703 -0.12349197684171492 -0.04283435393716305 0.017230694330383302 -0.995387300224568 -0.09437809981419845 0.06194206904070534 -0.12564795779540308 0.09148816738058568 -0.9878474102467377 -0.011420252020369635
0.9922844876071464 0.027764387010949423 -0.12083308515522702 -0.04384442577844631 0.017246345204770926 -0.9960382900917252 -0.08723696606502568 0.05932955193481499 -0.12277646041201055 0.08447995907349144 -0.9888321785235548 -0.011043221561889124
0.992560252513784 0.026886475741470222 -0.11874873705424158 -0.044140563809504235 0.017276579449398113 -0.9965459106857248 -0.08122664401591241 0.057024096451232395 -0.12052246650439373 0.07857076630504795 -0.9895963670860634 -0.010759481155758479
0.993089363159084 0.025069021303076627 -0.11465191211310218 -0.04543573666672752 0.016630106962072656 -0.9971212348614757 -0.07397758127132842 0.052868054328513624 -0.11617640174628682 0.0715596755109459 -0.9906473926266871 -0.01182073425062765
0.9929685666790251 0.022331741693457606 -0.11625282319298615 -0.03838968973801933 0.015072729895111221 -0.997902831167324 -0.06295039604123404 0.04490824177149196 -0.11741481337936892 0.06075551712540911 -0.9912227442597916 -0.011049248451563569
0.9935449558987733 0.02414986710341312 -0.11083864184927816 -0.0413779026364272 0.017091913841037955 -0.9977911955724649 -0.06419187268900456 0.04803080640437525 -0.11214404616097819 0.061883066803111175 -0.9917631768490327 -0.009102198881843212
0.9938937251864493 0.023250607262379507 -0.1078641381411441 -0.03993135301299006 0.0169247272438765 -0.9981028980708201 -0.059195932886899574 0.04444334759050276 -0.10903585026367069 0.05700889513541301 -0.9924017176691695 -0.007717557224314558
0.9944092886935139 0.02192565508351715 -0.10329294365646247 -0.03901622143176908 0.016398427262080233 -0.9984030933432697 -0.05405880858768822 0.040693525700714654 -0.10431326925846374 0.05206273957206524 -0.9931808561409462 -0.0070098115673131005
0.9948407001010237 0.02053700071564718 -0.09934894576244827 -0.03661276169120058 0.01569892367323143 -0.9986637450686583 -0.04923685693607796 0.03664398297155893 -0.10022736760988206 0.04742315770852108 -0.9938337481163267 -0.005814654438160473
0.9954415306191797 0.01871097139022532 -0.09352036499168898 -0.035260509331566034 0.014446133392138768 -0.9988335637460775 -0.046074083434480946 0.03428844453555056 -0.09427337030445603 0.04451304846834407 -0.9945507127178049 -0.004049161092804
0.9958799765304213 0.01748299000387521 -0.08897987079274311 -0.03264725972777564 0.013660043205990428 -0.9989646784928844 -0.043393252277504124 0.032120025506463076 -0.08964639181461424 0.04199900218020712 -0.9950877389710355 -0.0029133229573192858
0.9962933764781648 0.0167642283530856 -0.08437101773395204 -0.029696162307351812 0.01345682588004326 -0.9991242851221723 -0.03961788379434641 0.028507310164861764 -0.08496129602925939 0.03833566911942112 -0.9956465008476627 -0.001889954411311755
0.9968947018541957 0.014792534282227624 -0.07734425863981752 -0.028962682120725735 0.012080968931230996 -0.999299862724037 -0.03540952625217135 0.024596557287391033 -0.07781390367226476 0.03436517553031995 -0.9963754468602956 -0.003013977609254879
0.9974638461734648 0.013843877548635615 -0.06981563314370967 -0.028053436389554647 0.011483916857780526 -0.9993527325642868 -0.03409157623074249 0.023413501253452207 -0.07024240336465042 0.03320335782283661 -0.9969772022462934 -0.00395886760301869
0.9978821124153395 0.013010142998480355 -0.06373402467017793 -0.02579160065613133 0.011014188937687498 -0.9994408928878894 -0.031568802091679435 0.02035617482388769 -0.06410910515320487 0.030799964328190294 -0.9974674856023314 -0.0037879908690573653
0.998342768640573 0.011462251332834525 -0.056394442079494136 -0.02415849812854237 0.00985418491699239 -0.9995391936338185 -0.028710545614422364 0.017629608322428655 -0.056697542651301974 0.028107244337341943 -0.9979956770813513 -0.003567100294468293
0.9986906896224778 0.009116616890303759 -0.05033680321449055 -0.020953630111824408 0.007808940683847822 -0.9996284613252104 -0.02611435915331138 0.015277339793577859 -0.05055617575306764 0.025687090241353145 -0.998390828527665 -0.0025877131280906767
0.9990471606340343 0.006720203774499506 -0.04312319202360389 -0.01884631848454653 0.0056300389425230175 -0.999662730345917 -0.025352085098710866 0.014980362158057443 -0.043279019057518915 0.025085143383600697 -0.998748047352706 -0.0029735505948694898
0.999372798855296 0.005314551306359726 -0.0350109190474126 -0.017850919285896393 0.004557874659021033 -0.9997550687219338 -0.021657062205982593 0.011556034885778674 -0.03511744134650277 0.021483903491060833 -0.999152244257131 -0.003989797338622663
0.999613855665049 0.004295517323102099 -0.0274533803634704 -0.015948073007689675 0.0037671080672560674 -0.999807212996766 -0.019270333065330904 0.009805735126427004 -0.027530863758045566 0.019159472084744427 -0.9994373247833853 -0.003476405728717996
0.9997817778249762 0.003578028831920503 -0.0205814100295966 -0.013936569217860803 0.0032479269382292737 -0.9998659158111567 -0.016049964788777567 0.007407145829611367 -0.020636077624693088 0.015979615414490448 -0.9996593440725059 -0.0026265389949815944
0.9999189108340562 0.0021977630953799667 -0.012543587756746946 -0.013085598642497413 0.002030229415195441 -0.9999087801033151 -0.013353263302350284 0.005423352678176934 -0.012571790841256512 0.013326714136530637 -0.9998321602976005 -0.0015850248171879495
0.9999767653693131 0.0013563959598181926 -0.006680487371987006 -0.009602632330863298 0.0012987863138562948 -0.99996200045602 -0.00862037111181371 0.0020724964310937866 -0.006691926153061504 0.008611494295105911 -0.9999405283767465 -0.0025203677593423576
0.999996747768292 0.00041636360009846435 -0.002516166566978646 -0.005122299541127177 0.00040255440229665287 -0.9999848696342252 -0.005486205662852435 0.0012237472301750098 -0.002518412752798802 0.0054851749265119685 -0.9999817850607241 -0.0018147455091128844
0.9999991089790188 -1.280840582331656e-05 0.001334869698971807 0.0002763097931761578 -1.1938417969478411e-05 -0.9999997875423962 -0.0006517458375494986 -0.0007716562979511997 0.00133487776319377 0.0006517293205978818 -0.9999988966745162 -0.0019068184671092929
0.9999910134186029 -0.000567993239056904 0.0042012457338403185 0.004989944428001075 -0.0005711944464035794 -0.9999995474557654 0.000760805605253894 0.0006830978761291397 0.004200811700150763 -0.0007631984964435413 -0.9999908853130187 -0.0010157207159139595
0.9999479708977663 -0.0009784473051518945 0.010153725341548726 0.007223555028513443 -0.00105176665010298 -0.9999733960215159 0.007218104745031045 -0.0025124348613023307 0.010146392676922125 -0.007228408543209877 -0.9999223974017073 -0.0017423446431478005
0.9998734845660305 -0.0024501619934099352 0.015716601667955448 0.009473909585352415 -0.002661261459498361 -0.9999063418139629 0.013424801215008395 -0.005343164011896158 0.01568223674184646 -0.013464928756749947 -0.9997863587508826 -0.0012868544692499024
0.9998061476120724 -0.003338650081124692 0.019404139062121437 0.01308877828722422 -0.0037088482781998514 -0.9998112005619918 0.019073743084096872 -0.006657288014970243 0.0193367950176764 -0.01914201260120381 -0.9996297673198912 -5.4410710192307756e-05
0.9996937072316245 -0.003915460276988153 0.024436875665873978 0.01575535452309759 -0.004473852429501661 -0.9997291751801288 0.02283770868757849 -0.005733093174621517 0.024340837412239913 -0.022940040638128427 -0.9994404825549102 0.002179679378985008
0.9996324231825398 -0.004253454499755496 0.026775485934373892 0.02092545046740604 -0.004998076603114384 -0.9996008811587692 0.02780463301108986 -0.006228611944327634 0.026646533592059304 -0.027928238602362616 -0.9992547101395604 0.004423571189894535
0.9995095823609667 -0.004125950925412583 0.031041444836974214 0.0242453063679152 -0.00518431684252391 -0.9994052386473249 0.0340924012524812 -0.00778816411410073 0.03088231901075677 -0.034236610422834574 -0.998936502926624 0.0062267086021825305
0.9993539444725483 -0.004698684837273798 0.03563167169749402 0.02728135170928387 -0.006161874612344532 -0.9991374220671163 0.041066325941566374 -0.009553755504241467 0.03540797888075183 -0.041259352707927896 -0.9985208765197164 0.00588231214669996
0.9991670093619904 -0.004211283805624658 0.040590054093642386 0.029719121744598644 -0.0061861481258446765 -0.998796643169806 0.048651795075743506 -0.011507890435343419 0.040336323258093804 -0.04886236467298236 -0.9979907065421918 0.0038484621098599596
0.9989860498900818 -0.0043886075073926245 0.04480638625416743 0.0317230615759096 -0.00687927204679309 -0.9984302405446196 0.0555853432311001 -0.01289664052574413 0.04449210875107852 -0.05583721778669718 -0.9974480725174234 0.002844211862041138
0.9989433008177047 -0.004114195488331436 0.04577504939279369 0.036531928680930054 -0.0069623179669843095 -0.9980371976105125 0.062235667541061905 -0.01350211812325276 0.045429152313855886 -0.0624886036108887 -0.9970112168570652 0.0031172235960881603
0.9988809016557499 -0.0034373891058281157 0.04717126947127769 0.0409839230218004 -0.006593956045013606 -0.9977361740697182 0.066925680395478 -0.011523122799154555 0.046834432323592745 -0.06716182925484068 -0.9966422751619914 0.004270414295554603
0.9987827563202987 -0.0024375316309013908 0.04926524248163663 0.04514550498799371 -0.0061108714340004314 -0.9971985439236901 0.07455012573288594 -0.012704907519957159 0.04894550977917399 -0.0747604336264868 -0.9959996057411049 0.004545596067584249
0.9985526758826468 -0.0028433920685459815 0.05370724913036036 0.04681470118406734 -0.007136094082688154 -0.9967768488869369 0.07990613045487792 -0.01114070637902741 0.05330693809298267 -0.08017374036786282 -0.9953544804272383 0.005281138155062769
0.9984268012547732 -0.002863452946505469 0.05599752827925825 0.050542186448172294 -0.007657748405595368 -0.9963009960787254 0.0855902103157605 -0.01032207222331054 0.05554530966265091 -0.08588437488718574 -0.9947555442040609 0.006954425554211753
0.9983142233001729 -0.00392311105165208 0.05790786437305853 0.053810031244135165 -0.009245880832440464 -0.9957217530947879 0.09193858875072193 -0.010515401047225963 0.0572994349379158 -0.09231901003324541 -0.9940794611811861 0.010450007547563632
0.9980305088455542 -0.00361057491548782 0.06262640946328665 0.054507410579145876 -0.009710252673164787 -0.9952009636203895 0.09736915837199991 -0.010028248710496285 0.06197430440518784 -0.09778550893577206 -0.9932759837203683 0.010379000668655842
0.9978517944817521 -0.0021661619294639175 0.06547598026790602 0.05676902008918126 -0.009034725735667307 -0.9944534251288465 0.10478911670773537 -0.011092887614383751 0.06488582264585346 -0.10515556567296597 -0.9923367054722753 0.011975268585628196
0.9977965945904037 -0.0019470540967465447 0.06631866105507421 0.06181013902001033 -0.00936047926918635 -0.9937025183260331 0.1116587949977553 -0.012188162557357444 0.0656836147881997 -0.11203353985679447 -0.9915312141811327 0.01298417965051773
0.9976119963877018 -0.0013491773550978559 0.06905421336752576 0.06553878295934075 -0.00957702446563519 -0.9928529792450127 0.11895899380327277 -0.013633791435902154 0.06840018469074415 -0.11933625318723122 -0.9904949638486332 0.010743180073719933
0.9975357630585474 -0.0015030245483138183 0.07014372627975621 0.06827479736474577 -0.009883051305021828 -0.9928119236624373 0.11927619012440481 -0.008010228358761666 0.0694602527788699 -0.11967549937601273 -0.9903802543129571 0.015648071810724473
0.9974786284707311 -0.001705366589142839 0.07094700465097264 0.07207885006015385 -0.010496470253183008 -0.9922611733108918 0.12372383784831734 -0.006585077458829547 0.07018696357852033 -0.1241565772099461 -0.9897772145685808 0.01573284913230965
0.9972505616762523 -0.0012914611762254032 0.07409216803704477 0.07373607390886096 -0.011010572076164932 -0.9913319951507382 0.13091845818299236 -0.008533127181970732 0.07328086065921272 -0.1313743031132293 -0.9886206086980781 0.015845299816492405
0.9971217927717586 -0.0008478427986800078 0.07581168473409854 0.07668183649819252 -0.011020086998303211 -0.9909388774951744 0.13386074387643915 -0.005941757418427022 0.07501125290370406 -0.1343109162770939 -0.988096093356625 0.018371870704514213
0.9969266977462022 -0.0002419436375085436 0.07833965014045173 0.07899758865078423 -0.010989335049325833 -0.9905394176347702 0.13678777952340568 -0.0037773289374154386 0.0775654164948901 -0.1372282899953448 -0.9874978494097735 0.01864760585332253
0.9969038919640161 0.0004656510258158314 0.07862832413398466 0.08291344147143599 -0.010739305793140147 -0.9898052288036017 0.14202209808382288 -0.004533250511111367 0.07789285909554369 -0.14242679594153532 -0.9867356841118853 0.020021392141165346
0.9967203271438125 0.0013509328184037185 0.08091207844847456 0.08446879081486387 -0.010406526653744476 -0.9894189365301409 0.14471306865162378 -0.0032272922456797414 0.08025144024462644 -0.1450804708294154 -0.9861599075822228 0.02288491011903456
0.9965342269523386 0.0014920757257341738 0.08317035663343945 0.08721010246883003 -0.010857375681454881 -0.9889527119418906 0.14783318617986754 -0.002789988100047521 0.0824721280543711 -0.14822384171518527 -0.9855090262607316 0.022757675941905274
0.9964294955044896 0.001983841600310719 0.08440571580865705 0.08982941601658048 -0.01077161845815658 -0.9885670863424454 0.15039643624833673 -0.0019420415803029951 0.08373907525438051 -0.15076863126298184 -0.9850160339317467 0.02484924461490183
0.996311601382846 0.0018208802342167586 0.08578972750347859 0.0928323173601443 -0.011260885788960288 -0.9883539819943595 0.15175506161950936 -0.0006992308018027243 0.08506694658441942 -0.15216139678336854 -0.9846880338095603 0.026657890116818593
0.9962247859066745 0.001752984244791392 0.08679345016439642 0.0950943878804823 -0.011524452113512666 -0.9882764639330177 0.15223934392769276 0.0011265225428036948 0.08604279719235891 -0.15266485477112435 -0.9845253065152902 0.029154337009294158
0.9960329235280908 0.0010877049299100106 0.08897882976341855 0.09703870439974309 -0.012586772874772022 -0.988149691783239 0.15297633731165386 0.0016044155429167318 0.08809079632220879 -0.1534894248040413 -0.984215935695335 0.031104598164081638
0.9957076977008662 0.0014287793540158176 0.09254263519479687 0.09705649825871931 -0.012847913942107525 -0.9880664606879237 0.1534913690439168 0.0017132247322951355 0.09165757931876621 -0.15402151750063103 -0.9838070239128338 0.03321490229758091
0.9954120387203441 0.0008855743987233741 0.09567700313341805 0.09772653029935399 -0.013844830273173665 -0.9881004335941439 0.15318568407580282 0.0020180219854888585 0.09467414560118712 -0.15380750595809356 -0.9835548064371585 0.03493713880229081
0.9950389000958046 0.0006473406962226261 0.09948451259444431 0.09704870945603772 -0.01447097687274615 -0.9884019386338349 0.1511694365049542 0.0038488956404193475 0.09842854324066563 -0.1518591079089429 -0.9834890102185283 0.03783664584898763
0.9947757550691112 0.0007906511781812092 0.10208120295820482 0.0972151888530098 -0.014469253603683402 -0.9887824283527639 0.1486605195772027 0.005735986189230058 0.10105363836513782 -0.14936091942514954 -0.9836053466312807 0.040682155991776665
0.9944889097066549 0.0006120052775775718 0.10484003967954808 0.09798191183132918 -0.01482652268845354 -0.9891121384838597 0.14641499830568816 0.006402863778058645 0.1037881625978501 -0.14716250525669267 -0.9836519782682979 0.04305347480704908
0.9942877075979779 0.0007864117881245327 0.10673020226748299 0.0985826185780574 -0.014510226206429264 -0.9896930345577893 0.1424680689952395 0.008202469376038163 0.10574217632996112 -0.14320292910514637 -0.9840282075432135 0.047006179565757845
0.9941688040986695 -0.0003392276878577006 0.10783447445783291 0.10086820522206066 -0.015374527011067137 -0.9902250657349371 0.13862879610465273 0.00889709083994598 0.10673337283252693 -0.1394783284772771 -0.9844560848554789 0.04719973023436156
0.993918686446018 -0.000809085883558528 0.11011353283523288 0.10079352203302645 -0.015603630491405233 -0.9909175915434199 0.13356217086164673 0.010380648974925924 0.10900537348640466 -0.1344681083001507 -0.9849041356402503 0.05151892914504868
0.9939466662248555 -0.0017198143095459367 0.10985020227217027 0.10367301039199836 -0.01580673702697517 -0.9917130874494161 0.12749627149884318 0.012363410566209583 0.10872061334013938 -0.12846086727205044 -0.9857371017744319 0.05318943223019688
0.9939413317025361 -0.0016305744316775822 0.10989981965595963 0.10553776390188435 -0.015275329658032551 -0.9922357840289432 0.12342938546515958 0.01232979280481362 0.10884527292091341 -0.12436032373506943 -0.9862490641026134 0.05641444628307554
0.9937641728827893 -0.0027604909244575097 0.11146814964124242 0.10527227177710449 -0.015858223890520707 -0.9930303131075753 0.11678747357704534 0.014149145003220849 0.11036886077886525 -0.11782689395603592 -0.9868817242360144 0.06070314599032308
0.9935944835417939 -0.003510962034055804 0.11294988012792144 0.10545805818808165 -0.016010406692300264 -0.993808369443957 0.10994813186539729 0.016229581297809933 0.11186451248212524 -0.11105223081387902 -0.987498725507227 0.06486926376503065
0.9933793782953395 -0.003967582927874854 0.11481145005300555 0.10567873800948047 -0.015998988658355726 -0.9944420986489652 0.10406221598905036 0.016681252474079714 0.11376046386804668 -0.10521012651048565 -0.9879217510208865 0.06731241877702293
0.9932600286245451 -0.003993369330111474 0.11583854513140493 0.10607384505015882 -0.015612895260578059 -0.9949075547644007 0.09957507205271597 0.015484142373475665 0.11485100364537275 -0.10071251398964619 -0.9882642543811528 0.06935884753778901
0.9931849689146026 -0.004025358605324276 0.11647924282978159 0.10642613576832326 -0.014818303602628249 -0.9956540067316839 0.09194300820336623 0.017671089562612124 0.11560292124527397 -0.09304243852803129 -0.9889282427114298 0.07305600250783778
0.9930592620429394 -0.005515947958211057 0.1174856433308104 0.10747391777187992 -0.01542392963219553 -0.9963806671454343 0.08359227556132369 0.020743536790013617 0.11659933304025873 -0.0848241737769458 -0.9895501276224591 0.07634886172976606
0.9929476775474703 -0.006896261520432363 0.11835265620224159 0.10891449093223539 -0.016083528305391403 -0.9969131116873018 0.07684769263413885 0.021766030583279448 0.11745735298538726 -0.07820926622199705 -0.9899934751838937 0.07943880011211013
0.9927688944403109 -0.00840079361654579 0.11974702041543873 0.10951953574540693 -0.01682094159574183 -0.9974415290525952 0.06947986791188883 0.022786414539217544 0.11885696511183491 -0.0709917092894169 -0.9903702333251797 0.08339825341943821
0.9928014357549184 -0.00943922470038644 0.11939937269528046 0.11175909585291516 -0.016650487828541505 -0.998086833444472 0.05954354843186944 0.026753151390874075 0.11860889687558204 -0.06110297817490081 -0.9910592089477376 0.08702175108439313
0.9927768812741303 -0.010111753906187864 0.11954838535317726 0.11323348533620062 -0.016460190084479524 -0.9984991094971687 0.052235911744163754 0.02777082628802821 0.11884075963234952 -0.053826394699087524 -0.9914532732729788 0.09163027635255687
0.9928886978081126 -0.010607203463490086 0.11857285102246544 0.11630750358867632 -0.016054643876775358 -0.9988543040563806 0.04508134512227316 0.028259999556820712 0.11795881558790586 -0.0466644029505115 -0.9919214441287025 0.09326428522035188
0.9928443807259534 -0.01163434811001825 0.1188472869061512 0.11676000862189934 -0.016087824525995848 -0.9992011564717789 0.03658183712555278 0.030011704977770157 0.11832674069253692 -0.03823206572387399 -0.9922384247687481 0.09609843292090856
0.9927775854672369 -0.012888020250904172 0.11927516391879624 0.11765832053503747 -0.01618465491542627 -0.9995121548530085 0.026711593856672225 0.03376154075891675 0.11887271654636314 -0.02844909902101515 -0.9925018519004287 0.09859229816929503
0.9926307466999081 -0.01404691355845824 0.12036147608543346 0.1173553338298191 -0.01633293820754045 -0.999704077896576 0.018027528018705656 0.0362932753258272 0.1200726273365076 -0.01986053514983305 -0.9925664326925783 0.10068886065212883
0.9926697074072994 -0.01503568112384306 0.11991989113174098 0.11942426720713649 -0.016544572840682243 -0.9997958750952616 0.011596777656719561 0.03646079606445412 0.11972104704447695 -0.013495793257239088 -0.9927158377194009 0.10273711562719033
0.9924529439943667 -0.01608201762893066 0.12156694725910351 0.11865815718686006 -0.016642716924565547 -0.9998550258063347 0.0035982416793377083 0.03777369494517028 0.12149145620282797 -0.00559428983847879 -0.9925767123960343 0.1053500280548861
0.9925027521842644 -0.016884306523244925 0.12105043205164528 0.12062878442140827 -0.016336613060448365 -0.9998513356902782 -0.005515577220916171 0.04082422296277056 0.1211255628691734 0.003496671502416309 -0.9926310348301779 0.10729969326905861
0.9925052940949138 -0.017555146762033385 0.12093410608977795 0.12113127404998786 -0.015945735745387202 -0.9997711218001735 -0.014263152735664093 0.043847843838029414 0.12115681864884241 0.012227871302318732 -0.9925580610011212 0.11037955646648709
0.9929679535827243 -0.017696294413217427 0.11705333964384997 0.12665873620728937 -0.015517937111035282 -0.999689515957724 -0.019495263835853264 0.04262635454556289 0.11736199037829805 0.017541745872412584 -0.9929342628624475 0.11428968305341027
0.9928306089995069 -0.019517176430248515 0.1179256615748173 0.12683665989258588 -0.016389910096509464 -0.9994893283333014 -0.027430883960864353 0.04448128452297895 0.11840081368257621 0.025301430236977118 -0.9926434833046894 0.11461476810013142
0.9928732296379816 -0.020220487313308475 0.1174473574034606 0.12878545057628327 -0.016035826589420047 -0.9992062084347861 -0.036466495457788434 0.04762921381603095 0.11809149899056211 0.03432324166204566 -0.9924093474710781 0.11641360281298294
0.9927434658118642 -0.02194993564532246 0.11823117783823234 0.12995101701206785 -0.01673025806247271 -0.9988486342309388 -0.04496114278075254 0.05041012145352094 0.1190819446978113 0.042656842594762594 -0.9919676830556695 0.11599972614218508
0.9927267314127025 -0.023111005995984597 0.11815040474118306 0.1317418330048691 -0.01695578691282955 -0.9984590915817796 -0.0528388467687764 0.052599026376214414 0.11918950469239532 0.050451202557927975 -0.9915888957282852 0.11713612152019995
0.9927398511400143 -0.024191106446113463 0.11782350498697045 0.13371941194015619 -0.017122398782322825 -0.9980127664481993 -0.06064108727876967 0.05424614174730635 0.11905633716203834 0.05818340291977652 -0.9911812549711752 0.11709227794733049
0.9927142173310014 -0.024394609002295297 0.1179973972616433 0.13568577827492861 -0.01630760438258597 -0.9974818581447542 -0.06902176983669163 0.05656684780190621 0.11938402216460123 0.06659463734951417 -0.9906122397427203 0.11617822110367862
0.9921819448311823 -0.026630971623339928 0.12192530377821259 0.13327359217377238 -0.017498177325942863 -0.9970019430072778 -0.07537200693879967 0.0565389257216361 0.1235669945466119 0.07264927384433702 -0.989673320277256 0.11297938389804107
0.9919704608766392 -0.027186501890042954 0.12351315259182163 0.13365055897704456 -0.016972711581768773 -0.996404507275733 -0.08300593317447595 0.05835394447177492 0.12532570290945916 0.08024308067108445 -0.9888652669573665 0.11161175405083822
0.9918257955770385 -0.028891815040993075 0.12428537424657884 0.13456987728186312 -0.017507841698365893 -0.9956298975881238 -0.09173103350408252 0.061457835879678964 0.12639251048634204 0.08880523662655931 -0.9879972485997421 0.11034988221487486
0.991545557897142 -0.029118316765193084 0.12644971428677976 0.13430134447354497 -0.016532379807928918 -0.9949037165672636 -0.09946494447056325 0.0640953900378408 0.12870154246291204 0.09653350915307972 -0.9869737557697568 0.10898648118439318
0.9915690197598136 -0.03072506810922863 0.12588426924062357 0.13712205302696684 -0.017188621829283462 -0.9940847525369967 -0.10723831429609447 0.06635648073719906 0.12843453714703235 0.10417041308904042 -0.9862317652076952 0.10664411324827244
0.9914815394373592 -0.03172732780030872 0.1263239234095247 0.1391269151680105 -0.017257756294979183 -0.9933272610593008 -0.11403123380938646 0.06795410830148667 0.12909890318119208 0.11087979575684477 -0.9854131844512403 0.10392470524480323
0.9912296043098542 -0.032302704206598434 0.12814213530557014 0.13944580985359775 -0.016280083799223233 -0.9921276915896658 -0.12416763850718623 0.07389898392750288 0.1311443113948154 0.12099247448458114 -0.9839522298906982 0.10185292496584265
0.9909645025890176 -0.034560160755067376 0.12959533130897893 0.14098943318762108 -0.017189834994691566 -0.9909896570459747 -0.13283075397194863 0.07780334299904643 0.1330182851391319 0.1294028396770526 -0.9826296560261957 0.10089960881072035
0.990902245110142 -0.03616010372093163 0.12963482377267033 0.14365651949142616 -0.0175533445019899 -0.9897256258760302 -0.1418980816681273 0.08240026419447163 0.13343395644465578 0.13833160298063324 -0.9813560754814401 0.09887272632821167
0.9904703898188087 -0.03848333637887161 0.13224008361056133 0.1436508358081323 -0.018538094421762987 -0.9886832060770466 -0.1488685899591378 0.08418804779564501 0.13647250985963233 0.14499845117228916 -0.9799748482538976 0.0956495289200607
0.9902457241429223 -0.04032786371158952 0.13336817170944257 0.1451127343950867 -0.01918825723649045 -0.9875479401249763 -0.156143769453484 0.08671041088171523 0.1380044079038281 0.1520615972669495 -0.9786889465176041 0.09321930298233552
0.9900010724395525 -0.04190972076844487 0.1346902070443368 0.1459365630093426 -0.019865526018666715 -0.9867514740241071 -0.1610182889837476 0.08685804812580393 0.13965399186753313 0.15673258696379308 -0.977717576163536 0.0889588285203982
0.9899065968147849 -0.043277264080492 0.1349518728891098 0.14870541369191467 -0.02011854244840744 -0.9855026647678962 -0.1684628801401883 0.090030235406662 0.14028604289922328 0.1640474813859792 -0.976426264506744 0.08674729033019205
0.9895799179566322 -0.04361690173913398 0.13721935672354582 0.1496777926357352 -0.019819046967506457 -0.9852047811497062 -0.17023144414901492 0.08672223449689585 0.14261413448268292 0.16573806165886623 -0.9758033119247532 0.08268567441278389
0.9892445677676687 -0.04506771295550464 0.1391549007082332 0.15056107588703121 -0.020180796406859176 -0.9843046701326571 -0.17531985572497405 0.08781789937366766 0.1448720835721738 0.17062595817753246 -0.9746275502967561 0.08091003613241081
0.9890061075507519 -0.045725932611163526 0.1406273739858303 0.15185508505958034 -0.01999215981569852 -0.9836050253380617 -0.17922462909883402 0.08762800834722702 0.14651700506499174 0.17444280786707828 -0.973705537629439 0.07856741958315915
0.9885926216149085 -0.04695722819610349 0.14310711795261122 0.1528539601793775 -0.02009199185293019 -0.9827807961245957 -0.18367966308790903 0.08799315185362713 0.14926801516716598 0.1787090526214188 -0.9725133079599526 0.07508539061999654
0.9881839131885579 -0.048771642236818076 0.14530616170304905 0.1542227316444135 -0.020777998691660225 -0.981898137666553 -0.18826662480993392 0.08913468152229513 0.15185792203806223 0.1830228787897264 -0.9713093211504783 0.07329934303589335
0.9878788927050625 -0.04966793910548299 0.14706593478039912 0.15602809371102577 -0.020886914893290635 -0.9813439645190896 -0.19112236940817873 0.08834873586083979 0.15381492168856378 0.18573400099865917 -0.9704863990489361 0.07069272282293164
0.9874581223212907 -0.050604238247618685 0.14955155543520332 0.15750890474248266 -0.02078725181995005 -0.9806668694507427 -0.19457744299752208 0.08894481975060903 0.1565066989731891 0.1890283106655144 -0.9694193885741389 0.0690506678445143
0.9869557144685829 -0.052171411474382874 0.15230417427825088 0.1584295321321709 -0.02164353878654085 -0.9804457762048477 -0.19559559593934875 0.08645022624156654 0.15953048268780698 0.1897477898338848 -0.9687857355197541 0.06653852090459655
0.9863693997532473 -0.05302541877136302 0.15576813600521633 0.15898124415732545 -0.021564268187372938 -0.9801456813536172 -0.19710257649608923 0.08537653416260396 0.16312691245763541 0.19105692420840242 -0.9679291617386386 0.0645905740393761
0.9861747503089854 -0.0540564051653875 0.15664375797843375 0.16191120773687656 -0.022271105451915848 -0.9799563885534354 -0.19796331578163198 0.0833590615461551 0.16420523656375974 0.1917377938589676 -0.9676121426951689 0.06299763034378472
0.9859058019310775 -0.05436726241436856 0.15822120747929502 0.1647875068347469 -0.022157886478293875 -0.979827294670163 -0.19861394887108139 0.08185641794202686 0.16582755436131227 0.19230879698265677 -0.9672220783344584 0.062351903424626105
0.9856500469643725 -0.05490392723341325 0.15962313019571345 0.16724663192636194 -0.02213794986741409 -0.9795027046879201 -0.20021079562480362 0.08170721025263211 0.16734364671178134 0.1938040512564097 -0.9666623472659962 0.061610335318100964
0.985328939565592 -0.055646049536193176 0.1613393877066638 0.16929456150299985 -0.02249676042782233 -0.9794514231107077 -0.200421569539466 0.0795902701890447 0.16917676147981672 0.19385155902758525 -0.9663336879348541 0.061144580271465306
0.9850566479293259 -0.0562664918405877 0.16278047261939754 0.17199935875896452 -0.022854085174120794 -0.9794753730306943 -0.2002640367545709 0.0777117500575093 0.17070761893101133 0.1935512219603255 -0.9661246468839151 0.06026902843136131
0.9847177253558261 -0.056548392237179036 0.16472182826036458 0.17418521238621776 -0.02275802557585763 -0.9794894445773021 -0.20020614434511425 0.07554501779643602 0.1726646276512231 0.19339779548132977 -0.9658075476310104 0.0599818757234518
0.9842891430366298 -0.05736739234935012 0.166984625625392 0.17610769638455795 -0.022860918113145386 -0.9791914843320814 -0.20164675904799215 0.07611178791324241 0.17507787216904558 0.1946612938068857 -0.9651190182408533 0.06071512120489235
0.9838960378221273 -0.05836477044694672 0.168944192941327 0.17904020793703362 -0.02349068696691902 -0.9792107349537228 -0.20148082831180844 0.07456036906941481 0.17719134963011973 0.19426757352184487 -0.9648125908663253 0.060273582296396344
0.9834973893249119 -0.05928966078006214 0.17093162760492076 0.18174635508600234 -0.023928202594666832 -0.9791060246480242 -0.20193769736859643 0.07390268307755071 0.1793330039665614 0.1945151115531321 -0.9643669141285396 0.06074812088512856
0.9829042179253735 -0.06051355913510142 0.1738890667791179 0.18316025111280435 -0.02450581484635853 -0.9790400261467261 -0.20218825940527282 0.07294989702679999 0.18247948767800162 0.19447039971013705 -0.963785505293244 0.06010768586181349
0.982402423534412 -0.06133361127585627 0.17641900793728826 0.18543767805002118 -0.024852411305438128 -0.9790721144406281 -0.20199047595632627 0.07100090964403905 0.18511573646240925 0.19405149536300934 -0.9633671061757091 0.06068458776147184
0.9817899526369959 -0.061653129190644564 0.1796868959107652 0.18688233742921764 -0.0249023646224082 -0.9794775843639967 -0.2000088347165747 0.06691633743702081 0.18833045727459244 0.1918920357635281 -0.9631765598649459 0.060014953464910016
0.981228225498991 -0.06218624844425175 0.18254873318796813 0.18853039020547424 -0.025121405066872295 -0.9797342015642646 -0.19872042998317838 0.06414944439062065 0.19120691538636433 0.1904042142119312 -0.9629050579983309 0.06058426086364656
