0.9999394467729144 0.005007611284291811 -0.009799317154975444 -0.10696063328705795 0.0011215301386669318 -0.9322049578417578 -0.36192907971782906 0.13209904580531537 -0.010947372179040245 0.3618961735145483 -0.9321541260102332 -0.06797503693119976
0.9999948861351047 0.0026456695410165937 -0.0017967015106229234 -0.10489731958753931 0.0018014269717033947 -0.930185111893206 -0.3670863828489002 0.133686940851766 -0.002642454257722768 0.36708126899217214 -0.9301851210326858 -0.06443048344420563
0.9999953266498062 0.0006654683506128695 0.002983928689084697 -0.1012186125122929 0.001727683057089699 -0.9282392218328851 -0.3719797873034694 0.13561584948979857 0.002522258868842634 0.37198320419469805 -0.9282360335643322 -0.06180953285109912
0.9999663954039029 -0.0010543898460347566 0.008129964635746284 -0.09960518963906563 0.0020649107549572453 -0.9273272120686968 -0.3742458789358568 0.13538373678473103 0.007933738494554022 0.3742500902056679 -0.9272938723913521 -0.05895840848691396
0.9999091799631906 -0.0025448244304219626 0.013234639925556048 -0.09764013113749336 0.0025886595213310227 -0.9274589319167046 -0.3739160713981255 0.13341868639312576 0.013226135763079742 0.373916372303412 -0.9273681123783765 -0.05787818302372629
0.9998673770699531 -0.0038584881045860436 0.015822147161470436 -0.09517569035901066 0.002338958896978677 -0.927434411743778 -0.37397853037941986 0.13331911735931803 0.016116995456061378 0.373965939602819 -0.927302387829585 -0.05481466291854265
0.9998341700754914 -0.004183105275316688 0.01772382519969471 -0.09309935738439652 0.002711459315862548 -0.9282158501302267 -0.37203223456496204 0.13083335039083965 0.018007785478290707 0.37201859791853975 -0.9280505818461039 -0.05319415952775163
0.9998390656922109 -0.004663262045362918 0.017323299420792786 -0.08973823923175493 0.002038895390486991 -0.929831731241381 -0.3679793397491809 0.12799813643526042 0.017823737579778624 0.3679554396441948 -0.9296725815118646 -0.050051741462604764
0.9998527100855025 -0.004691052291425488 0.01650915391760892 -0.08713195665257027 0.0016674128126981072 -0.9308194934301509 -0.365475430617367 0.12757975117009848 0.01708150664280644 0.3654491273472094 -0.9306745711858548 -0.04777968126427348
0.9998966833988809 -0.0037867782418598973 0.013866608758639981 -0.0832798299095002 0.0014891708474761682 -0.9321958471719218 -0.361951218930963 0.12723731563696794 0.014297024099624429 0.3619344731107689 -0.932093896705651 -0.045642268752717534
0.9999397450969897 -0.0024925375818126622 0.010690810622747236 -0.08044883269056644 0.0015024438846164866 -0.9336421243198822 -0.3582040289525386 0.12709257211237907 0.010874228144644204 0.3581985077465577 -0.9335821229063878 -0.044320301638890364
0.9999829791842868 -0.00024380819698909556 0.005829399564427042 -0.07714730268525379 0.0018297968403606308 -0.9356151702275507 -0.3530168623218929 0.12629485539365148 0.005540143070505266 0.35302152030383965 -0.9355987991746911 -0.041434533818535735
0.9999984791863875 0.000625244258033113 0.0016280953685260532 -0.07521449092500174 0.0011478563697054523 -0.9387841848843582 -0.34450389930560393 0.12258871337837825 0.0013130310985448829 0.34450524419902373 -0.9387834748591953 -0.03854567339095817
0.9999961132850474 0.0025754595159576802 -0.0010679059323766165 -0.07410261371965247 0.0020615177793015566 -0.9408885231282769 -0.3387101078945469 0.12276495424814797 -0.0018771146060818239 0.33870658991783975 -0.9408901755183672 -0.0363932538012146
0.9999758711331784 0.0058370909910363 -0.003766366976716066 -0.07474841483493556 0.004278240924375495 -0.9446316371393745 -0.32810481064741825 0.11718408145585034 -0.00547300703762869 0.3280807804248027 -0.9446338167299636 -0.036755491218909656
0.9999311111325664 0.008997250701557729 -0.007538067988823818 -0.07447715627333491 0.006138808458969584 -0.9482442253232075 -0.317482604518569 0.11254166445000799 -0.010004400026732979 0.3174144587459798 -0.9482341342511889 -0.03850212646117881
0.9998464554378952 0.01108359208431681 -0.013572749713489677 -0.07242583921937681 0.0063260524508321056 -0.9506261286584133 -0.31027398307352066 0.1127761193731145 -0.0163415607781474 0.3101404802640677 -0.9505502805706321 -0.03532498051090033
0.9997211754142104 0.012927513714455207 -0.019759828379640233 -0.07070484830324414 0.006416801928485709 -0.9540650646459208 -0.2995307614840018 0.10945451293058378 -0.0227243499673994 0.2993204500386466 -0.9538820011443875 -0.035429382454567566
0.9995378020344754 0.016176203754271427 -0.025739322760907006 -0.06880752762503511 0.008019862748043958 -0.9569934881970122 -0.2899985264618035 0.10824542467289826 -0.02932343952527376 0.28965806389709775 -0.956680898687641 -0.03402860783278674
0.9993142526707309 0.019505361439340833 -0.03147324711970748 -0.06825625490377027 0.00983819964500787 -0.9593178747275694 -0.2821567384556402 0.10897198687617399 -0.03569641770377619 0.2816536101371687 -0.9588519226970434 -0.03174289786300706
0.9988181196311626 0.018841649859945128 -0.04480352806445895 -0.05945736557136799 0.0061000770183390575 -0.9631109870219564 -0.269035342916063 0.10424597099317669 -0.04821983986740169 0.26844407035386064 -0.9620876405686821 -0.028728759540878814
0.998676609554712 0.022866743309129474 -0.04606670792166023 -0.06402497728769879 0.01022159600806933 -0.9661007128252854 -0.25796304319325175 0.10294471474909561 -0.050403854052572125 0.25715078208885545 -0.9650559189848725 -0.027612998630165964
0.998342394188748 0.025549105131849603 -0.05157234910723842 -0.06472284414611222 0.011976022443319889 -0.9686730198007024 -0.24805071174383858 0.10176353136433498 -0.05629421686029815 0.24702190983220396 -0.9673733184303444 -0.02647223935096412
0.9978380828746929 0.026980567708026416 -0.05992669965140203 -0.06208493374146116 0.011947309560303153 -0.9711206675095311 -0.23828955270870184 0.10186068737839873 -0.06462524397808518 0.23705842761225662 -0.9693435303022233 -0.022978340866324328
0.9974406065547449 0.028783696108570747 -0.06545025006851855 -0.0611324825074496 0.013346220532109265 -0.9742524677252127 -0.22506445194397434 0.09804275496760716 -0.07024325443208386 0.2236149099896129 -0.9721431259012877 -0.023495340104883345
0.9969709058597159 0.030014281523759068 -0.07175064998918705 -0.059851161166602766 0.014092460130908249 -0.9769789360460778 -0.21286982193287185 0.09487033938279604 -0.07648800845045618 0.21121387602827218 -0.9744425499414509 -0.022277967487405067
0.9964017175989989 0.031213054283514383 -0.078799507663816 -0.05908373152278069 0.0148349328386778 -0.9795936943691707 -0.20043981321042814 0.09136334410173456 -0.0834478395971839 0.1985495887541795 -0.9765318831825763 -0.022392686423202364
0.9959557203909883 0.032235890747705935 -0.08386328379075549 -0.05855900013343212 0.015982610906636496 -0.9820971273791653 -0.18769600033617748 0.08816547111405644 -0.08841243786410308 0.18559655099514438 -0.9786404656918868 -0.021187240071594882
0.9955583730027827 0.03194357123436161 -0.08856147131144021 -0.05801627231434816 0.016045818120182884 -0.9844873409391349 -0.17472036873657734 0.0844103059312281 -0.09276883994588807 0.17252328476871404 -0.9806271761213369 -0.020847541058644524
0.9948814505669695 0.031957860760769424 -0.095862372458427 -0.05471198855815913 0.015971412175844486 -0.9864786515741296 -0.16310972988021402 0.08166705809380394 -0.09977882195572463 0.160743787202126 -0.9819397239978865 -0.018852822112026768
0.9943268617835678 0.031593167874522356 -0.10156753260415005 -0.05287151123274113 0.01600526419262039 -0.988439111469919 -0.15077119895617144 0.07755174800516185 -0.10515666148070346 0.14829023791271378 -0.9833372167705358 -0.02017060104679473
0.9936137775050031 0.031663587688716556 -0.10830086964987029 -0.0499857372623872 0.016259828353340167 -0.9899810780075962 -0.14026076845945806 0.0749683658033824 -0.1116569708265416 0.1376040784337323 -0.9841736830784718 -0.018516085439303893
0.9930478357062321 0.03029166173273947 -0.11374713723271675 -0.047402483343372125 0.015450421950584568 -0.9915037285557035 -0.12915742611900777 0.07182761331059553 -0.11669310374104419 0.12650206120695162 -0.9850786506922553 -0.016155685698688776
0.9928428284001638 0.030115737372803864 -0.11556885591220191 -0.047094077352635426 0.016323637324821737 -0.9928220840000768 -0.11848142633439307 0.06879807841055215 -0.11830746789129869 0.11574693034476909 -0.9862078843514245 -0.01448212191202927
0.9925968073638659 0.03037824098060965 -0.11759566525167922 -0.04647839452284207 0.017399764368323523 -0.9937950118511982 -0.1098577380961547 0.06693491846410073 -0.12020327038391179 0.10699830323234343 -0.9869663301726214 -0.012829212837284628
0.9925038345538795 0.029708574135430044 -0.11854762342065549 -0.04669973753868876 0.01774809175924985 -0.9947584690484249 -0.10070051387822614 0.06361849446792696 -0.12091792106528765 0.09784165206737477 -0.9878288654853004 -0.012522659306305766
0.9923759992349032 0.02972107507789148 -0.11960992366330883 -0.04593087260485599 0.01842470142784514 -0.9953577356891314 -0.09446432332420414 0.06260848685890016 -0.1218622440291618 0.09154035011960221 -0.9883167294851168 -0.009942739535339987
0.992507146113472 0.027605795317523916 -0.11902724469035657 -0.04531381701485058 0.01739121516180752 -0.996141856216636 -0.08601713741151029 0.058958676343911005 -0.12094259195538501 0.08330259514662136 -0.9891580091638299 -0.009575642939512649
0.9929389715658776 0.026911199575504533 -0.11553348468346822 -0.04704815443078782 0.01773614227230931 -0.9966594508572604 -0.07972056368466415 0.05601308929093569 -0.11729291539984085 0.07710853619614079 -0.9900993110000098 -0.010027787568558376
0.9931791104745571 0.0255062157478241 -0.11377472247908593 -0.045995013078783745 0.017218665161219733 -0.9971657923568888 -0.07323865183988498 0.052931878883599535 -0.11532030214595072 0.07078005023651467 -0.9908034176371633 -0.009599090813202815
0.9928822409345672 0.022561004533819026 -0.11694381861038056 -0.03774944478373069 0.01531693631346733 -0.9979288289912475 -0.0624775458074892 0.0452475197024314 -0.11811116415784656 0.06024162466752306 -0.9911713774916502 -0.009023045876272829
0.9938689442952425 0.023581511263344027 -0.1080205253273451 -0.04346289396343618 0.016957931491913047 -0.9979425528803046 -0.06183113867830577 0.04602482243538829 -0.10925635050181023 0.059620243854558955 -0.9922240051509278 -0.008459532248349836
0.9940321007693794 0.023145455281420684 -0.10660427073916977 -0.04047070550164755 0.016994917516980564 -0.9981575660478625 -0.058246425813074904 0.04397011439815074 -0.10775599945527617 0.05608708622510859 -0.992594017380808 -0.005688591553518279
0.9945498854266421 0.02173459846896877 -0.10197123431265516 -0.03956610638847537 0.016384271656990298 -0.9984592281704029 -0.053016274139486196 0.040390734323287436 -0.1029664073381395 0.05105660496699629 -0.9933736165457185 -0.005861696277461504
0.9949133762987532 0.020035153206318032 -0.0987216607326678 -0.03638616577024738 0.015354718337023045 -0.9987319879263096 -0.047944227155651796 0.03605708430579786 -0.099557050411346 0.0461845096191506 -0.9939594482596517 -0.004451100125627008
0.9954824594650877 0.01815514894978489 -0.09319368789757347 -0.034737064221460605 0.014076914380859125 -0.9989220502053779 -0.044233223882036724 0.033336725193965605 -0.09389629054895175 0.04272151893478914 -0.9946649478296957 -0.0032019432951988064
0.9959831162565399 0.01723214413864504 -0.0878674304864807 -0.03308830606949805 0.013615369589807599 -0.9990417290150322 -0.04159621854914092 0.031056109154726664 -0.0885000217109832 0.0402327838340813 -0.9952633165459861 -0.003031382001094351
0.9963866564877892 0.016600847778704526 -0.08329491356687746 -0.030250348283808556 0.013484034471749935 -0.9991927160738067 -0.03784305695122367 0.027609726748177573 -0.08385589774994938 0.0365831655010495 -0.995806135959441 -0.0016979066709294007
0.9969980136304479 0.01509054469891598 -0.07594232204529495 -0.029819352066227676 0.012502818687918273 -0.9993287047867392 -0.034435727291801436 0.024639477873322175 -0.07641099620995866 0.03338285862457401 -0.9965174079805398 -0.0039548368585896766
0.9974681271291517 0.014358729169432772 -0.06965028541291723 -0.028034942385086376 0.012009706738187511 -0.9993487102570026 -0.034028256666015576 0.023723305863938567 -0.07009352541800623 0.033105621944080434 -0.9969909304954439 -0.002360891329768164
0.9979978177084778 0.013048408303346352 -0.06188776042050593 -0.02713652571175818 0.011192623017897666 -0.9994800355657543 -0.030238778008671918 0.019744276418921142 -0.06225014890822355 0.029485548091016982 -0.997624940252937 -0.0025611439488250863
0.9982613001371227 0.012438485408685819 -0.05761649702368124 -0.02361934338534061 0.010795797076734568 -0.9995287704462809 -0.028734784071299427 0.017935391494274075 -0.0579467636198945 0.0280628068960349 -0.9979251732745777 -0.0029371494303308513
0.998691258549382 0.010063177064630563 -0.050144815927644096 -0.02090298076296937 0.008703660303015986 -0.9995905726276891 -0.02725680486004281 0.016516417965759023 -0.05039857532094651 0.026784689305919585 -0.9983699534863838 0.00031234131136931433
0.9990276531706757 0.007061913594922411 -0.04351870375679115 -0.018488411579354436 0.0059586429863319875 -0.9996588614046328 -0.02542941975260909 0.015290820736582226 -0.0436834382123813 0.0251453811180264 -0.9987289257022518 0.0011894216916296238
0.9993717023678942 0.00595707507335814 -0.03493871438488908 -0.017980250278073477 0.0051854380954257755 -0.9997415513822066 -0.02213462607899592 0.012652878915513243 -0.03506154215172212 0.02193954640526632 -0.9991443061767774 0.0001507704773307076
0.9996188296316717 0.005121622256377738 -0.0271286643841971 -0.016299970315168322 0.004598046728693874 -0.9998026418492191 -0.019327061794348416 0.010648994535368776 -0.027222296230997405 0.01919495602455996 -0.9994450961664312 9.769397209536014e-05
0.9997901825964154 0.003920822737318901 -0.02010517179456411 -0.014427941618042403 0.003603993848001127 -0.9998691400659452 -0.015770668093986563 0.007541260048678343 -0.020164374827154528 0.015694900217893673 -0.9996734807400767 0.0007402333715538288
0.9999165010686629 0.002570530757879996 -0.012664251348824975 -0.013038068966906402 0.0024014621731090167 -0.9999080379473676 -0.013347232959563388 0.0062004126202430425 -0.01269739619113103 0.013315705759310004 -0.999830719727143 0.002320416354834519
0.999971868005914 0.002226686478743093 -0.007162755341998762 -0.009351490924795288 0.002164232638962213 -0.9999596797608324 -0.008715213692038076 0.0025793963848407056 -0.007181872586477692 0.008699466646801976 -0.9999363679685886 0.000801296173921938
0.9999923402122332 0.0009538385604005734 -0.00379601223145388 -0.0037298652992303204 0.0009287444508067885 -0.9999777426956586 -0.006606931741742702 0.0025826192136961528 -0.00380222968871557 0.006603355608752616 -0.9999709689506484 0.002486720578458469
0.9999984095136036 -8.5171478514758e-05 0.001781492655856774 8.342882797809752e-05 -8.457012230320954e-05 -0.9999999394269 -0.00033763010927924007 -0.0008086301544164444 0.0017815213044018396 0.00033747891123135605 -0.9999983561435621 0.0016666059836658077
0.9999930629818277 -0.0002353820024356627 0.0037173355424903673 0.005882535600514182 -0.0002386827708269012 -0.9999995776687269 0.0008875206491287936 0.00045815068116287594 0.00371712506615572 -0.0008884017563292972 -0.9999926968351128 0.0028446768952744
0.9999494851348155 -0.0004398355063426745 0.010041599640669824 0.007303535163000493 -0.0004974493988157614 -0.9999834267502405 0.0057357448462890155 -0.0012081941166125645 0.010038910434492275 -0.005740450293615777 -0.9999331315181604 0.003603546007876537
0.9998688824436535 -0.0016093198358628558 0.016112976464482582 0.009207104284440054 -0.0018018829628443055 -0.9999270511435425 0.011943433726005854 -0.003471982646595114 0.0160925802364718 -0.011970901429933378 -0.999798842958066 0.0029977560732976083
0.9997720844590798 -0.002873637512645389 0.02115470027660649 0.011989927810961237 -0.0032639244767287945 -0.9998246811551145 0.018437834745001366 -0.005707047016079222 0.021098007805414903 -0.018502679819952735 -0.9996061849078981 0.004087194196924146
0.9996908209922825 -0.0032813718447314527 0.024647414115707093 0.01617901887256721 -0.003858998778352998 -0.9997181557125769 0.023424714877082753 -0.005901226397756618 0.02456360218297031 -0.02351258678794308 -0.9994217266551374 0.00483156711251488
0.9996268030965081 -0.003388793673247546 0.027106652476746238 0.020642335916562875 -0.004195626149868976 -0.9995481533791964 0.029763833715582114 -0.008075612170255689 0.02699354093603637 -0.029866455324970256 -0.9991893432148165 0.006492669780337128
0.9995045935261047 -0.0039329887559659835 0.031226577136493103 0.024582277446147247 -0.005016960237064035 -0.9993847991634944 0.03471099697389705 -0.008072530918092187 0.031070848559310815 -0.034850463417114216 -0.998909429112278 0.008253972262696538
0.9993671527127284 -0.0035479688442369003 0.035393586932312204 0.02758789376266883 -0.004996674810209526 -0.9991496366502408 0.040927213715724935 -0.009304040176866103 0.03521828104402364 -0.04107816328381697 -0.9985350555596596 0.008554335436906634
0.9991910905247124 -0.003746734888981989 0.04003906334704242 0.03025295503781364 -0.005634212233313066 -0.9988727537146268 0.04713255285965748 -0.009836995694715538 0.03981733628140857 -0.04732001547157509 -0.9980858659790866 0.007553585869630162
0.9990725774235445 -0.0035893868625604505 0.04290805684514757 0.033970924888981645 -0.005941256325288929 -0.9984790904073513 0.054810651269491285 -0.011812431792629948 0.04264606093829478 -0.05501474639821082 -0.9975744038241898 0.007042379195052053
0.998985889646961 -0.0033511386491578573 0.044899467213123906 0.03762309147287583 -0.0060723701708140275 -0.9981431349767537 0.060608649706843605 -0.011476247444112953 0.0446129869743876 -0.060819832033082645 -0.997151257044131 0.008045306570259144
0.99892302770548 -0.002667539360633998 0.04632136605796762 0.04211177132315427 -0.005773237344081012 -0.9977333793481733 0.06704307171545412 -0.011476665071364536 0.04603753306038101 -0.06723829242503178 -0.996674248479151 0.008192652084035874
0.9988475569786848 -0.0024155299441407643 0.04793457137391749 0.04652503800799098 -0.005910388496923099 -0.9973216099941905 0.07290180756614376 -0.01068457695351496 0.04763008739785883 -0.07310110432602626 -0.9961865303851422 0.00894416929277581
0.9986547998886826 -0.0021519574515308786 0.05180694681626829 0.04883275120015553 -0.006230925769423871 -0.996878724836396 0.07870186486111552 -0.009959007457749237 0.05147588001533126 -0.07891880034369606 -0.9955511321519147 0.010513384519931737
0.998462085351425 -0.0023959449983661342 0.055387034252151995 0.050928769722370745 -0.007014210022196753 -0.9964966117678152 0.08333848806541204 -0.007239171046125136 0.05499331753448567 -0.08359881687457732 -0.9949808906927419 0.012229411872967633
0.998386571306952 -0.0026626962787601625 0.05672005185536923 0.05535126518026842 -0.007855140623197327 -0.9957722421373033 0.09152015381672964 -0.009392503514497805 0.05623656283716575 -0.0918180365580485 -0.9941865504838043 0.014608637981792972
0.9982663326897399 -0.0030248189469843827 0.058780774820654774 0.05927872944252181 -0.008654795433417283 -0.9953665958995708 0.09576238449049937 -0.00638301882776826 0.058218755862559084 -0.0961050999564461 -0.9936671405597436 0.01575304138601315
0.9980566084605909 -0.0019361145074720907 0.0622836878223829 0.06055031756363662 -0.008366048462254966 -0.9946314488429066 0.10314208746088058 -0.00848401964098962 0.061749619766192025 -0.10346271035148215 -0.9927146881281933 0.016618009374483066
0.9978704518976211 -0.0018022061360552066 0.06520209569240337 0.06323171811737598 -0.008890246573493195 -0.994047638411572 0.10858294564174985 -0.007677146973471575 0.06461830039161237 -0.10893137574372168 -0.9919467882064439 0.017034125271249173
0.997660642882911 -0.0013161302120559923 0.06834844141398316 0.06609563517183263 -0.009409852508142072 -0.9929413665248596 0.11823238693149778 -0.012240301395372234 0.06771038560096071 -0.11859894790852618 -0.990630906663405 0.013846621143601934
0.9976564940351015 -0.0012170668182923032 0.06841080804923674 0.07019369975064299 -0.009230703726568958 -0.9930953116036835 0.1169465526618684 -0.004760924885550693 0.06779612096795809 -0.11730396761892868 -0.9907792212004425 0.019665813563494935
0.9975374302713638 -0.001510055772135693 0.07011986123181407 0.0732443321738482 -0.010132810042829812 -0.9923822040396871 0.12277983248876315 -0.005086452057654592 0.06940029804143313 -0.12318798982408087 -0.989953694773075 0.020113960366840263
0.9973622088419287 -0.00040801630668659727 0.07258414356208992 0.07580050655791354 -0.009760589506631457 -0.991655816671966 0.12854365854891248 -0.0051893416011545585 0.07192604025269037 -0.12891305125296595 -0.9890440182065803 0.020962256333717923
0.9971137305504503 -0.00024470711138690874 0.07592198934560078 0.07694286432844795 -0.010321277730398544 -0.9911481259784625 0.13235884403920078 -0.0037402540112807824 0.07521754831005767 -0.13276043268915305 -0.9882899311125318 0.022916176745019508
0.9970660219761545 0.00037623151379833963 0.07654545231752925 0.08122624199862863 -0.01006715295072365 -0.9906574156873359 0.13600197489432198 -0.0020802714816089644 0.07588148820439576 -0.1363735428649453 -0.9877470610203551 0.022547469876335446
0.9970588408162221 0.0012718830953490036 0.07662930420930963 0.08464879345600503 -0.009548766049483272 -0.9900097232350834 0.14067540284970112 -0.0024228452028015436 0.0760426789187716 -0.14099336939510748 -0.9870858021314415 0.02386915139405099
0.996729150512527 0.0007088865693573172 0.08081149669699565 0.085431142734346 -0.010975546597489592 -0.9895091806669867 0.14405248610362428 -0.0017199019104825355 0.08006583475779845 -0.14446826245089378 -0.9862648646529777 0.02592800446264771
0.996632339886267 0.00112295351599455 0.0819921829702414 0.08866828996253132 -0.010971745038336601 -0.9890889657583254 0.14691030809966987 -0.0008288317635406536 0.08126253690131982 -0.1473151614414725 -0.9857457295397403 0.027532223140934637
0.9967214995329942 0.001838391940401707 0.08088802558953442 0.09417737199334561 -0.01031196679822932 -0.9887023024955934 0.1495373544659134 -6.274580124725966e-05 0.0802490854119343 -0.1498812108137157 -0.9854418840984803 0.02805958137449396
0.9964043901079388 0.0022670060010759035 0.08469446296788256 0.09470698918804189 -0.010503122432359688 -0.9886258906720121 0.150028439677755 0.0025979727431221637 0.08407125425969217 -0.15037855224985375 -0.9850473669983794 0.029063877212368753
0.996420921270805 0.001930065571434384 0.0845081209158606 0.09831900155283187 -0.010808962505378272 -0.9886230213066788 0.1500256247179503 0.004270841048710734 0.08383623311788932 -0.15040211630606762 -0.9850637996735333 0.03209921727186532
0.9962348042850218 0.001693136265704984 0.0866795709540053 0.09924156726427506 -0.011388214359259984 -0.9885902476271067 0.15019863804403588 0.0055548101787343054 0.08594488527476332 -0.1506202363102698 -0.9848487300641384 0.03479429480507192
0.9961002255263554 0.0016703529504851285 0.08821309782206291 0.102251305038472 -0.011530612754399747 -0.9887810534175925 0.148926402534622 0.008118315698978033 0.08747219944560733 -0.14936277422241798 -0.9849057701124159 0.03664445050626343
0.9956628888279144 0.0011988324316205617 0.09302674137931034 0.10023424688101851 -0.012816960791380873 -0.9886150722981176 0.14991985972865732 0.0069227588059564416 0.09214736744435188 -0.15046196072691914 -0.9843119734348894 0.03796415449416504
0.9952604040703431 0.0007297653651922128 0.09724297163419927 0.09896288261960551 -0.013782301197534498 -0.9888194452506541 0.14847946951645777 0.008253633619531383 0.09626409644014927 -0.1491159687515057 -0.9841227827867118 0.04129104832123095
0.9951434931027147 0.0012979587541928127 0.09842633508568847 0.10131436089170336 -0.013049249363121448 -0.9893482950057932 0.14498161352457448 0.011114963606742558 0.09756610695516599 -0.14556189910894407 -0.9845265807998334 0.04348552234317499
0.9949058053102132 0.0004923902267100993 0.10080771851351669 0.10288738284608152 -0.014113323516479447 -0.9894592528314764 0.14412217416308848 0.010031661193830515 0.09981609419004013 -0.1448107196931258 -0.9844118054973762 0.04493708851426619
0.9946062866300711 0.00036262213872842393 0.10372175808925431 0.1019980944373461 -0.014351477417500043 -0.9898942232289023 0.14107962969182655 0.010622478445853277 0.10272472775274838 -0.14180724707585443 -0.9845498133588219 0.04817447267094866
0.9944680833666256 -0.000522813214307421 0.10503788759991942 0.10424374692647086 -0.014827231383648143 -0.9906733750505126 0.1354489467494015 0.013742276505639186 0.10398742411756393 -0.1362570755313991 -0.9852008044013285 0.050008467711609564
0.9942029737117626 -0.0005189685697784209 0.10751826697967569 0.10374493313343003 -0.014695880830070961 -0.9912594669200351 0.1311056838128544 0.013875542890714845 0.10651046028122114 -0.13192573635584293 -0.985520736432091 0.05499359936397748
0.9942099913760368 -0.002181322267420605 0.10743246660682604 0.1066902231373388 -0.01574375303593998 -0.9919615835605358 0.12555616663636093 0.015355994045907413 0.10629500123902566 -0.1265205855710444 -0.9862524596361499 0.05749229589481893
0.9941951979933695 -0.0016054603726189482 0.10757941617203524 0.1088630231861996 -0.014786581243889717 -0.9924396636164621 0.12183953010399111 0.014469620566602219 0.10657047106042958 -0.12272300753255462 -0.9867024871358756 0.06067737237083861
0.9941527020086093 -0.002868552257721688 0.10794524768106417 0.10942776727398253 -0.015332679962995064 -0.9932685037180371 0.11481545386786596 0.016546672381545374 0.10688926051822951 -0.11579918363130373 -0.9875045493850596 0.06606117814181024
0.9937692758005091 -0.003229656719231626 0.11141003452295964 0.1075803165324781 -0.015310430415041142 -0.9940599950190782 0.10775118107555097 0.01955843003101273 0.11040025903700279 -0.10878554876520093 -0.9879157287868316 0.06919875195120258
0.9935528568348255 -0.004067102805825446 0.11329686381415241 0.10745605174747484 -0.015671609473822873 -0.9946891586399028 0.10172452182606918 0.020067727542090845 0.11228143805569885 -0.10284423347475193 -0.9883399932761675 0.07106316216342788
0.9934117275913408 -0.0041218028215772124 0.11452576227856726 0.10777884434209915 -0.015274140452074427 -0.9951990359260197 0.09667253759662779 0.019703602458432445 0.11357746307008786 -0.09778491516292863 -0.9887053505717168 0.07340508286692096
0.993176492187099 -0.004225401202664151 0.11654441793412988 0.10663930432838828 -0.014658279040051389 -0.9959409513337035 0.08880741135795768 0.022109438853415573 0.11569611152719264 -0.089909773891352 -0.9892070775809753 0.07692649332361388
0.9930979689596253 -0.005735978737709369 0.11714743956308298 0.10848449237641879 -0.015376835386673898 -0.9965498285774352 0.08155974555977578 0.024082361531704056 0.11627543584849195 -0.08279817455840907 -0.9897598119281458 0.07872943892751148
0.9932244981723819 -0.007223888761454863 0.11598668743171615 0.11203928310128018 -0.016043879816722097 -0.9970325471244152 0.07529072914394742 0.0242090964156608 0.11509861055046264 -0.07664147314452406 -0.9903930504822771 0.08251768086883332
0.9930188690194367 -0.008214550219656244 0.11766922680143847 0.11186013307656695 -0.01625417551427842 -0.997584955664057 0.06752820159823716 0.026142853499242558 0.11683033659846509 -0.06896939464305797 -0.9907542051653676 0.0873033440482643
0.9931377628721347 -0.009447816840442042 0.11656810333140226 0.11505052125791995 -0.016386468461835998 -0.9981405517042845 0.058710499016921956 0.028575081520155993 0.11579666492900506 -0.06021775319966861 -0.9914458909042408 0.09083970358164964
0.9929150639121839 -0.00997713060990194 0.11840664137225267 0.11371541209037683 -0.01620231727795044 -0.9985297140842296 0.05172905378693212 0.029064143080304704 0.11771644222915051 -0.05328101871829822 -0.9916168475138225 0.09589964342263901
0.9930161836542399 -0.011445771043609637 0.11742169018535852 0.1173744365540953 -0.01657700948152223 -0.9989454364403502 0.04281609243786282 0.031793731583019784 0.11680779835875076 -0.04446357318317274 -0.9921587216279288 0.09748417120622799
0.9929755779373011 -0.011768046552280871 0.11773281063674347 0.11699871179676127 -0.01590359568794091 -0.9992867871667509 0.034248980103753206 0.03420247468248812 0.11724579849307373 -0.035880775831859134 -0.9924545292664172 0.10020819452250868
0.9929006466026062 -0.013301383732129074 0.11820058869116183 0.11788131386236837 -0.016550037869828945 -0.9995106020823468 0.02654529283115769 0.03517435268834037 0.11778965244296202 -0.028313062635386795 -0.9926348614982103 0.1018198499302842
0.9928679183898679 -0.014364802838592578 0.11835095720601424 0.11920300624913947 -0.016464943229391096 -0.9997235235441817 0.016786366994053264 0.03837867921341522 0.1180771031005774 -0.018615287046255164 -0.992829929449934 0.10457253125913138
0.9926929766037216 -0.015615052702568858 0.11965293281294505 0.11932698197710648 -0.016888387107628487 -0.9998109545739748 0.009635221573980583 0.03949756754982616 0.11947985848060767 -0.01158556183241926 -0.9927690255917946 0.1067654638275552
0.992645731480299 -0.01629377297954882 0.11995401092099153 0.12045659882623554 -0.01663695035593242 -0.9998598664216358 0.0018599468172578984 0.0406480307405517 0.11990689578500759 -0.0038419371936189318 -0.9927777071740699 0.10829233099178968
0.9927027337292753 -0.017106937387233137 0.11936764695533396 0.1224722086830465 -0.01640571967945188 -0.9998419201761785 -0.006854707886660125 0.043369483944582496 0.11946604039735814 0.004846375103258143 -0.9928264590753688 0.11061292576284226
0.9926804473441136 -0.01773612073115076 0.11946112121565185 0.12283999801022472 -0.01606515105591688 -0.9997593819066166 -0.014936171237980264 0.04513819260512141 0.11969728644476947 0.012907684188487886 -0.9927265239262265 0.11347314455800697
0.9929689983623202 -0.018248610234571694 0.11695963626754792 0.12676857013082143 -0.015901159606380257 -0.9996535947035474 -0.02097245144107335 0.044419408724479206 0.1173018389220853 0.018965200256850542 -0.992915202706009 0.11830697449115632
0.9927610246882338 -0.0196166964320676 0.11849359932527954 0.1262892131879215 -0.016587935690807406 -0.9995113603968514 -0.026493033558899787 0.04387029521353599 0.11895540445681911 0.024335686937653082 -0.99260132283399 0.11653329457538325
0.9928640345484737 -0.020775249386953836 0.11742826709544119 0.12883747803672982 -0.016754385095203325 -0.9992424703901833 -0.03512514695492472 0.04667948607589955 0.11806904539382891 0.032907056711795155 -0.9924599871724585 0.11835235038224717
0.9927746957066098 -0.021717688252418894 0.11801163324697915 0.12997497784083403 -0.016527350299548087 -0.9988599847694568 -0.04478367468661269 0.05058743893386449 0.11884969607333791 0.042509679407531094 -0.9920018532744505 0.11980974431203315
0.9927617778296675 -0.02294760648421827 0.11788748804314815 0.13179593286513971 -0.016964699962236193 -0.9985285732519767 -0.05150618753667385 0.05130690063605852 0.11889596896307812 0.04913344844418288 -0.9916903008542102 0.12035337238793459
0.9928341817424554 -0.02348350953520213 0.11717001469531137 0.13417278006765154 -0.016577403401489166 -0.9980863997947691 -0.05957120312013789 0.05359263161528165 0.11834473904763873 0.05720195210503311 -0.9913235896593603 0.11958845462485676
0.9927873162085912 -0.024273742224144194 0.11740583551841781 0.13560882665009844 -0.0162866992137131 -0.9975170303005573 -0.06851655047562626 0.05646568330811648 0.11877747347062072 0.06611020873354435 -0.9907175945228505 0.11897766686533574
0.9922297952155918 -0.026944578776866804 0.12146613997720708 0.133613963976286 -0.01773338796745814 -0.9969282375852696 -0.07628640807066434 0.058007132066706074 0.12314852998562692 0.07353964087256296 -0.9896597196929425 0.11535674216223718
0.9920651280533109 -0.02760983710958702 0.12265593583414265 0.13465534381131156 -0.017471146164140212 -0.9963981299508501 -0.08297906773494354 0.05848734615871849 0.12450518363617837 0.08017769967535343 -0.9889742138814794 0.11378539771017926
0.9918639194045404 -0.028592949128249105 0.1240500247626398 0.13499024509406898 -0.01739348903276157 -0.995749739314732 -0.0904429278269488 0.06051086973155861 0.12610880985375048 0.0875494141316367 -0.9881455703298366 0.11255318890614868
0.9915757404137718 -0.028328128081415882 0.12639251632230136 0.1343540381998225 -0.015749181472277284 -0.9949195252955058 -0.09943390502599606 0.06463872708084513 0.12856715873750027 0.09660566932208701 -0.9869842097769336 0.11154569768898989
0.9915742954763147 -0.029359010320863875 0.12616839962379536 0.13701466263711842 -0.01580087352630183 -0.9941176218351783 -0.10714703146879706 0.0664690790891615 0.1285719601875002 0.10425067131557945 -0.9862053785007437 0.10993900310938057
0.9912717618127731 -0.031163009078690674 0.12809824783251755 0.13751126742592612 -0.016456199592732222 -0.993309683376625 -0.11430252142972684 0.06846485899845729 0.13080324050865025 0.11119685146347646 -0.9851526645637446 0.10747858618119066
0.9911944741182231 -0.032059007548532165 0.1284746454071853 0.13885941265799395 -0.016197938421302675 -0.9923177927560322 -0.1226500100721404 0.07254808289179573 0.13141971415430231 0.11948898783904567 -0.9840992025790907 0.10469413624953444
0.9910048375007411 -0.0342481057718965 0.12936954549339036 0.14038249081692863 -0.017015273211704488 -0.9910992668047028 -0.1320330406251083 0.0770599077955097 0.13273994322607066 0.12864412380757018 -0.9827669087235906 0.10389588710091417
0.9910249973041259 -0.03576183389928007 0.12880429323014692 0.1439014039886812 -0.01740733104862127 -0.9898708193132577 -0.14089977252594693 0.0812330958866545 0.1325384455323099 0.13739305771493762 -0.9816092441229446 0.10173271816195416
0.9906902036282506 -0.03777779681161805 0.13078898463967037 0.14516743500836665 -0.018071915951199415 -0.9887176858901683 -0.14869681725525657 0.08430485195583087 0.134930820381663 0.14494887262773204 -0.9801956427341844 0.09935513819094971
0.9904302901551825 -0.03943585490327923 0.13225979620114856 0.1462183445507101 -0.01852499582382 -0.987622135805488 -0.15575410555338115 0.08636534362290278 0.13676499871257009 0.15181347178381058 -0.9789014275769022 0.09812297225829612
0.9900299791486976 -0.04064664595571761 0.13486471206131098 0.1465194101699877 -0.01867382438825057 -0.9868832130249474 -0.16035215038244097 0.08584484575336371 0.13961349744758403 0.15623499615037195 -0.9778029951418368 0.09244297596556833
0.9897978933951189 -0.04199010412971013 0.1361505100459126 0.148304998599444 -0.019121502364110893 -0.9860900392382711 -0.1651084572709839 0.08590313164782551 0.14118958310698904 0.16082060088881991 -0.9768327574113357 0.0893525634815159
0.9895752619697263 -0.04157784707736389 0.137884312124178 0.1487483982775011 -0.018009292072188914 -0.9856295929847616 -0.1679582413332303 0.08295710349699648 0.1428862005114734 0.16372412181808887 -0.9761034502747599 0.0852101888183121
0.989189903251666 -0.043087652252346786 0.14016700584780925 0.1491673090792686 -0.0183325724744275 -0.9846948632496153 -0.17332034813111616 0.08463520077794365 0.14548969754394578 0.16887711660613547 -0.9748401240179688 0.08204034028743327
0.9887863658789756 -0.044213239251300454 0.14264190172160668 0.14949062837778704 -0.01823935092363861 -0.9837716945940115 -0.1784953192481847 0.08606631701984829 0.14821892163193473 0.17389204234390448 -0.973546459538389 0.07981617605754865
0.9883999003850458 -0.045333147676278975 0.14495013846351196 0.15074175367110987 -0.018362986554013635 -0.9830819382252067 -0.18224352789657058 0.08588723203104717 0.15075953582990276 0.1774677673751819 -0.9725105417933632 0.07774014748968698
0.9879914905284045 -0.047243645782697366 0.14710830220154422 0.15246069684141172 -0.01949024737432414 -0.9826081959140186 -0.18466527442885694 0.0848067955597535 0.1532740842437151 0.17958054253107825 -0.9717293264296876 0.07440282815093856
0.9876746211064182 -0.048606372890024806 0.1487826042814466 0.15408978978797083 -0.019976756430517866 -0.9819317628020476 -0.18817795408330626 0.08503996485303975 0.15524101270221552 0.18288639565298187 -0.9708000794500645 0.07298152026021512
0.9872941720297419 -0.04962822544276714 0.1509544869008833 0.15602773813343415 -0.0199102448585476 -0.9811267060699785 -0.19233816258336983 0.08657039403469026 0.1576508801934824 0.18688880618077694 -0.9696487890460876 0.07253316682155607
0.9867455714995716 -0.052334492388395874 0.1536042904102376 0.15736893670650132 -0.021619347262291345 -0.9805264417527659 -0.19519349591523735 0.0864199583465281 0.1608284208401492 0.18928549318452345 -0.9686615617025152 0.06923506399574542
0.9863568142596453 -0.052343518826954843 0.1560781567048235 0.15885836175027304 -0.02113950226667023 -0.9805270765547408 -0.19524285796651078 0.08315854139323713 0.16325855691963181 0.18927970884335668 -0.9682560794607454 0.06774774515504356
0.986117546144796 -0.05284733936151812 0.15741456065998594 0.16139958420209422 -0.02133854397004466 -0.9804733650186284 -0.1954907850265227 0.08076220704818408 0.1646719518515716 0.1894178957001059 -0.9679896740471653 0.06614777003932364
0.9859519240846295 -0.05299869644000883 0.1583980478714175 0.16444865362112623 -0.020934961790576384 -0.9800573311543487 -0.19760909651491806 0.08058299521148252 0.16571219257689876 0.19151701184561884 -0.9673989370497995 0.06621938430333237
0.9856633759828403 -0.05395265759360713 0.15986500550369934 0.1666281171772766 -0.02139428802678359 -0.9798131413920217 -0.1987674329343844 0.07981328551198107 0.16736186449110163 0.19249758100839853 -0.9669202074731799 0.06493011384418322
0.9851396212808406 -0.05516720100248299 0.16265456192862487 0.1680751135758246 -0.021979049228507044 -0.979718465307693 -0.19916990267143592 0.07785741196354648 0.1703433238423276 0.19263516986440987 -0.9663720005017 0.06326194870626213
0.9848034433400217 -0.05574341579685431 0.16448358453334047 0.17039707942208238 -0.021875168141002856 -0.9793607243222296 -0.20093294571533193 0.07828658757654543 0.1722894512279855 0.1942813507528108 -0.9656972101778192 0.061961608595803574
0.9845184340513253 -0.05663978524149425 0.16587762881390514 0.17295076421301606 -0.022434893335258787 -0.979287661288902 -0.2012271154898073 0.07660886355282837 0.17383937578742584 0.19439035772154462 -0.9653974623183593 0.06395409951800933
0.9841560105334508 -0.05661680240449189 0.16802227416736315 0.1753049897451851 -0.022003479310728703 -0.9793212372562239 -0.2011113153384498 0.07508458287457864 0.175934061026011 0.19422783514324043 -0.9650506485291154 0.06344989341601268
0.9834803595895192 -0.058213754393756346 0.17139877800338252 0.1769584848920984 -0.023017440800069424 -0.9794084738349245 -0.20057227824243204 0.0730602700848374 0.17954548092526496 0.19331373510365915 -0.9645689296777019 0.06146299380909537
0.9830938347697524 -0.05901464744159096 0.17333142653612582 0.1796699231554132 -0.023107715699548254 -0.9790550100329851 -0.20228030256171853 0.07387442118524602 0.18163850228641645 0.19485522501759162 -0.9638666379590545 0.06258456801250756
0.9825873870221488 -0.05985632756278415 0.17589555683894828 0.1817811704621814 -0.02351283151454715 -0.9791347776315567 -0.20184705592742858 0.07164763112700369 0.18430728042905828 0.19419656866973384 -0.9634928744405669 0.06285305341315191
0.9820970575859934 -0.06077134300058265 0.17830371098448403 0.18410596984748884 -0.024211473748812166 -0.9794039198094797 -0.2004539009366906 0.06841899410693988 0.1868132062244087 0.19254819067374154 -0.9633410716088177 0.06220219155764566
0.9816133324895049 -0.06074105589202293 0.1809579774642995 0.1858317266902821 -0.02388823831884359 -0.9796569178324431 -0.19925279273591137 0.06513723172866388 0.189379559480082 0.19126643059397555 -0.9630952886287889 0.06239174820978864
0.9811610616264367 -0.06182044737044572 0.18303333968160493 0.18837697038143544 -0.024968420482987846 -0.980050810377207 -0.19717248047728317 0.06147380958003766 0.19157126383324963 0.18888790688103316 -0.9631312524819415 0.06147538024628161
