9.999927572198114012e-01 -2.614713142026149368e-03 -2.765643343658741576e-03 -5.383529999999999869e-04 2.609439030834207873e-03 9.999947734450044257e-01 -1.908902988278525937e-03 -4.912570000000000435e-04 2.770620122602012857e-03 1.901672384827470322e-03 9.999943536371977970e-01 3.652362199999999864e-02
9.999765195500247561e-01 -1.196120582823644333e-03 -6.747565795923389335e-03 -1.046438000000000012e-03 1.172297740214633824e-03 9.999930702563034624e-01 -3.533434219017315362e-03 -5.811399999999999552e-04 6.751745450419266957e-03 3.525441096257384260e-03 9.999709921784979416e-01 7.404673800000000083e-02
9.999469710003474621e-01 -1.167420970326850079e-03 -1.023192628532949497e-02 -1.816911000000000047e-03 1.115181326127430211e-03 9.999863232047675465e-01 -5.109772403948726303e-03 -5.944369999999999602e-04 1.023775160082682212e-02 5.098090984705980384e-03 9.999345968164475851e-01 1.140584129999999974e-01
9.998826091500711000e-01 -1.896633711494354616e-05 -1.532212646874392924e-02 -2.866420000000000166e-03 -6.644475771834344865e-05 9.999844638552393139e-01 -5.573834698281749864e-03 -1.129933000000000066e-03 1.532199413719697971e-02 5.574198456070100782e-03 9.998670735688980349e-01 1.516177949999999996e-01
9.998097892396977660e-01 -8.179277327777954507e-04 -1.948631146972319705e-02 -3.825254000000000154e-03 7.039213300314040456e-04 9.999826014527504192e-01 -5.856730022035574849e-03 -1.585721000000000006e-03 1.949076281812078121e-02 5.841899178678023989e-03 9.997929697586165343e-01 1.922923029999999978e-01
9.997160724932464548e-01 5.736025474915707302e-04 -2.382111203943709093e-02 -5.462538999999999763e-03 -7.391563145904038934e-04 9.999756332587935725e-01 -6.941652297357149733e-03 -2.177201000000000136e-03 2.381654984712321121e-02 6.957288896712126268e-03 9.996921366523732200e-01 2.327167089999999938e-01
9.995883438964791035e-01 3.243689964925164197e-03 -2.850651191755419409e-02 -7.232221999999999956e-03 -3.460431473270493899e-03 9.999654565707191134e-01 -7.557187263265071134e-03 -2.675138999999999989e-03 2.848101403238681092e-02 7.652721132035363028e-03 9.995650392540558205e-01 2.748268839999999935e-01
9.994578308885978535e-01 3.548612912515139006e-03 -3.273303563460005366e-02 -9.023087000000000815e-03 -3.741366752303092093e-03 9.999760104604676902e-01 -5.829294845128361012e-03 -3.188580999999999794e-03 3.271156447318940980e-02 5.948600672747322328e-03 9.994471310178205670e-01 3.168691100000000094e-01
9.993110607467587947e-01 2.678627524771123956e-03 -3.701660200195917155e-02 -1.080176499999999963e-02 -2.804619827108483215e-03 9.999904485106307916e-01 -3.352162754533889906e-03 -3.507667999999999810e-03 3.700726924285686198e-02 3.453670813935916760e-03 9.993090283696508536e-01 3.605732320000000213e-01
9.991892214516738813e-01 2.177675518464934623e-03 -4.020146097014526410e-02 -1.306006600000000038e-02 -2.198792822299943175e-03 9.999974669332641897e-01 -4.810791825265737500e-04 -4.169639000000000158e-03 4.020031150280352350e-02 5.690838176724617075e-04 9.991914786959934514e-01 4.042870700000000261e-01
9.990654477916514065e-01 3.634515765671535777e-03 -4.306995848635374047e-02 -1.506802500000000052e-02 -3.675466850847591230e-03 9.999928655559532364e-01 -8.716539574828206880e-04 -4.772374999999999708e-03 4.306648316609414107e-02 1.029141556035914271e-03 9.990716785573307002e-01 4.475231470000000100e-01
9.989701270716976333e-01 3.124468308759295078e-03 -4.526502972653248524e-02 -1.738996599999999976e-02 -3.185784548950588643e-03 9.999941029307315432e-01 -1.282528974038006295e-03 -4.908229000000000064e-03 4.526075557438230534e-02 1.425412764478457568e-03 9.989741899585228291e-01 4.923822880000000013e-01
9.989097616364203125e-01 1.972437440471458035e-04 -4.668242926814648169e-02 -1.964538199999999943e-02 -3.005641629769224485e-04 9.999975210527075609e-01 -2.206252393461111475e-03 -5.061135999999999933e-03 4.668187837538243651e-02 2.217878117740730744e-03 9.989073446761720376e-01 5.378449560000000407e-01
9.988215754805327418e-01 -6.368450433030466195e-04 -4.852890667403602504e-02 -2.187104900000000005e-02 6.276981328797117841e-04 9.999997822459218977e-01 -2.037232506544037008e-04 -6.272815999999999635e-03 4.852902584681107606e-02 1.730216740706607618e-04 9.988217577295059879e-01 5.831925869999999845e-01
9.987298803955780846e-01 -2.112589149285012957e-03 -5.034047051945939738e-02 -2.426005700000000154e-02 2.097489266478631820e-03 9.999977380395788096e-01 -3.527810977430836286e-04 -6.515741999999999715e-03 5.034110193282666929e-02 2.467444269707205198e-04 9.987320524411823497e-01 6.285664439999999464e-01
9.986381379669231340e-01 5.367927971443034127e-05 -5.217151058280194986e-02 -2.690651499999999891e-02 -2.115380695769236426e-04 9.999954166634492658e-01 -3.020248953250229303e-03 -6.895448000000000202e-03 5.217110933842221410e-02 3.027172051505955599e-03 9.986335722274557458e-01 6.749410630000000078e-01
9.985709850497372919e-01 7.164713054469741289e-04 -5.343663991743644037e-02 -2.984806900000000138e-02 -1.014799097296945713e-03 9.999840509072920325e-01 -5.555908011701521723e-03 -7.316920000000000195e-03 5.343180700284630436e-02 5.602195990041311871e-03 9.985557858229553441e-01 7.212250230000000206e-01
9.984314654260445510e-01 4.819244979220545233e-03 -5.577977881841765517e-02 -3.232710800000000023e-02 -5.285022604387974027e-03 9.999523655953395096e-01 -8.205795290867609615e-03 -7.229000999999999656e-03 5.573757604410552180e-02 8.487721609170179732e-03 9.984093755562458705e-01 7.689594029999999858e-01
9.983957235009432996e-01 5.606006743690454888e-03 -5.634316270336437588e-02 -3.584598399999999740e-02 -6.019457402777430091e-03 9.999561701447055029e-01 -7.171047490361361597e-03 -8.470412999999999554e-03 5.630049225010596431e-02 7.498698415229615270e-03 9.983857090796488531e-01 8.160977360000000180e-01
9.983051036713133097e-01 4.380832003343448217e-03 -5.803213157180174553e-02 -3.853601599999999933e-02 -4.685344134903757576e-03 9.999759558014726935e-01 -5.112276329446201889e-03 -9.410283999999999663e-03 5.800834021195529211e-02 5.375512058360095227e-03 9.983016259307426754e-01 8.652358650000000484e-01
9.982607533771709063e-01 4.835135827098555397e-03 -5.875448687867788899e-02 -4.208596399999999654e-02 -5.074032140242247524e-03 9.999794534872015195e-01 -3.917499365369026335e-03 -9.845991999999999592e-03 5.873433803732713843e-02 4.208808022633726137e-03 9.982647762344144526e-01 9.121340510000000013e-01
9.982102591749428822e-01 4.676616047326914716e-03 -5.961885389907532751e-02 -4.536651099999999825e-02 -4.898691278087442119e-03 9.999815955392789002e-01 -3.579302513066995491e-03 -1.074666500000000073e-02 5.960101762264966019e-02 3.864950848839099513e-03 9.982147969516784736e-01 9.607908729999999897e-01
9.981129729137986351e-01 4.107452462421353964e-03 -6.126681104356297702e-02 -4.817698900000000339e-02 -4.389973268026401559e-03 9.999803402062451552e-01 -4.477425120328214561e-03 -1.129533299999999942e-02 6.124721573985804357e-02 4.737935760548182135e-03 9.981113818251168279e-01 1.008508324999999983e+00
9.979717587905010401e-01 2.328615414989417855e-03 -6.361561291729532497e-02 -4.989242199999999877e-02 -2.652984276798307089e-03 9.999839061354106606e-01 -5.014892281340731922e-03 -1.224891999999999995e-02 6.360291134076441477e-02 5.173492090982990260e-03 9.979618753482336624e-01 1.056946039000000059e+00
9.979949512167031189e-01 2.251687637151621006e-03 -6.325351570272680357e-02 -5.422266600000000270e-02 -2.489785282102146766e-03 9.999901085759614894e-01 -3.685609784803592186e-03 -1.235232900000000043e-02 6.324459119339326252e-02 3.835707629826730532e-03 9.979906858441912609e-01 1.106288074999999926e+00
9.979786882535032211e-01 3.344641548138437611e-03 -6.346141477095645911e-02 -5.749596700000000199e-02 -3.393518234739414854e-03 9.999940226072464577e-01 -6.624075545592726915e-04 -1.288200400000000072e-02 6.345881992132690330e-02 8.764260906158759419e-04 9.979840730450062480e-01 1.156469822000000036e+00
9.980610734874703072e-01 4.417075535408708162e-03 -6.208528837617578733e-02 -6.110888300000000273e-02 -4.196268686512601501e-03 9.999844005925903057e-01 3.686448234861953391e-03 -1.348504399999999985e-02 6.210060320277902002e-02 -3.418773931136259627e-03 9.980640395619204686e-01 1.204357982000000105e+00
9.981601239015939209e-01 3.367801841087841429e-03 -6.053944964660501471e-02 -6.411701399999999995e-02 -3.012713902063347392e-03 9.999777262354816454e-01 5.955718920535359347e-03 -1.351512099999999973e-02 6.055815888630509958e-02 -5.762373094071049882e-03 9.981480373414685081e-01 1.254431129000000089e+00
9.982691632024244255e-01 3.204647237486376622e-03 -5.872314735446842321e-02 -6.743529400000000673e-02 -2.768057348553425688e-03 9.999679341641037889e-01 7.514552687265419785e-03 -1.427986099999999960e-02 5.874534583817223737e-02 -7.338997183392258726e-03 9.982460235145922400e-01 1.303815125999999935e+00
9.983477475688175007e-01 3.703548928696114451e-03 -5.734159615498489460e-02 -7.034442600000000156e-02 -3.458126241502016470e-03 9.999844342757319149e-01 4.378649237176688962e-03 -1.433937499999999969e-02 5.735692013320153881e-02 -4.173120124936104645e-03 9.983450149027921494e-01 1.354259013999999928e+00
9.983908915558706854e-01 4.354557058652402599e-03 -5.653906163968950432e-02 -7.338142400000000065e-02 -4.383781289454696112e-03 9.999903140109732691e-01 -3.928687328710344685e-04 -1.464040900000000006e-02 5.653680323364503740e-02 6.400914450149339414e-04 9.984003105784082788e-01 1.403857469999999941e+00
9.984233772079267322e-01 3.225258164687961997e-03 -5.603889323040892739e-02 -7.616493100000000516e-02 -3.418207875116320918e-03 9.999885545534111797e-01 -3.347628578836161356e-03 -1.488108699999999944e-02 5.602745487384332840e-02 3.533903217472359262e-03 9.984229744093476855e-01 1.455209374000000055e+00
9.985215588052298585e-01 1.105436411211095996e-03 -5.434587943454877168e-02 -7.994443900000000602e-02 -1.232573126403495572e-03 9.999965817017845149e-01 -2.305937604137889112e-03 -1.537375000000000026e-02 5.434314459673648956e-02 2.369513681513151643e-03 9.985195080919807564e-01 1.506495713999999930e+00
9.985058558314791055e-01 2.808523754683684738e-04 -5.464409384543437304e-02 -8.221852799999999906e-02 -1.521614695460455952e-04 9.999972054586030445e-01 2.359220606819529067e-03 -1.588067400000000087e-02 5.464460373296369661e-02 -2.347380865486061764e-03 9.985031082004399705e-01 1.556579708999999978e+00
9.984061834722099960e-01 -3.411284559190636174e-03 -5.633343538354336488e-02 -8.417686800000000191e-02 3.705545509886860357e-03 9.999800274363352948e-01 5.119927821770701645e-03 -1.622029399999999968e-02 5.631484472969613964e-02 -5.320513704729263466e-03 9.983988834113286526e-01 1.608613132999999973e+00
9.983731465501224367e-01 -9.602010524499899474e-03 -5.620375113366665731e-02 -8.795113100000000184e-02 9.895999390806656942e-03 9.999387577692622209e-01 4.954786263992178898e-03 -1.699658700000000050e-02 5.615273318071789532e-02 -5.502917839845011642e-03 9.984070254418200285e-01 1.659208655000000032e+00
9.982698357547681312e-01 -1.337023267699668887e-02 -5.725881504459614385e-02 -9.156505800000000472e-02 1.351887758496685653e-02 9.999061747765582986e-01 2.209432631584260908e-03 -1.778694600000000139e-02 5.722390209511215436e-02 -2.979684861490999436e-03 9.983569234032161344e-01 1.710121631999999892e+00
9.981514668772853982e-01 -1.237459852505016535e-02 -5.950225610905163220e-02 -9.345368299999999573e-02 1.224197888452456355e-02 9.999217024748642269e-01 -2.592850315783019367e-03 -1.759818399999999936e-02 5.952968271135165856e-02 1.859631983223470784e-03 9.982248036615664066e-01 1.762446522999999932e+00
9.980394048605666368e-01 -1.025977699654972465e-02 -6.174207092045925355e-02 -9.704966099999999540e-02 1.001721702112611488e-02 9.999408504196146685e-01 -4.236865026096893992e-03 -1.755589600000000139e-02 6.178188819320442476e-02 3.610074525376293260e-03 9.980831456613239450e-01 1.814433098000000077e+00
9.979858657316150738e-01 -1.196804853416561822e-02 -6.229749284042399721e-02 -1.008130460000000034e-01 1.183974589565323608e-02 9.999269592861385059e-01 -2.428273029041712067e-03 -1.798436800000000058e-02 6.232200427654092240e-02 1.685795675954027259e-03 9.980546707850697086e-01 1.867830276000000067e+00
9.979543717087813182e-01 -8.906927694507637411e-03 -6.330670285504071126e-02 -1.044748050000000039e-01 8.988453041392507892e-03 9.999590999202389030e-01 1.003094526145916062e-03 -1.915415599999999857e-02 6.329517911542938136e-02 -1.570071893422387644e-03 9.979936147967055637e-01 1.919612169000000090e+00
9.978723482499963771e-01 -8.662856169889623231e-03 -6.461990034824867390e-02 -1.079058870000000059e-01 8.816402368489975605e-03 9.999589477848098706e-01 2.091361846422426854e-03 -1.969156199999999926e-02 6.459913039131927326e-02 -2.656627199211881313e-03 9.979077586052779170e-01 1.972580790999999945e+00
9.977962636178803191e-01 -7.068478617709580102e-03 -6.597463846227931417e-02 -1.111689280000000002e-01 7.396384459425211187e-03 9.999614725685395111e-01 4.727248193865289140e-03 -2.020733099999999852e-02 6.593868217613889360e-02 -5.204804375671758833e-03 9.978101022761221017e-01 2.025466441999999923e+00
9.978297904148206721e-01 -7.569901902368555285e-03 -6.540952488669846132e-02 -1.152971089999999948e-01 8.095984086356169257e-03 9.999369490346372569e-01 7.781580621878147683e-03 -2.048809600000000078e-02 6.534649495105743222e-02 -8.294247433603530936e-03 9.978281620886041425e-01 2.078140974000000085e+00
9.978509594208857525e-01 -1.270984470845077513e-03 -6.551219261551780026e-02 -1.193729419999999958e-01 1.926380109555582160e-03 9.999487217266596062e-01 9.941980531714045624e-03 -2.065996999999999972e-02 6.549619716053248220e-02 -1.004681619690253429e-02 9.978022397458397030e-01 2.130253315000000036e+00
9.978189339780495493e-01 -2.211510558048002638e-03 -6.597335989594968475e-02 -1.231822219999999940e-01 2.856802887395619960e-03 9.999489857879307886e-01 9.688369261701820431e-03 -2.107881799999999917e-02 6.594856838606452665e-02 -9.855711173738951683e-03 9.977743488810926209e-01 2.182552814000000119e+00
9.977953705742712565e-01 -1.787980545699018519e-03 -6.634155248500635260e-02 -1.261362880000000131e-01 2.324496929671468828e-03 9.999652106869357793e-01 8.010875723421609709e-03 -2.121117000000000141e-02 6.632492121802029128e-02 -8.147425446136934493e-03 9.977648141140390559e-01 2.234781980999999806e+00
9.978201760399770803e-01 4.103607243866479637e-04 -6.599036211163776533e-02 -1.304641810000000124e-01 -4.542093614703571333e-05 9.999846995326800991e-01 5.531603517436735340e-03 -2.133965300000000009e-02 6.599162238108528811e-02 -5.516548251528287372e-03 9.978049275639506721e-01 2.286594629000000101e+00
9.977313043705555717e-01 -1.236794147969082398e-04 -6.732183139541168815e-02 -1.338208170000000086e-01 5.381297385785629300e-04 9.999810165561484609e-01 6.138154748491549823e-03 -2.210494899999999874e-02 6.731979423181817801e-02 -6.160457023170235955e-03 9.977124305499311951e-01 2.339066504999999907e+00
9.976801763386959898e-01 -2.304229331472523127e-03 -6.803643338665307794e-02 -1.378238649999999899e-01 2.772985276224778240e-03 9.999730611485552201e-01 6.796140805323056498e-03 -2.199203500000000006e-02 6.801894069629679795e-02 -6.969038985105350907e-03 9.976596895746453475e-01 2.390482426000000160e+00
9.976064713881245272e-01 -1.528890719151601314e-03 -6.913024473921773605e-02 -1.416680070000000125e-01 2.040618948974759136e-03 9.999710357245381598e-01 7.332365668701780123e-03 -2.216772399999999976e-02 6.911703204594606131e-02 -7.455883929043118433e-03 9.975806963228570634e-01 2.443425654999999974e+00
9.975849356342578744e-01 5.770988774176800257e-04 -6.945475615448713780e-02 -1.451173570000000024e-01 -2.771948362077525396e-04 9.999905977471064134e-01 4.327537453059106080e-03 -2.285585700000000026e-02 6.945660054031126129e-02 -4.297833671808716331e-03 9.975757160572389370e-01 2.493241787000000098e+00
9.975265454455491954e-01 7.781485339373587270e-04 -7.028645400308501656e-02 -1.490715440000000003e-01 -7.618581275686789507e-04 9.999996763545867529e-01 2.585786441745711373e-04 -2.344089200000000137e-02 7.028663246778944773e-02 -2.043907554092214357e-04 9.975268154394432152e-01 2.544378041999999951e+00
9.974933134309367233e-01 2.087139644025846983e-03 -7.073000430282344597e-02 -1.527791619999999961e-01 -2.171688172749482431e-03 9.999970163674982704e-01 -1.118492995812388723e-03 -2.371453899999999976e-02 7.072745881941064350e-02 1.269292798245156163e-03 9.974948698939463121e-01 2.594799757000000096e+00
9.975000027703782024e-01 1.002531872813351406e-03 -7.065931929292408598e-02 -1.567574290000000037e-01 -8.598101697877036679e-04 9.999975286127669172e-01 2.050242627205067694e-03 -2.408401099999999892e-02 7.066120009996525175e-02 -1.984363424998669776e-03 9.974983995487061161e-01 2.646095991000000147e+00
9.974857223086878166e-01 -1.341175230738818683e-03 -7.085502832767633097e-02 -1.602629419999999916e-01 1.755007467927595811e-03 9.999817635969757701e-01 5.778617678093334736e-03 -2.505451599999999890e-02 7.084598604792567700e-02 -5.888439732433975102e-03 9.974698855295907052e-01 2.696342945000000046e+00
9.974457278035835373e-01 -3.382741550203034915e-03 -7.134828060986521392e-02 -1.639732720000000032e-01 3.873729217204894062e-03 9.999697537475100706e-01 6.744317022187743503e-03 -2.574247500000000077e-02 7.132330831033646679e-02 -7.003474119929920146e-03 9.974286626330326477e-01 2.746511221000000003e+00
9.974492311302316505e-01 -6.825208103230575273e-03 -7.105243030366495405e-02 -1.675440970000000029e-01 7.215336525042438491e-03 9.999602634414550550e-01 5.235499682564280499e-03 -2.599799599999999891e-02 7.101387354975052801e-02 -5.734812328519378957e-03 9.974588421037815511e-01 2.796937703999999858e+00
9.973981711283750329e-01 -9.148875918331963314e-03 -7.150654724711404120e-02 -1.712972670000000031e-01 9.452886177940232615e-03 9.999476594348873926e-01 3.914247513570565454e-03 -2.654833499999999930e-02 7.146699358920656497e-02 -4.580006563483545595e-03 9.974324500271679605e-01 2.846964836000000165e+00
9.972935463057925887e-01 -1.090876040835323489e-02 -7.270888146003295915e-02 -1.745733919999999939e-01 1.130047202858835108e-02 9.999237555357808338e-01 4.978197178822629625e-03 -2.681732599999999897e-02 7.264903185003274144e-02 -5.786368599846560511e-03 9.973407823355463497e-01 2.896876811999999912e+00
9.971599195620675093e-01 -1.393279277696676463e-02 -7.401332383027579842e-02 -1.778917010000000132e-01 1.465264077933710329e-02 9.998503940157948966e-01 9.191828145228160205e-03 -2.721831200000000145e-02 7.387418315733092211e-02 -1.025021326089384059e-02 9.972148906785053279e-01 2.946695565999999822e+00
9.971127193691015078e-01 -1.477377707961318072e-02 -7.448463185891021632e-02 -1.816655399999999865e-01 1.588412149408649846e-02 9.997710504329678782e-01 1.433671512310314040e-02 -2.754298599999999847e-02 7.425577120141294007e-02 -1.547844394510673217e-02 9.971190993137788450e-01 2.996904134999999858e+00
9.971040627328729977e-01 -1.277167584979275669e-02 -7.496914283614762586e-02 -1.855638330000000114e-01 1.404824165203968564e-02 9.997647530352073986e-01 1.652529863381081363e-02 -2.760937299999999955e-02 7.474045081537027124e-02 -1.753062704065523961e-02 9.970489166171722095e-01 3.046192646000000170e+00
9.970090184729392124e-01 -1.217568232735855363e-02 -7.632017979204260005e-02 -1.895200009999999935e-01 1.318454221417143454e-02 9.998320577002585141e-01 1.272887432060016213e-02 -2.772948899999999953e-02 7.615237967541914343e-02 -1.369704912490830873e-02 9.970021092831452547e-01 3.095902204999999796e+00
9.968921361970574102e-01 -1.054947819846820470e-02 -7.806905467730189396e-02 -1.930689359999999966e-01 1.097441714890343839e-02 9.999271979461132887e-01 5.016071757480915216e-03 -2.802578899999999887e-02 7.801045415012890227e-02 -5.857244862082139347e-03 9.969353347764920992e-01 3.144433021999999855e+00
9.968931811886111438e-01 -8.517264503074516158e-03 -7.830352166432641425e-02 -1.976530699999999863e-01 8.536066387191575816e-03 9.999635626465728233e-01 -9.460341981498389874e-05 -2.825465200000000163e-02 7.830147425358238711e-02 -5.740945551469030933e-04 9.969295609746745557e-01 3.191785812000000000e+00
9.968452727162852023e-01 -3.895076210459719451e-03 -7.927377021758026665e-02 -2.020548430000000117e-01 3.971583205211888165e-03 9.999917872407603214e-01 8.074514685323347200e-04 -2.884392800000000132e-02 7.926997407618525948e-02 -1.119746553764248238e-03 9.968525554853215898e-01 3.239472628000000132e+00
9.967722126535724092e-01 -8.708483147181767794e-04 -8.027700607841653513e-02 -2.060372829999999877e-01 1.112495071417055666e-03 9.999949841152482310e-01 2.965484624907858101e-03 -2.935970599999999930e-02 8.027402093091789981e-02 -3.045220444769910530e-03 9.967681817734880267e-01 3.286609888000000090e+00
9.966774642139661911e-01 1.342693337177001652e-03 -8.143850135298606741e-02 -2.101925159999999959e-01 -9.764960111778751232e-04 9.999892342812801704e-01 4.536273479311066920e-03 -2.992371500000000004e-02 8.144371543316382411e-02 -4.441677176613324438e-03 9.966680453994201105e-01 3.332824706999999886e+00
9.965934816751789160e-01 2.260348418111808328e-03 -8.243981506270950388e-02 -2.144452629999999971e-01 -1.919757995229663238e-03 9.999892934060282679e-01 4.210415959513453404e-03 -3.042035200000000120e-02 8.244844942013621059e-02 -4.037808606300359246e-03 9.965871508753633146e-01 3.378340720999999824e+00
9.964777863716636208e-01 4.089163533464033190e-03 -8.375738779012713298e-02 -2.187761659999999941e-01 -3.686569925738782724e-03 9.999808998433549201e-01 4.960761096520768104e-03 -3.068252299999999974e-02 8.377607337427427081e-02 -4.634510769294157562e-03 9.964738284771544885e-01 3.423870087000000062e+00
9.963519304083069406e-01 4.694373463423115803e-03 -8.521029063103925660e-02 -2.225824889999999945e-01 -4.232968477735883986e-03 9.999753899838734750e-01 5.594765809813574513e-03 -3.140150800000000159e-02 8.523445752456433600e-02 -5.213663240570247208e-03 9.963472813061252653e-01 3.467765570000000075e+00
9.962511163799563363e-01 4.745782656925243842e-03 -8.637818392779457455e-02 -2.266259640000000131e-01 -4.236060255720191375e-03 9.999725236797175620e-01 6.083393717865408917e-03 -3.183717300000000333e-02 8.640468103754904428e-02 -5.694684590904407206e-03 9.962438464864963317e-01 3.510672092000000077e+00
9.961334508337328364e-01 4.237249952817307916e-03 -8.775074838949527278e-02 -2.302989360000000096e-01 -3.623004376054421525e-03 9.999678180926133697e-01 7.157975858381834811e-03 -3.217109700000000266e-02 8.777825453590569482e-02 -6.812377847377256573e-03 9.961167449343948377e-01 3.553326844999999956e+00
9.959924017371740712e-01 7.255077543210075412e-03 -8.914314068764775389e-02 -2.340812529999999891e-01 -6.424774667085952733e-03 9.999333012287796585e-01 9.597674936758164577e-03 -3.231009800000000237e-02 8.920682682560188148e-02 -8.986486719319966565e-03 9.959725825062407667e-01 3.594755172999999804e+00
9.958895320463958534e-01 8.440891548896743007e-03 -9.018198994405944580e-02 -2.386143510000000023e-01 -7.200041082950233394e-03 9.998750066810976334e-01 1.407588089174824711e-02 -3.284024099999999918e-02 9.028953078189357051e-02 -1.336870840188453258e-02 9.958258272744541229e-01 3.637398480999999961e+00
9.956616756029192938e-01 1.175491322548326972e-02 -9.230194879117398221e-02 -2.419690790000000036e-01 -1.036031870368604377e-02 9.998250462715677633e-01 1.557371646125218362e-02 -3.280473500000000153e-02 9.246886790669170408e-02 -1.454987502072724315e-02 9.956092655278655501e-01 3.677821397999999853e+00
9.955768825129841515e-01 1.471884020498557578e-02 -9.279022981299153705e-02 -2.471822350000000001e-01 -1.367661129768969232e-02 9.998361551341243825e-01 1.185804326283204646e-02 -3.362948100000000273e-02 9.294956325416267595e-02 -1.053653783893884061e-02 9.956150662084363168e-01 3.717396735999999979e+00
9.954484192217976091e-01 1.478166397951605204e-02 -9.414853731641867340e-02 -2.509798710000000210e-01 -1.440149908997119532e-02 9.998851708595466459e-01 4.716133918454380215e-03 -3.421805399999999775e-02 9.420743862766867149e-02 -3.338787979479192376e-03 9.955469908558018943e-01 3.755187510999999922e+00
9.953616481138165550e-01 1.380434654770089885e-02 -9.520834774607685180e-02 -2.552160620000000213e-01 -1.398269905742082105e-02 9.999015095625850558e-01 -1.206358791237835491e-03 -3.444440700000000327e-02 9.518231763944666468e-02 2.532032948950745706e-03 9.954566365331686262e-01 3.792967319000000170e+00
9.953053666179714210e-01 1.478845064575862352e-02 -9.564794252341986269e-02 -2.589240070000000116e-01 -1.512521207908582195e-02 9.998816960690933842e-01 -2.796752680470603915e-03 -3.446029500000000190e-02 9.559526735685268395e-02 4.230318367570525505e-03 9.954112965329863227e-01 3.829370260000000137e+00
9.952035532945591179e-01 1.739454940954008461e-02 -9.626690584371480619e-02 -2.631464000000000025e-01 -1.737572999901141474e-02 9.998484961007509941e-01 1.033853020449344851e-03 -3.541224800000000034e-02 9.627030443955725270e-02 6.438135642451414111e-04 9.953550190696831557e-01 3.864672661000000176e+00
9.950815548403508792e-01 1.756730062358326586e-02 -9.748891816668503463e-02 -2.669164840000000094e-01 -1.733794246405095593e-02 9.998445678040788209e-01 3.199372405356674682e-03 -3.605714100000000089e-02 9.752996958690809959e-02 -1.493379213579076274e-03 9.952314679766216532e-01 3.899982452000000155e+00
9.949953437255700806e-01 1.432046419521159665e-02 -9.888978850047412672e-02 -2.691740690000000158e-01 -1.435946756527998157e-02 9.998968471667799562e-01 3.173596930562143825e-04 -3.695660800000000190e-02 9.888413247673517870e-02 1.104233293632846374e-03 9.950983413779548314e-01 3.933151484000000142e+00
9.951144704340688651e-01 6.481490151678389808e-03 -9.851487714115257643e-02 -2.726644579999999984e-01 -6.954912832731974248e-03 9.999658551134419371e-01 -4.462935662974027579e-03 -3.784055599999999742e-02 9.848258688830117957e-02 5.126294242085735128e-03 9.951255705623948122e-01 3.965254306999999923e+00
9.952240759887572841e-01 2.461387369614736597e-03 -9.758575789807143186e-02 -2.755581440000000049e-01 -3.459433133678033959e-03 9.999434178817151464e-01 -1.005949091292110062e-02 -3.797263699999999659e-02 9.755547598529730469e-02 1.034903895297687240e-02 9.951762791073910375e-01 3.997586489000000132e+00
9.955380382617636803e-01 4.867015579204132282e-03 -9.423548446986862448e-02 -2.787742910000000074e-01 -5.850913848398103627e-03 9.999311933774394090e-01 -1.016736533761880036e-02 -3.877816700000000227e-02 9.417951571895924467e-02 1.067336264359893504e-02 9.954980151405730115e-01 4.028134345999999866e+00
9.958688050609016962e-01 9.795299805764485016e-03 -9.027388995876285682e-02 -2.818605299999999980e-01 -1.048653923087108399e-02 9.999191936180327200e-01 -7.186009269582698325e-03 -3.934932099999999960e-02 9.019620613712660273e-02 8.102983153031791466e-03 9.958910513015419852e-01 4.058130263999999876e+00
9.963117313477668491e-01 8.139144228358319300e-03 -8.542065505511693690e-02 -2.842897770000000213e-01 -8.517773695116515748e-03 9.999554444102590756e-01 -4.068995645122272173e-03 -4.001952000000000287e-02 8.538373094503469429e-02 4.781581904686391798e-03 9.963366674796199085e-01 4.087281227000000072e+00
9.967839807433815924e-01 4.313314717400915099e-03 -8.001931672744121149e-02 -2.859913410000000100e-01 -4.335047199649812166e-03 9.999905988494944831e-01 -9.786933227616423261e-05 -4.030850899999999931e-02 8.001814231257002585e-02 4.444420975161171138e-04 9.967933082500440856e-01 4.116461754000000361e+00
9.974299477917677459e-01 -1.734057474976093127e-04 -7.164823220818733462e-02 -2.875895800000000113e-01 4.187964963236858514e-04 9.999940984766557683e-01 3.409929816747781731e-03 -4.090893999999999781e-02 7.164721807304361145e-02 -3.431172147708906866e-03 9.974241340573660741e-01 4.144102097000000207e+00
9.981176009894563439e-01 3.517690251546251676e-03 -6.122810180257498569e-02 -2.888718840000000232e-01 -3.298536822517657199e-03 9.999877885395899169e-01 3.680003604730827747e-03 -4.176735499999999907e-02 6.124029923083985916e-02 -3.471113221217832310e-03 9.981170157467121884e-01 4.171628475000000336e+00
9.989026018066922141e-01 8.844657103166543577e-03 -4.599308800839866512e-02 -2.903260590000000252e-01 -8.738668655871046492e-03 9.999586794636909914e-01 2.505002066709573292e-03 -4.161286000000000151e-02 4.601334343365841989e-02 -2.100334725401621725e-03 9.989386171432643735e-01 4.197898387999999592e+00
9.995183145180334128e-01 1.392326711212382717e-02 -2.773592572737073117e-02 -2.910602090000000142e-01 -1.383267325320581762e-02 9.998983531555544202e-01 3.455503940146703503e-03 -4.213443800000000322e-02 2.778121836240842260e-02 -3.070177476103952158e-03 9.996093126399760997e-01 4.224191188999999902e+00
9.999107733920772345e-01 1.221961583648266403e-02 -5.396873471437180908e-03 -2.906576989999999916e-01 -1.220015012904425086e-02 9.999190039853573797e-01 3.625162859737626059e-03 -4.209511400000000292e-02 5.440734443685143334e-03 -3.558996732173494611e-03 9.999788657521585522e-01 4.249335765999999737e+00
9.997441382622055395e-01 8.837132275982075014e-03 2.082217816408332006e-02 -2.890560930000000139e-01 -8.941510427867629951e-03 9.999478951492439815e-01 4.925076432407873850e-03 -4.269735499999999934e-02 -2.077756967569515528e-02 -5.109998016978176821e-03 9.997710640534852589e-01 4.274091720999999566e+00
9.986714254875797003e-01 8.041639432815802027e-03 5.089907611969177875e-02 -2.871704400000000268e-01 -8.356036731319549035e-03 9.999472838262076779e-01 5.967094664456613906e-03 -4.273551700000000064e-02 -5.084840769139613997e-02 -6.384481484218591449e-03 9.986859755856328791e-01 4.297736644999999633e+00
9.964891046609265501e-01 7.472687540613599452e-03 8.338838787856028834e-02 -2.837379870000000248e-01 -8.194735157286489255e-03 9.999318101384175872e-01 8.319939243143132518e-03 -4.358737900000000248e-02 -8.332052932961236946e-02 -8.974074561090887581e-03 9.964823909021198745e-01 4.321640491000000139e+00
9.926231333985372496e-01 7.467249950238787418e-03 1.210105583007136526e-01 -2.795298399999999739e-01 -8.543321534247824353e-03 9.999284246707617063e-01 8.375989052727168468e-03 -4.345816400000000052e-02 -1.209393513263247871e-01 -9.348032607431727356e-03 9.926158811882561661e-01 4.344867705999999608e+00
9.867130385408084958e-01 7.181658397300695433e-03 1.623139037674513618e-01 -2.747429610000000078e-01 -8.733519546111378692e-03 9.999227042361671369e-01 8.849360958182100195e-03 -4.403105799999999792e-02 -1.622378045028429194e-01 -1.014935149135094000e-02 9.866994909567969874e-01 4.366973877000000392e+00
9.782272248530637926e-01 6.886281732348753862e-03 2.074224570295515324e-01 -2.688323260000000103e-01 -8.883019091568361211e-03 9.999227279369209409e-01 8.696558342534497360e-03 -4.410352599999999706e-02 -2.073465421175194612e-01 -1.034974777900380533e-02 9.782128061893377025e-01 4.388625622000000170e+00
9.665033206224548090e-01 9.438138559365694819e-03 2.564805114746586678e-01 -2.618166800000000238e-01 -1.153828621313886596e-02 9.999110874869309162e-01 6.684689369518487592e-03 -4.449613799999999758e-02 -2.563946161233343624e-01 -9.420120022456101791e-03 9.665262863273458294e-01 4.409779072000000077e+00
9.509463395217132575e-01 1.030892643408759003e-02 3.091840639263788160e-01 -2.535166139999999735e-01 -1.211741460044743306e-02 9.999188605796512919e-01 3.929442771278890585e-03 -4.499061800000000305e-02 -3.091184685741947269e-01 -7.483200710154892972e-03 9.509940978226290031e-01 4.429708480999999587e+00
9.309978963268055185e-01 1.033778585468811059e-02 3.648781265281400010e-01 -2.439539129999999945e-01 -1.193133058094478921e-02 9.999265864265084458e-01 2.113080215821844590e-03 -4.548129800000000333e-02 -3.648294949502177698e-01 -6.320754785062969103e-03 9.310528919848303220e-01 4.449523926000000351e+00
9.066603065644331938e-01 1.100328714741016789e-02 4.217179343737229025e-01 -2.333784999999999887e-01 -1.215547632333245295e-02 9.999261185151888665e-01 4.366350119480461728e-05 -4.553672699999999907e-02 -4.216862967845183552e-01 -5.165770329783415070e-03 9.067270713511641489e-01 4.467646599000000052e+00
8.771916303232294432e-01 1.161246882170497395e-02 4.799999940195204817e-01 -2.216966750000000097e-01 -1.212744519259702052e-02 9.999244030439596864e-01 -2.028119888310994309e-03 -4.569316300000000192e-02 -4.799872589600429618e-01 -4.042123828600144991e-03 8.772661468852990252e-01 4.485826492000000165e+00
8.432938061810515418e-01 1.040027102303333652e-02 5.373522036982097960e-01 -2.089563010000000109e-01 -9.566544475776638315e-03 9.999448198301144064e-01 -4.340336589823134104e-03 -4.584769899999999870e-02 -5.373676931891867570e-01 -1.480424792896676634e-03 8.433467677408650331e-01 4.502463341000000341e+00
8.067076842491689437e-01 1.005198439432332044e-02 5.908651874861805542e-01 -1.947631240000000097e-01 -8.026841730085772925e-03 9.999494677632733142e-01 -6.052415367997776574e-03 -4.608662399999999965e-02 -5.908961685314799706e-01 1.397486418625382490e-04 8.067476051933056835e-01 4.517451763000000398e+00
7.668008856105584803e-01 8.181031229376091105e-03 6.418329008043195394e-01 -1.796643729999999883e-01 -6.488679493969267201e-03 9.999664785750519425e-01 -4.993872709106006447e-03 -4.660011800000000287e-02 -6.418522406794946455e-01 -3.353419660349133725e-04 7.668282654417988287e-01 4.531811713999999824e+00
7.235748769808433289e-01 7.850965987862390527e-03 6.902012458227054781e-01 -1.643422840000000051e-01 -8.203761787113489357e-03 9.999625008352379663e-01 -2.774025212055763849e-03 -4.703277299999999994e-02 -6.901971426300587131e-01 -3.655031654343429692e-03 7.236121509820769848e-01 4.545597075999999959e+00
6.784469598161573245e-01 6.856233070796261854e-03 7.346173934670293670e-01 -1.477650399999999864e-01 -7.389851828787939551e-03 9.999695496129767935e-01 -2.507974634819718548e-03 -4.732384500000000327e-02 -7.346122193417162771e-01 -3.727185922282281409e-03 6.784769673901529519e-01 4.557746410000000026e+00
6.317734371685183037e-01 5.501641020624940814e-03 7.751335730274856450e-01 -1.306809190000000065e-01 -3.973302421587471267e-03 9.999846599314919926e-01 -3.859115127209685261e-03 -4.764604599999999746e-02 -7.751429138914597283e-01 -6.417536744175705160e-04 6.317856054043005098e-01 4.568585872999999964e+00
5.849727231392534144e-01 3.369791841352093482e-03 8.110459652115855622e-01 -1.130594020000000033e-01 1.363756863310907176e-03 9.999858682404928478e-01 -5.138432302302141721e-03 -4.787293799999999683e-02 -8.110518191523057308e-01 4.111912238062306532e-03 5.849598608686601420e-01 4.578015327000000134e+00
5.378358950710884212e-01 5.386559050980057814e-03 8.430323451414372116e-01 -9.500062500000000520e-02 -5.366718190878650915e-04 9.999815727042558056e-01 -6.047002173124874785e-03 -4.837683200000000155e-02 -8.430493828693783609e-01 2.799863124062470024e-03 5.378288750244326621e-01 4.587597370000000119e+00
4.915969913753428511e-01 8.700206802488778812e-03 8.707793661268652397e-01 -7.651758200000000065e-02 -4.659770931337592695e-03 9.999620559626237748e-01 -7.360242514335240543e-03 -4.865591200000000255e-02 -8.708103608740416224e-01 -4.393593020464475925e-04 4.916188791714829476e-01 4.595528602999999990e+00
4.445759456675672516e-01 1.002233087008838099e-02 8.956850905411559705e-01 -5.802464499999999969e-02 -5.311469883786949092e-03 9.999493190431480993e-01 -8.552638938839878663e-03 -4.951685699999999746e-02 -8.957254137409866868e-01 -9.551068395783385463e-04 4.446066474418293168e-01 4.603842734999999742e+00
4.028487244167508474e-01 8.059827923649729928e-03 9.152310879825039658e-01 -3.864622100000000143e-02 1.746715479039800262e-03 9.999526354581399490e-01 -9.574749362546076947e-03 -4.958172100000000221e-02 -9.152649093135997171e-01 5.455823875589262822e-03 4.028155654452872936e-01 4.609571933999999871e+00
3.626973403867219115e-01 7.264301623075182512e-05 9.319069878477094226e-01 -1.881504100000000110e-02 1.693376574397455203e-02 9.998343753333410744e-01 -6.668544032682272894e-03 -5.008352499999999680e-02 -9.317531254866423529e-01 1.819935781229165342e-02 3.626360386408025160e-01 4.614656925000000243e+00
3.278202031350304080e-01 -3.740617598838499522e-03 9.447327252702146794e-01 1.463890000000000026e-03 2.121174070557859531e-02 9.997692179485333508e-01 -3.401896356025817941e-03 -5.034475399999999851e-02 -9.445019727204104765e-01 2.115463595898311316e-02 3.278238931266239664e-01 4.619398593999999747e+00
2.942412723059302238e-01 9.735903779384321582e-04 9.557306763903540281e-01 2.138876899999999845e-02 1.864353838041225148e-02 9.998033527158076694e-01 -6.758281947971624473e-03 -5.037549899999999720e-02 -9.555493143466985417e-01 1.980676702559429347e-02 2.941652593892560841e-01 4.624833106999999721e+00
2.629002133352886239e-01 8.676276237266047214e-03 9.647840173110843187e-01 4.183745400000000308e-02 7.669047879050500810e-03 9.999091839852470853e-01 -1.108194416996523095e-02 -5.100125099999999745e-02 -9.647925494803993862e-01 1.031242030815500942e-02 2.628097990077603585e-01 4.630485057999999654e+00
2.344537547978476910e-01 1.267694894682294682e-02 9.720446141132568219e-01 6.273961100000000068e-02 2.797868783016181637e-03 9.999020293409874860e-01 -1.371508840831544423e-02 -5.204666399999999943e-02 -9.721232477373760172e-01 5.935207256240485063e-03 2.343953167692599537e-01 4.635144234000000196e+00
2.088350549271641710e-01 1.463722889408195990e-02 9.778413324071909551e-01 8.449530600000000613e-02 3.954687840912497754e-03 9.998671692483405149e-01 -1.581152438543494132e-02 -5.272572899999999896e-02 -9.779428819095975500e-01 7.169057791126894411e-03 2.087494295387132270e-01 4.638688087000000237e+00
1.853553904943242847e-01 1.572566616574713055e-02 9.825457152918329884e-01 1.066772940000000058e-01 1.113163365586352510e-02 9.997741880746233711e-01 -1.810136988957524243e-02 -5.345917499999999767e-02 -9.826085008521184827e-01 1.429252543713148763e-02 1.851384826819663099e-01 4.641466141000000434e+00
1.653750421635266643e-01 2.202066371832327868e-02 9.859848811208091757e-01 1.294143199999999994e-01 1.815136158869146144e-02 9.995133968144055414e-01 -2.536725568533308023e-02 -5.337553800000000015e-02 -9.860637015436113373e-01 2.209207907674168997e-02 1.648948651116177722e-01 4.643730640000000243e+00
1.457116633688699536e-01 2.878906234807259573e-02 9.889081357979597753e-01 1.527898309999999871e-01 2.031695460195461628e-02 9.992786400323623308e-01 -3.208459023853341141e-02 -5.338336500000000207e-02 -9.891184623259133835e-01 2.476670071267603190e-02 1.450216467353391270e-01 4.646327971999999917e+00
1.280755679205362874e-01 2.957480675878334381e-02 9.913233477059906207e-01 1.770842079999999930e-01 1.776485409224817097e-02 9.993264929679627206e-01 -3.210872796349245606e-02 -5.412713400000000036e-02 -9.916052938850785647e-01 2.172305819936622487e-02 1.274639159980334169e-01 4.649231911000000217e+00
1.125408718001272984e-01 2.518344219603615292e-02 9.933279148466666042e-01 2.027382849999999903e-01 1.598639005837119292e-02 9.995035001419814158e-01 -2.715121612064086420e-02 -5.523555399999999921e-02 -9.935184887597056091e-01 1.893534903525793262e-02 1.120824029432989644e-01 4.651913643000000320e+00
9.807515187091242481e-02 2.169407924627849912e-02 9.949425267376773574e-01 2.288424970000000058e-01 1.569288433211106851e-02 9.996043491697098604e-01 -2.334263272083462321e-02 -5.655981200000000098e-02 -9.950552738249450746e-01 1.790285023835547912e-02 9.769590567934038905e-02 4.653900145999999793e+00
8.489384147596044927e-02 1.951005652022476042e-02 9.961989727830643515e-01 2.559082509999999755e-01 1.834612717544794810e-02 9.996081781752801376e-01 -2.114023989361710210e-02 -5.716509000000000174e-02 -9.962210875589400105e-01 2.007106922102121216e-02 8.450264423796560731e-02 4.655646324000000114e+00
7.308052230973910435e-02 1.870737500632000880e-02 9.971505760813200725e-01 2.836937900000000012e-01 2.206215653042551891e-02 9.995490748876875164e-01 -2.036929405736058810e-02 -5.794443199999999711e-02 -9.970819918683530014e-01 2.348789074270263635e-02 7.263484343134596344e-02 4.657099246999999664e+00
