0.9999528362104368,0.005434654118950249,-0.008049216689266009,-0.10901711546793223,0.0021247320310381563,-0.9311169416696208,-0.3647145821729759,0.13240894331203856,-0.009476859632793018,0.3646802784226472,-0.9310845738498091,-0.06995716694505583,0.0,0.0,0.0,1.0
0.9999942457976017,0.002567349544216215,-0.002217450789267795,-0.10581031491946816,0.0015615824219264258,-0.9286470598064768,-0.37096118364746106,0.13564171645759907,-0.0030116161814783054,0.37095558632955455,-0.9286457253112576,-0.06541127737654659,0.0,0.0,0.0,1.0
0.9999936188672,0.0009091317800340322,0.0034548088642090517,-0.10276259652753313,0.0021315433363747432,-0.9279111985845697,-0.3727952039181197,0.13388961155291762,0.0028668358667425877,0.3728001891372293,-0.9279072153137724,-0.06395500533308042,0.0,0.0,0.0,1.0
0.9999780008631307,-0.0008645942573810395,0.00657649348419088,-0.09869141261799025,0.0016650742208105258,-0.9270027809242096,-0.37505075881355193,0.13437770453011175,0.00642069448087149,0.3750534583703396,-0.9269809480495441,-0.060617307998971914,0.0,0.0,0.0,1.0
0.9999423888514415,-0.0032117551867403456,0.010242246174214839,-0.09571582312219722,0.0008747022436664636,-0.9266318504338191,-0.37596894640060524,0.13425077611242292,0.010698311738666848,0.3759562453134895,-0.9265756567791568,-0.0579733648420707,0.0,0.0,0.0,1.0
0.9999080978260805,-0.003735975432855228,0.013032205852951893,-0.09359978092425456,0.0014547106394208577,-0.9261634118493012,-0.37711963402694576,0.1350673514787116,0.01347886192466438,0.3771039340012605,-0.9260728606551369,-0.05542173650578712,0.0,0.0,0.0,1.0
0.9998570834087771,-0.00408564831947428,0.0164048844891867,-0.09239970151058978,0.0023785741362552515,-0.9267103205959927,-0.3757689770137376,0.1336694878068187,0.016737835653761177,0.37575429362640966,-0.9265681602984994,-0.053416165962782924,0.0,0.0,0.0,1.0
0.9998427374835178,-0.004932357677550511,0.017034440090776693,-0.08982419518661984,0.0017353080998457444,-0.9287237223289077,-0.37076844025528494,0.12920553420497838,0.017649051171781484,0.37073969227920406,-0.9285691097389882,-0.050738098276212486,0.0,0.0,0.0,1.0
0.9998708061242422,-0.005169318224992467,0.015220026594846203,-0.08649847694082566,0.0007912877868471107,-0.9298992569760068,-0.3678134659567383,0.12828420253346806,0.016054436274670365,0.36777799013067514,-0.9297750292685557,-0.04843753980796311,0.0,0.0,0.0,1.0
0.9998977809402442,-0.004489058776927532,0.013574830462027902,-0.08367263361189077,0.0007549606866291093,-0.9315324624721883,-0.3636573956278937,0.12708481849415024,0.014277874671573331,0.3636304713741658,-0.931433853036846,-0.04710917307407336,0.0,0.0,0.0,1.0
0.999937270972075,-0.0031190354060075054,0.010757589834855768,-0.08089085454398796,0.000961682854127564,-0.9329905174936731,-0.35989966578614135,0.12686008677646118,0.011159269107204004,0.35988743501965204,-0.9329289923825761,-0.04514406305048153,0.0,0.0,0.0,1.0
0.9999753834343061,-0.0016185387163542024,0.006827360971626757,-0.07844183462820681,0.0008989896065103727,-0.9354578815963769,-0.35343704330036785,0.12427242838553695,0.00695876016978715,0.3534344806207261,-0.9354333987864969,-0.043232856357545466,0.0,0.0,0.0,1.0
0.9999948363453236,0.0003524770024961913,0.0031942201945371587,-0.07676186872674642,0.0014376745527826089,-0.9380212382060321,-0.3465747967846227,0.1222110994593859,0.0028740867364710878,0.34657759944114236,-0.9380169013354962,-0.0408904944286487,0.0,0.0,0.0,1.0
0.9999965808313274,0.0024543925621441217,-0.0009023761996713891,-0.07500846737508508,0.002003827920563235,-0.940919870668485,-0.33862336253552594,0.11981992274627438,-0.0016801783594645493,0.3386203965185091,-0.9409215716850837,-0.03920201167774841,0.0,0.0,0.0,1.0
0.9999773230646758,0.004770579545920606,-0.004753412164039248,-0.0740902605207776,0.002943591097921921,-0.9444565729037078,-0.32862306244454503,0.11512975354071033,-0.006057113822063043,0.32860161817888117,-0.944449198158571,-0.03938504338480404,0.0,0.0,0.0,1.0
0.9999251175655057,0.007725677682090704,-0.009490688381871835,-0.0731263599575332,0.004281605593529653,-0.9473782038256576,-0.32008781102942974,0.11310266099468005,-0.011464166570266108,0.3200232066904256,-0.9473403401441461,-0.03902405832113236,0.0,0.0,0.0,1.0
0.9998284654939085,0.0098191855688957,-0.0157042409195582,-0.07087642170372296,0.00444789786862897,-0.9503822861921467,-0.31105261017509406,0.11190535346025027,-0.01797931568904061,0.3109294030595247,-0.9502629375706503,-0.03668110878788031,0.0,0.0,0.0,1.0
0.9996897378740358,0.012245726326586107,-0.02169032448062032,-0.06939764999164505,0.005126600079637006,-0.9533153035227666,-0.301933188041525,0.11039192320300303,-0.024375109455420037,0.30172831198949474,-0.9530823048315432,-0.035486286964979054,0.0,0.0,0.0,1.0
0.9995219002661251,0.014931377180550988,-0.027074431921765858,-0.06784533619757913,0.006388875531888402,-0.9565053165028171,-0.29164492413084075,0.10777776141134113,-0.030251498439453385,0.29133251359458306,-0.9561434062758734,-0.035717478532122794,0.0,0.0,0.0,1.0
0.9993142489683213,0.01856911801866052,-0.032034663489565636,-0.06807815415382686,0.008760979349073167,-0.9591704116489037,-0.28269306085950874,0.1070043631178168,-0.03597606217647738,0.2822185487760893,-0.9586753432090513,-0.0343665179231199,0.0,0.0,0.0,1.0
0.9988394079109169,0.019089855709093783,-0.04422007025293142,-0.06068546739926459,0.006411592249898387,-0.9626300390862274,-0.27074397377166065,0.10443310949957062,-0.04773603134938276,0.27014622939781074,-0.9616352146490663,-0.030920543017664264,0.0,0.0,0.0,1.0
0.9986609015664056,0.022571606039792365,-0.04655025545964356,-0.06441245178153603,0.009652825181907378,-0.9652975115530058,-0.2609742078359125,0.10389074851901663,-0.05082545276316977,0.2601753962048659,-0.9642227629345098,-0.028954833176053425,0.0,0.0,0.0,1.0
0.9983114525732232,0.02443443944480343,-0.052699163467362885,-0.0641900173480421,0.01050391664959198,-0.96820556938523,-0.24993527791498554,0.10211423704392157,-0.05713065198437724,0.24895970272403697,-0.966827365677761,-0.02768523426441859,0.0,0.0,0.0,1.0
0.9978115679367646,0.025859630583983183,-0.060855192035146076,-0.06160769207358346,0.010709036139667366,-0.971403117779362,-0.2371946443609013,0.09931902149727774,-0.06524868915567487,0.2360238595451635,-0.9695541997685695,-0.024819133001777748,0.0,0.0,0.0,1.0
0.9973994988602564,0.02743366057240412,-0.06664558455671947,-0.06047414939025477,0.011712449103200604,-0.9741265869086202,-0.22569938239562612,0.09755633328340564,-0.07111299606480985,0.22433186787739334,-0.971914684962279,-0.02459776662989682,0.0,0.0,0.0,1.0
0.9969264653805407,0.02984400068914277,-0.07243589059801568,-0.05972513967154954,0.013570808982283765,-0.9764069283835297,-0.21551181718923773,0.09670056936136125,-0.0771586402642479,0.2138664205234368,-0.9738109151190825,-0.022623359123234085,0.0,0.0,0.0,1.0
0.9963509541230939,0.03151634202650661,-0.07931895361933856,-0.058979309453035464,0.01486049726726034,-0.9791900201846272,-0.20240076578856922,0.09241964629974782,-0.08404725955656303,0.20048347701518388,-0.9760852593933248,-0.023347894979459664,0.0,0.0,0.0,1.0
0.9957750451042574,0.031729002381648226,-0.08617035427267462,-0.05684452349440038,0.014808738521454872,-0.9816116605344272,-0.19031355486734955,0.08976142064355898,-0.0906242837820861,0.1882334144372615,-0.9779342620433512,-0.0221838154544762,0.0,0.0,0.0,1.0
0.9953068206766587,0.03149075213674542,-0.09150226906686529,-0.05615219270881697,0.014919903551158593,-0.9842008925664235,-0.17642562044521606,0.08513598459090782,-0.0956123903714737,0.17423241834204503,-0.9800517002720497,-0.020448549879503935,0.0,0.0,0.0,1.0
0.9946854908134076,0.031639475611418555,-0.09797815036183397,-0.05395911078559859,0.01529933374416221,-0.9864688074020636,-0.16323364362083956,0.08082726014357558,-0.10181701602520295,0.16086713650023418,-0.981710272759707,-0.02040321250446873,0.0,0.0,0.0,1.0
0.9940374873949908,0.03176627532149597,-0.10430904757331697,-0.051735065627964774,0.015541933743668832,-0.9881325374929455,-0.15281536782424746,0.07874722756899087,-0.10792553890975479,0.15028303996110656,-0.9827344941290538,-0.01856754585041509,0.0,0.0,0.0,1.0
0.9934099536352918,0.03027316907627936,-0.11054501007465835,-0.049144140953691774,0.014525582288676144,-0.9899639562200072,-0.14057159330535568,0.07428407805596109,-0.11369112312534435,0.1380394893474705,-0.9838797832576841,-0.018461619911460794,0.0,0.0,0.0,1.0
0.9927714417574403,0.030329334864794357,-0.11612491497311148,-0.0463788033257417,0.015093966389273726,-0.991412874137353,-0.12989490049017524,0.07175969509604513,-0.11906736164664385,0.1272031620730091,-0.984704178395286,-0.01568627734080253,0.0,0.0,0.0,1.0
0.9924080831247317,0.030410747011630063,-0.11916955573841512,-0.04540169450601325,0.016030214223601274,-0.9926659024858548,-0.11982252824026292,0.06915861233299367,-0.12193944718852077,0.11700253205866011,-0.9856171562585648,-0.01470204570384167,0.0,0.0,0.0,1.0
0.9921972443085956,0.02998540748750312,-0.12101860899976613,-0.044601720437832115,0.016703228925752343,-0.9938672912530627,-0.10931061028442741,0.06529963155431369,-0.12355416030989727,0.10643628476750049,-0.9866132407154325,-0.014005884581422063,0.0,0.0,0.0,1.0
0.992047606785915,0.029616511298993405,-0.12232909763754155,-0.044239465426936866,0.017161243893935068,-0.9946728468564413,-0.10164359022838232,0.06374560167296445,-0.12468776033898217,0.09873596095131205,-0.9872710734325552,-0.01214296979106148,0.0,0.0,0.0,1.0
0.991831837075371,0.02895273724240652,-0.12422296876933692,-0.042473528396696804,0.01722126170866957,-0.9953765030624594,-0.09449362569142553,0.06207713972469939,-0.12638447336938585,0.09158251010603437,-0.9877447082793313,-0.01010645851973731,0.0,0.0,0.0,1.0
0.9921860647251698,0.02771143896833181,-0.12165068481305652,-0.04372886831610046,0.017140256916431434,-0.9960521512206678,-0.08709950425529737,0.059175594301735995,-0.12358407890185501,0.08433379037482108,-0.9887440453641153,-0.010040944962768151,0.0,0.0,0.0,1.0
0.9924851848765166,0.02669030821599625,-0.11941852975129985,-0.04393679651234801,0.017070993703476374,-0.9965791918628363,-0.08086096412974682,0.05666589139923622,-0.12116822592826404,0.0782147159641423,-0.9895457135635755,-0.009817092720937799,0.0,0.0,0.0,1.0
0.9929100280707496,0.024968580003089377,-0.11621637651025601,-0.0446008838889421,0.016449946401713465,-0.9971455137276785,-0.07369005167690627,0.05268159681417771,-0.11772457440961517,0.07125583811445689,-0.9904865118287484,-0.01031088732615009,0.0,0.0,0.0,1.0
0.9928327338009929,0.022363094437053976,-0.11740125510592964,-0.03813501787549635,0.015070592130383675,-0.9979223739603719,-0.06264034484368061,0.0447378786799562,-0.11855817114854539,0.060422078386091704,-0.9911070237352864,-0.009768196396737481,0.0,0.0,0.0,1.0
0.9933837657994079,0.02409430230920904,-0.1122860563134136,-0.04049283881800048,0.016982829139958106,-0.9978140237380831,-0.06386515126435593,0.04776420903916613,-0.11357938792135497,0.061535669557164316,-0.9916214418877607,-0.007652822631531629,0.0,0.0,0.0,1.0
0.9936990494773169,0.022979197073654232,-0.10970029885887483,-0.038567280912943404,0.01659716127749481,-0.9981353509272496,-0.058739726479319944,0.04416062507062392,-0.11084553804914801,0.0565488968167077,-0.9922275389059751,-0.005951724031579927,0.0,0.0,0.0,1.0
0.9942138222251747,0.021754759385892126,-0.10519318485753137,-0.037476651762909666,0.016114688429811588,-0.998401570532342,-0.05417214021397831,0.04112976870528665,-0.1062035428468322,0.052163535181338774,-0.9929752127239463,-0.005160172886206159,0.0,0.0,0.0,1.0
0.9947247340769341,0.020463934780708147,-0.10051831071433756,-0.03583734607369626,0.015544252372147224,-0.9986539056745979,-0.04948487545768161,0.037046503744531015,-0.10139565885068347,0.047661347590706955,-0.9937038373238143,-0.0041160154770982504,0.0,0.0,0.0,1.0
0.9952800607085425,0.018946254127683644,-0.09517688905679607,-0.03414281127019497,0.014562623761572824,-0.9988101299443968,-0.046543037176745135,0.03495603409257369,-0.09594545713674675,0.04493733164069976,-0.9943717139379189,-0.002055607972575559,0.0,0.0,0.0,1.0
0.9957994396321775,0.017483776017911252,-0.08987654646456723,-0.032036406146956325,0.013634754886681394,-0.9989706881072018,-0.04326266013323607,0.03219815845646693,-0.09054043012611614,0.041855488036568,-0.9950128384266197,-0.001812305045363595,0.0,0.0,0.0,1.0
0.9962318145975869,0.0170411538638409,-0.08503981807712065,-0.029246475824528603,0.013693476067613569,-0.9991140216469363,-0.039795231644898295,0.028795371982953896,-0.08564263130466375,0.03848078512029505,-0.9955825274078182,-0.0010355860870620377,0.0,0.0,0.0,1.0
0.9968741954391869,0.01472295933077771,-0.07762134330207171,-0.029021524635999038,0.011988900751758388,-0.9992951964332538,-0.03557213297215922,0.024920366032580476,-0.0780903625695149,0.03453034685561029,-0.9963481070488331,-0.002169954178307807,0.0,0.0,0.0,1.0
0.9974194161331329,0.01384670363248028,-0.07044698090872517,-0.0280166143473363,0.011469024306959525,-0.9993545055711823,-0.03404458365179841,0.023484043574852682,-0.07087291303513919,0.033148770612078285,-0.9969343956373564,-0.0030356295520886107,0.0,0.0,0.0,1.0
0.9978352575769907,0.0129724127258767,-0.06447104190510886,-0.025429201038952874,0.010949906644710272,-0.9994398000013323,-0.031625712921120014,0.02052411815654421,-0.06484518702828238,0.030851299508553608,-0.9974183169753303,-0.0022611504066847375,0.0,0.0,0.0,1.0
0.9982529303802703,0.011317020836815695,-0.057991482362341834,-0.023268628576273636,0.009632679037838538,-0.9995259365935374,-0.029242324999318798,0.018001220877459444,-0.058294926724001564,0.028632623285177326,-0.9978887084249688,-0.0020479499722521445,0.0,0.0,0.0,1.0
0.9986789810716938,0.008916584639124349,-0.05060422199754217,-0.02071646439952787,0.007617120178860157,-0.9996377431638536,-0.02581398695394409,0.014834671431572617,-0.050816062871733785,0.02539442774804989,-0.9983851214804661,-0.001608431788101133,0.0,0.0,0.0,1.0
0.9990389863032432,0.006551651260477164,-0.043337970787166086,-0.01890691001929682,0.005467420287969103,-0.9996702595967131,-0.02508942791765174,0.014522411266227333,-0.043488057689242424,0.024828369733057923,-0.9987453834160214,-0.0013603971403723758,0.0,0.0,0.0,1.0
0.9993464030321847,0.005377950363017045,-0.035746949471645056,-0.017320167460274073,0.004602605730844773,-0.9997531327236725,-0.02173682657816744,0.011690464523405091,-0.03585502429397887,0.0215580903397276,-0.999124449692721,-0.0021168197680214522,0.0,0.0,0.0,1.0
0.9995846079055292,0.004493525617921404,-0.028467874277331735,-0.015038219289168498,0.003939051619312861,-0.9998020308079304,-0.019503411616402264,0.010173328542683263,-0.028549877594996283,0.019383173627131087,-0.9994044211776588,-0.0015112797214241014,0.0,0.0,0.0,1.0
0.9997632666631202,0.0035868489402850865,-0.021460315602692192,-0.012914247690739481,0.0032395047229486305,-0.9998635502328859,-0.01619834944800039,0.007570098316674056,-0.021515488380177937,0.016124993964932725,-0.9996384688122969,-0.0009188440192551107,0.0,0.0,0.0,1.0
0.9999141059828731,0.00217377892114323,-0.012924989039615422,-0.012662078885995413,0.002006825967058763,-0.9999145706824649,-0.012916036018837075,0.005220133158800725,-0.012951961473465091,0.012888988404989405,-0.9998330463991906,-0.0003128846548878558,0.0,0.0,0.0,1.0
0.9999693653575985,0.0012947727042171887,-0.007719579649551,-0.008547564864477136,0.0012286417061025583,-0.999962562726654,-0.00856525450296159,0.002133901787852409,-0.007730380707272652,0.008555507511941795,-0.9999335200428746,-0.0013639992120746903,0.0,0.0,0.0,1.0
0.9999943225014698,0.0003843493707591023,-0.0033477216712343087,-0.004420476944210299,0.0003646515147769508,-0.9999826309725526,-0.005882582977263971,0.0015771877488744272,-0.0033499244916304636,0.005881328827129295,-0.9999770937262151,0.00012747873226409668,0.0,0.0,0.0,1.0
0.99999863707728,-0.00011180018834573668,0.00164722320885253,-4.325628595913968e-05,-0.00011095980134521186,-0.99999986365795,-0.0005102666005281116,-0.0008599656413966268,0.0016472800321687868,0.000510083129514143,-0.9999985131407428,-0.00024245033904022923,0.0,0.0,0.0,1.0
0.9999917488141464,-0.0007741300069490397,0.003987859871825365,0.005241385729165043,-0.0007770217796072694,-0.9999994362868602,0.0007236457115153776,0.0006916799505719136,0.003987297427956671,-0.00072673839455455,-0.9999917866215337,0.0007211070299679075,0.0,0.0,0.0,1.0
0.9999546774247594,-0.0012774307130849307,0.009434578269317732,0.008094062819227454,-0.001347653818725733,-0.9999714105378833,0.007440560198061586,-0.0027525992106472072,0.009424803739680151,-0.007452937518144886,-0.9999278107927688,-0.00017423846779928285,0.0,0.0,0.0,1.0
0.9998727008215759,-0.002762727934958182,0.015714626502897712,0.009823118932139626,-0.0029724167629049426,-0.9999066552034029,0.013335877118899706,-0.004986506659941488,0.015676316224029648,-0.013380889891938905,-0.9997875798865197,0.0002802655287723029,0.0,0.0,0.0,1.0
0.9998007871517135,-0.003613503577349835,0.0196297886567853,0.013367376154293124,-0.0039887925259275234,-0.9998093741809908,0.01911294937995236,-0.006555595568634182,0.019556982001287453,-0.019187440989146945,-0.9996246128238785,0.0014739316663234764,0.0,0.0,0.0,1.0
0.9996975438970639,-0.0038655589070961684,0.024287407859118225,0.016211430106235,-0.004412270858943815,-0.9997371742720048,0.02249698300871915,-0.005294436769865324,0.024194061090414387,-0.022597341280846568,-0.9994518535552327,0.004014653246961561,0.0,0.0,0.0,1.0
0.9996316130203834,-0.004425194747261496,0.026777899501562164,0.02148004947191018,-0.005171664014765891,-0.9995981336464697,0.027871582334215845,-0.006037587746620706,0.026643801184991038,-0.027999801105425843,-0.9992527803296177,0.005822874610534428,0.0,0.0,0.0,1.0
0.9995077413584749,-0.004252375191300081,0.031083633470244905,0.024710553112233576,-0.0053160204626051715,-0.9994002997404251,0.03421667437360563,-0.007674717958413684,0.03091949046994916,-0.03436507215154091,-0.9989309420200668,0.007827135381216727,0.0,0.0,0.0,1.0
0.9993456868647692,-0.00428179809597058,0.035914681536214965,0.027484814656779964,-0.005750204199682869,-0.9991474006401595,0.040882844148546836,-0.00889223090717681,0.03570900861749521,-0.04106261071921467,-0.9985182665852829,0.007112887566144616,0.0,0.0,0.0,1.0
0.9991654772780262,-0.0040202686258469815,0.04064709652546083,0.030037247248861625,-0.00598075888347887,-0.9988185413303389,0.04822605123698018,-0.01053812548531227,0.04040519198013774,-0.04842890598506412,-0.998009048819768,0.005473906000107803,0.0,0.0,0.0,1.0
0.9990024875730552,-0.004287776867019053,0.04444822597569618,0.032398821051400226,-0.006740275143824106,-0.9984539826153866,0.05517438980594551,-0.011948341699044908,0.044142932773360705,-0.055418945939196045,-0.9974869131558343,0.004761481785993287,0.0,0.0,0.0,1.0
0.9989564185176426,-0.004088873792147631,0.04549016392053762,0.037323661412591184,-0.006917697353958177,-0.9980395502622513,0.06220290648870148,-0.013183275858607157,0.0451466429064724,-0.06245267987392524,-0.9970263002603496,0.005100129735427254,0.0,0.0,0.0,1.0
0.9989018883413228,-0.0035167626651339454,0.046718838261429814,0.04193684763988945,-0.006659147494994713,-0.9977120915173897,0.0672773230341099,-0.011649058673068584,0.04637535145721728,-0.06751455265609918,-0.9966399108789827,0.005947638416880134,0.0,0.0,0.0,1.0
0.9987856907174762,-0.0026452376360245554,0.04919498689768424,0.04569692216764256,-0.00632784798213643,-0.9971744891711386,0.07485316617347457,-0.012788374723868946,0.04885798151714146,-0.07507356967753558,-0.9959803495942794,0.00644234243937548,0.0,0.0,0.0,1.0
0.9985726721643153,-0.00261942654594585,0.0533456372273146,0.04762437330326008,-0.006926179493207707,-0.9967136390163999,0.08070904432784098,-0.011652065501691043,0.0529589127932752,-0.08096332752089631,-0.9953091445136522,0.006922952035129451,0.0,0.0,0.0,1.0
0.9984679754251425,-0.002760526665769283,0.05526374528517344,0.05191206872077349,-0.007517916571847193,-0.9962612857296609,0.0860635316885246,-0.010541556895657826,0.05481954925786693,-0.0863471484694805,-0.9947557423661115,0.00904716376711567,0.0,0.0,0.0,1.0
0.9983732345246181,-0.0033941950738073596,0.05691541113488053,0.05548079097142277,-0.008662913340553616,-0.9956673960163753,0.09258180405686807,-0.010891132445697229,0.0563545784946139,-0.09292424844878325,-0.994077082289358,0.012486939496551011,0.0,0.0,0.0,1.0
0.9981097807281157,-0.003189011207108612,0.06137341299286652,0.05617620155512846,-0.009235445972673836,-0.9950952627229971,0.09848921079963546,-0.010605023936012033,0.0607583093293242,-0.09886985543516356,-0.9932437664207472,0.012894481919563258,0.0,0.0,0.0,1.0
0.9979259455004323,-0.002163932645988452,0.06433602950580997,0.05862895220295305,-0.008931481362734353,-0.9944225734765831,0.10509031354447773,-0.010978811163395552,0.06374979166817688,-0.10544696655529326,-0.99237941398769,0.014172642990161985,0.0,0.0,0.0,1.0
0.9978502038434574,-0.0018466605263999162,0.06551000331605857,0.0632461141152692,-0.009194842726555595,-0.9936604998658591,0.11204582041988145,-0.01214721506646742,0.06488779204753138,-0.11240729892329349,-0.9915413120954496,0.015338820023971913,0.0,0.0,0.0,1.0
0.9976066900397538,-0.0014097613909949793,0.0691296214422435,0.06591414990071537,-0.009706861693376914,-0.9927464608962252,0.1198342238848541,-0.014162530872262923,0.0684592493677303,-0.1202184551175074,-0.9903841952622057,0.01324625444406557,0.0,0.0,0.0,1.0
0.9975566100528068,-0.0012143680435950143,0.06985223725985396,0.06923693842375724,-0.009565676809796681,-0.9928064939261022,0.11934723895143409,-0.007284035662362926,0.06920482329377593,-0.11972381103362391,-0.9903922967715684,0.01806374683654317,0.0,0.0,0.0,1.0
0.9974645089416263,-0.0013188284846134596,0.07115345454205745,0.0729361639510175,-0.01019800220904488,-0.9921582841716146,0.12457102351904355,-0.006681402404717679,0.0704312015571563,-0.12498079788937962,-0.9896561251294054,0.017414966224108385,0.0,0.0,0.0,1.0
0.9972701030926853,-0.0008063787191013408,0.0738355688734446,0.07505199944909326,-0.01050494916067084,-0.9913187727766384,0.13106005029661577,-0.007937421375677324,0.07308890148740455,-0.13147790876790336,-0.9886210456921213,0.018010747539832544,0.0,0.0,0.0,1.0
0.9971802481275371,-0.0003891682732452418,0.0750426631480936,0.07870153926965849,-0.01051785989395371,-0.9908408330744719,0.1346247307723861,-0.005918295667425458,0.07430294319577327,-0.1350344106527717,-0.9880510009974709,0.019870642245977843,0.0,0.0,0.0,1.0
0.9969956228981325,0.00015249357863390386,0.07745776053871141,0.08086516643077965,-0.010536716509289524,-0.9904355867406586,0.13757298471317098,-0.003961515764929701,0.07673790150353832,-0.13797581405230405,-0.9874583379613731,0.020445710023801123,0.0,0.0,0.0,1.0
0.9969372945101397,0.0006479176263671932,0.0782023721990117,0.08422387794266399,-0.010542551136494938,-0.9897245022220807,0.1425982619697331,-0.0046109763212662126,0.07749119582467226,-0.14298597799785712,-0.9866864368509677,0.02248508433635954,0.0,0.0,0.0,1.0
0.9967764510244801,0.0014977081403576866,0.08021510801194622,0.08603179994145524,-0.01022483036630995,-0.9893012767105039,0.14552813041796103,-0.0035202575509602698,0.07957486743326739,-0.1458791992344803,-0.98609690178181,0.02550500324983053,0.0,0.0,0.0,1.0
0.9965153269352354,0.0016001222246564272,0.08339450096994756,0.08769382823132363,-0.010885615422147681,-0.988769948930524,0.149048621157025,-0.003578245452038269,0.08269647247640932,-0.14943703590741958,-0.9853069906070712,0.02526983131845009,0.0,0.0,0.0,1.0
0.9964502655922849,0.0020967466605279904,0.08415742305053019,0.09098313424454035,-0.010730387323055547,-0.9883720168004632,0.15167602049659074,-0.002737166127692235,0.08349686813864071,-0.15204065265325115,-0.9848410597410183,0.027053758044500217,0.0,0.0,0.0,1.0
0.9963640436246985,0.0021989550796398887,0.08516957889057178,0.09447897389739907,-0.010867623317732182,-0.9882205124228632,0.15265029836235935,-0.0009266717920419794,0.08450199604307278,-0.15302085943834973,-0.9846034883350175,0.02897396118811209,0.0,0.0,0.0,1.0
0.9962634446020828,0.0019683542039045164,0.08634393164155202,0.09658580911518413,-0.011332691059411775,-0.9881168927524964,0.15328593011266012,0.0006046514997570904,0.08561961844662103,-0.15369167784522159,-0.9844024324930204,0.031529030882067516,0.0,0.0,0.0,1.0
0.9960851591604315,0.0013934395429539602,0.08838786130786687,0.09864462753483924,-0.012284594879784318,-0.9879918698342341,0.15401673243545036,0.0010906738537619636,0.08754110136946047,-0.1544995905097928,-0.9841069210727705,0.033261028773963246,0.0,0.0,0.0,1.0
0.9958255549675252,0.0016626076802621493,0.09126171053251833,0.09930722318237122,-0.012461086036379895,-0.9879966818945196,0.15397167889002625,0.0018435752700033782,0.09042226168601165,-0.15446615260671492,-0.9838516261563354,0.0360962430830162,0.0,0.0,0.0,1.0
0.9955258945915145,0.001141945692112299,0.09448221609276142,0.10005248092694038,-0.01344046899430576,-0.9880480077065813,0.15355939652222006,0.0023883505852603367,0.09352832186549752,-0.15414224089162443,-0.9836120284857909,0.037179564408992,0.0,0.0,0.0,1.0
0.9951820028599608,0.0010200231187536442,0.09803948559878128,0.09951852529776964,-0.013995429699105794,-0.9882279794306718,0.15234693504599575,0.0034066352550350142,0.09704076015352428,-0.15298503267708471,-0.9834524241902185,0.03988188472368786,0.0,0.0,0.0,1.0
0.9949655947475555,0.0010212203289917253,0.10021188740704565,0.10043349385922451,-0.014039262477331647,-0.9886672506260721,0.14946560356341454,0.005472715486051625,0.09922884851561732,-0.15012003413443148,-0.9836755618463547,0.04313471358181343,0.0,0.0,0.0,1.0
0.9946391262534137,0.0007604347994433258,0.10340420815789839,0.10044987201927211,-0.014587732296417702,-0.988940861053372,0.14759123078781883,0.005625819281721228,0.10237288016019785,-0.1483084457403925,-0.9836281809351411,0.04543960478305116,0.0,0.0,0.0,1.0
0.9944427210411747,0.0009678187152657751,0.1052745833293039,0.10132338132248717,-0.014262003981250201,-0.9895013454776914,0.14381822742711392,0.007122112437692846,0.10430853182104988,-0.14452041594450474,-0.9839886074363688,0.048898410081542144,0.0,0.0,0.0,1.0
0.9942646445148227,-9.953715162897137e-05,0.10694768235062085,0.10273828077473648,-0.015127897313375447,-0.9900756788856582,0.13971863441208862,0.008303663258067934,0.10587239201363982,-0.1405351919323354,-0.9843987486978292,0.04957741944886486,0.0,0.0,0.0,1.0
0.9940443553187237,-0.00042970195117331665,0.10897538719920304,0.1031092522062232,-0.015214134841401593,-0.9907461320843328,0.13487265052990435,0.009460093561219905,0.1079089883189103,-0.13572736318136894,-0.9848521376957162,0.053394195867009865,0.0,0.0,0.0,1.0
0.9939982343226831,-0.0014526682067985911,0.10938647045438729,0.10532533130091153,-0.01552977245753931,-0.9916590070412264,0.1279501462344835,0.01280565257460194,0.1082882095650521,-0.12888096643449573,-0.9857298616558725,0.055361618746718876,0.0,0.0,0.0,1.0
0.9939823935973611,-0.0016045910316609964,0.10952819959298671,0.1073595084349261,-0.015309368245315983,-0.9921140406570818,0.12439997417607294,0.011843185657407504,0.10846485358119161,-0.12532819163579845,-0.986168454128863,0.05835122713873791,0.0,0.0,0.0,1.0
0.9937572805199832,-0.0028485556453595505,0.11152736500188117,0.10683324350664407,-0.016002924956518057,-0.9929757165437645,0.11723110827435526,0.014270366128841515,0.11041002584169424,-0.11828403140379028,-0.9868224329171402,0.06254620158035801,0.0,0.0,0.0,1.0
0.9936522046975653,-0.003467273511528598,0.11244231460648697,0.10777425886299603,-0.01595916412353704,-0.9937604934392138,0.11038743932136565,0.01640467262488888,0.11135798660242538,-0.11148120780582899,-0.9875076400342467,0.06680123516735419,0.0,0.0,0.0,1.0
0.9934296923735827,-0.0039793627080314,0.11437487041727089,0.10779269717896213,-0.016058144394335745,-0.9943551356699992,0.10488088560509043,0.016248323510822126,0.11331188070604178,-0.10602843410677784,-0.987885817719702,0.06921343277753855,0.0,0.0,0.0,1.0
0.9933067628223526,-0.0039788864356061085,0.11543761689376197,0.10810942995005236,-0.015578828601444309,-0.9948896095482239,0.09975953544593961,0.015901695475073096,0.11445075373620404,-0.10089020406221512,-0.9882925638157455,0.07154657949540838,0.0,0.0,0.0,1.0
0.9932380902035106,-0.004105289140647753,0.11602259594559312,0.10864489697935181,-0.014860744845879686,-0.9956491038831345,0.09198923958451122,0.018193066368855208,0.11514015125710206,-0.09309139883889718,-0.9889776221081592,0.07505033882346303,0.0,0.0,0.0,1.0
0.9930258084201442,-0.00542218114296166,0.11777242361084188,0.10885756125910086,-0.015397453215546296,-0.9963505135047047,0.08395577808219275,0.020706176149772416,0.11688739130459597,-0.08518364978424113,-0.9894852619233102,0.07786650562449063,0.0,0.0,0.0,1.0
0.9929914983082451,-0.006916079483879522,0.11798327056036063,0.1108359872533982,-0.016174383460378108,-0.9968459315656503,0.07769541840216444,0.02106609976860919,0.11707379556170223,-0.07905919659080407,-0.989971398489468,0.08137566414322749,0.0,0.0,0.0,1.0
0.9927912823729511,-0.008126482825138701,0.11958022378790377,0.11100257758175334,-0.016542808863999118,-0.9974406705547372,0.06955892608576797,0.023019171132334773,0.11870890918192119,-0.0710356882152124,-0.9903848372630862,0.08553612468880484,0.0,0.0,0.0,1.0
0.9927865042864142,-0.009505027198747398,0.11951824699481615,0.11309253409036131,-0.016817436732315175,-0.9980372010656194,0.06032345406936381,0.026226028191041976,0.118710280635324,-0.06189830164919827,-0.9909977141872869,0.08847157274470027,0.0,0.0,0.0,1.0
0.9927561620148319,-0.010138491081380693,0.11971805954062469,0.11450767067108539,-0.016561485936171627,-0.9984688971902732,0.05277858019334709,0.0275191332039913,0.1189996637187088,-0.05437896966872713,-0.9914040587432561,0.09328509702725425,0.0,0.0,0.0,1.0
0.992871295603526,-0.010713106864738331,0.11870897062935264,0.11755064862338514,-0.016121713412991616,-0.9988705549528979,0.04469569112027082,0.028925019441354498,0.11809606565506395,-0.04629086075451596,-0.9919226156749331,0.09535669474212663,0.0,0.0,0.0,1.0
0.9929253752012512,-0.011851537130797743,0.11814711316444394,0.11904048750930904,-0.016282991711055003,-0.9991968360066947,0.036613482423123775,0.03014971075569291,0.11761829561081183,-0.038278244236746306,-0.9923208717727143,0.09801945463102776,0.0,0.0,0.0,1.0
0.9928543039888261,-0.012979186602281029,0.11862492051001028,0.11988163565135011,-0.01630390151161723,-0.9994997682631576,0.02709974238611742,0.03352278230845725,0.11821384794668756,-0.028840144885863735,-0.9925692581359751,0.099832518768452,0.0,0.0,0.0,1.0
0.9927288872626554,-0.014170195221018237,0.11953477302294595,0.11993286802486898,-0.016423461453400255,-0.9997051326807185,0.017886240681487916,0.0365872151711805,0.1192460746026369,-0.01971936254612885,-0.9926688876118948,0.10183790110472699,0.0,0.0,0.0,1.0
0.9926684610942043,-0.015276982212491765,0.11989970877088109,0.12085250216906086,-0.0167422884689241,-0.9997968467060641,0.011223238990344027,0.03720997440188059,0.11970389352768027,-0.013148350888619363,-0.9927225688696835,0.10433825682401365,0.0,0.0,0.0,1.0
0.9925221721383561,-0.0164205918080176,0.12095495846980965,0.12128832432663629,-0.01688871416073683,-0.9998533250020117,0.0028460176419891907,0.039013001663945855,0.12089048410754188,-0.004867509331891605,-0.9926539166321504,0.10611331386001929,0.0,0.0,0.0,1.0
0.9925148663586807,-0.016967444437801987,0.12093943065130423,0.12259367448478405,-0.01639584841083457,-0.9998492180199157,-0.0057199108255317765,0.041307267353255364,0.12101824743360176,0.003694191956734813,-0.992643408648789,0.10841669850846192,0.0,0.0,0.0,1.0
0.9925540176854899,-0.017750607780291645,0.12050492894409491,0.12340484071708958,-0.016097891222865614,-0.9997627279056087,-0.014674664865434912,0.04439231025344687,0.12073682070755341,0.012625522332414341,-0.9926042596681045,0.1117174190871953,0.0,0.0,0.0,1.0
0.9929203336458657,-0.018054513577323517,0.11740206800593123,0.12767089166679743,-0.01572746246947463,-0.9996616569976781,-0.020717588009419374,0.04398030206621138,0.11773639181176876,0.01872447778024828,-0.9928683376838051,0.11592127952156317,0.0,0.0,0.0,1.0
0.992813321302622,-0.0197553141263738,0.11803150684382854,0.12828369851546528,-0.01655549613792963,-0.999469999775332,-0.028029182947864457,0.04499174895280033,0.11852267543252407,0.025873676060161114,-0.9926141890460012,0.11602976432903549,0.0,0.0,0.0,1.0
0.9928407073642013,-0.020501983276569703,0.11767327004157921,0.13022109282084876,-0.01620536925794897,-0.9991706685370677,-0.03735453309041732,0.04857896394835754,0.11834152190911139,0.03518016226393527,-0.9923495555374219,0.11790366521808604,0.0,0.0,0.0,1.0
0.9927544449175126,-0.022198392423177876,0.11809252080614076,0.1317094854863431,-0.016888598129888296,-0.9988089883774364,-0.04577532074873242,0.051242248844347325,0.11896800977460001,0.04344923601478855,-0.9919469625640284,0.11859199061754971,0.0,0.0,0.0,1.0
0.9927475830405272,-0.023401844822656774,0.1179177256653448,0.13373605349462736,-0.017066296044105245,-0.9983703810506456,-0.05445478656760983,0.05427755147532727,0.11899990717024186,0.052047438934930086,-0.9915291655790003,0.1189738326375912,0.0,0.0,0.0,1.0
0.9928160337773635,-0.02417658633032631,0.11718283043176062,0.13648857604080303,-0.01694164643055,-0.997910660494747,-0.062348169878195046,0.05604260346148823,0.1184453616264002,0.05991499265084087,-0.991151295194049,0.11879865757041763,0.0,0.0,0.0,1.0
0.9927027740903202,-0.02455071989406457,0.11806127420143388,0.13700407705909987,-0.016378622798965865,-0.9974336859058504,-0.0696977972067881,0.057182163223881345,0.11946942298593465,0.06725551555785254,-0.9905572939504587,0.11846220699784814,0.0,0.0,0.0,1.0
0.99218300020027,-0.026810000795093127,0.12187747113785796,0.1348900190415915,-0.01751185386724671,-0.996897975380492,-0.07673175129246086,0.057963711770189164,0.12355658253498472,0.07399763874369894,-0.989574716922695,0.1152264122136944,0.0,0.0,0.0,1.0
0.9919789331136863,-0.0273745076075088,0.12340353557284635,0.13531491520648306,-0.017001974148419998,-0.99629227835508,-0.08433640355801365,0.05988017311983322,0.12525465713373204,0.08156183190249053,-0.988766372022745,0.11429784392893316,0.0,0.0,0.0,1.0
0.991886204905224,-0.028974245943065975,0.12378307473456747,0.13668506120027873,-0.01743488088707077,-0.9954845915872423,-0.0933083749769278,0.06303576811659009,0.12592768340268332,0.09039314677790587,-0.9879125961179064,0.11329482189568583,0.0,0.0,0.0,1.0
0.9915904276145726,-0.02904139680543521,0.12611511065188977,0.13608715071115557,-0.016384248746951064,-0.9948260628668034,-0.10026295943135234,0.06479473014684975,0.12837437538756394,0.0973534894727674,-0.9869358225494343,0.11126258880055126,0.0,0.0,0.0,1.0
0.9916105981629284,-0.03083346356296147,0.12552975398554697,0.13917766440993085,-0.017159260302708045,-0.9939385263757704,-0.10858989626952256,0.0677439119655134,0.12811706130263964,0.10552489426989863,-0.9861290561039677,0.10908725083075158,0.0,0.0,0.0,1.0
0.9914758070960551,-0.03208965459919566,0.12627738519200765,0.14093264445720985,-0.017460634319284685,-0.9931780149404915,-0.11529335144765708,0.06911152012633276,0.12911564658241295,0.11210568543374184,-0.9852722796775704,0.1065845185782989,0.0,0.0,0.0,1.0
0.9912804479924736,-0.03297017558602495,0.12757758795990695,0.1418230967788875,-0.016904213172695397,-0.9920100285779794,-0.12502140127885414,0.07459041424411786,0.1306802242301917,0.12177467192541676,-0.9839174804182533,0.10434343897024544,0.0,0.0,0.0,1.0
0.9910313373682615,-0.03506425090986074,0.12894722432920336,0.14336477804676287,-0.01763608615212714,-0.9908388760395154,-0.1338928310029502,0.07859055829214208,0.13246077464408218,0.13041786701552885,-0.9825707725878118,0.10329122155610458,0.0,0.0,0.0,1.0
0.990858195863982,-0.03687409928836608,0.12977032207268233,0.145318198644536,-0.018082801038227465,-0.989542081703098,-0.14310653669665538,0.08334926979704578,0.13369011929005023,0.13945167385288357,-0.9811626688087154,0.10090321077383549,0.0,0.0,0.0,1.0
0.9905077543361575,-0.03892875222018673,0.13182921091519445,0.14570455313682643,-0.018932127578406774,-0.9885548400073585,-0.14966931162860608,0.08458321604797502,0.1361468440519223,0.14575280631468193,-0.9799082387173281,0.09810012336015314,0.0,0.0,0.0,1.0
0.9902291580072594,-0.04092808490340438,0.13330831368812854,0.1471084925218125,-0.019646107153281165,-0.9873702111754951,-0.1572071771802424,0.08745443609147788,0.1380588465327541,0.15305214127674938,-0.9785268503953518,0.09571841392117376,0.0,0.0,0.0,1.0
0.9900228192631854,-0.04239865108940949,0.13437697616769267,0.14798823444457307,-0.020365330395637017,-0.9866982808159025,-0.16128160450844714,0.08651694594922352,0.13942765384259564,0.15693583727352117,-0.9777172762732631,0.09122231152261669,0.0,0.0,0.0,1.0
0.9899021259988585,-0.043859037741401,0.13479675719889686,0.1506007551077853,-0.020771922152861732,-0.9855464967449942,-0.16812682713875468,0.08901253013503627,0.14022235268677904,0.16362911587510212,-0.9765056089162606,0.08908281467453373,0.0,0.0,0.0,1.0
0.9894987581869641,-0.04295965138302899,0.13800969494751406,0.15007550667266528,-0.01892722446390305,-0.9850999924961533,-0.170937897957626,0.08655088252914536,0.14329678196159987,0.16653069728169445,-0.9755683262295484,0.08327201718226328,0.0,0.0,0.0,1.0
0.9891772367639271,-0.0442869696091542,0.1398823026366078,0.15076487351389653,-0.01916525329203239,-0.9841911471125143,-0.17606952891288527,0.08775345940742119,0.14546850976872597,0.1714830903272709,-0.9743882503383726,0.08142625144356418,0.0,0.0,0.0,1.0
0.9889447638110674,-0.04526381100716468,0.1412070874417409,0.15228987853321224,-0.019226890960485334,-0.9833752155391838,-0.180564426527646,0.08834936912590345,0.14703258412564676,0.17585327087197364,-0.9733740526277465,0.07994994928467557,0.0,0.0,0.0,1.0
0.9885789296972483,-0.046743041057608244,0.14327172739703609,0.1537172004107367,-0.01969551708432703,-0.9826016088169693,-0.18467854492897695,0.08855319036116083,0.14941146664638844,0.17974750752928376,-0.9722998751267969,0.07748016228487374,0.0,0.0,0.0,1.0
0.9881993422096065,-0.048367162857714696,0.1453364290657905,0.15531801638468237,-0.020297722263706183,-0.9818188884997795,-0.18873174787502695,0.08930726286369511,0.15182247042979413,0.18355459063219473,-0.971214523022819,0.07559773927094879,0.0,0.0,0.0,1.0
0.9879409691568745,-0.04949794892772548,0.14670580940550582,0.15785049129157896,-0.02074150275949027,-0.9812915464518893,-0.19140713394577907,0.08833761871888464,0.1534354311254554,0.18605605046331508,-0.9704847832714009,0.07278390813788364,0.0,0.0,0.0,1.0
0.9875412552698258,-0.05015875556359358,0.14915216518847094,0.15932149208499116,-0.02045810121435054,-0.9807180231469929,-0.19435438037090325,0.08826006682246576,0.15602479044946874,0.18888159866690563,-0.9695256605424291,0.07109648484058435,0.0,0.0,0.0,1.0
0.9870226464549665,-0.051970967683124224,0.1519385201425692,0.1603135970384883,-0.021482328643316846,-0.9804089247312653,-0.195797982275979,0.08625142130581356,0.1591376917675218,0.18999304941329753,-0.9688022689040017,0.06830299900208783,0.0,0.0,0.0,1.0
0.9864316689784377,-0.0527916856082969,0.15545288793408885,0.16074682459400952,-0.021230883333471628,-0.9799576020313824,-0.19807157245244278,0.08592477862919469,0.16279377146959326,0.19208366966386686,-0.9677820270180514,0.0673387632762748,0.0,0.0,0.0,1.0
0.9863158125683472,-0.053703767693692436,0.15587502434047415,0.16431003411240344,-0.02198384668957592,-0.9798571483078227,-0.19848596775286378,0.08327088402810673,0.16339470114532695,0.19234311592974568,-0.967629214829764,0.0659679646413493,0.0,0.0,0.0,1.0
0.9860047385074813,-0.054330175305094326,0.1576162672191922,0.16709674466470548,-0.02201971965075021,-0.9795675054330861,-0.19990656378944402,0.08243128864850417,0.16525673235089836,0.19363815313857546,-0.9670545372737699,0.06470467988561832,0.0,0.0,0.0,1.0
0.9857784573723427,-0.054929185866920145,0.15881944944055973,0.16971709063994594,-0.02210334459278881,-0.9792418872943404,-0.20148639737220742,0.08190132820353258,0.1665901411801359,0.1951105089640637,-0.9665296757748137,0.06388775815560249,0.0,0.0,0.0,1.0
