9.998517169387391990e-01 -8.526746510244291241e-03 1.496124087785862845e-02 1.675735799999999998e-02 8.374324529703826639e-03 9.999126967743791061e-01 1.022103312096465585e-02 5.542105999999999769e-03 -1.504708687176597483e-02 -1.009422722840597197e-02 9.998358324011671350e-01 -1.035197700000000005e-02
9.998517169387391990e-01 -8.526746510244291241e-03 1.496124087785862845e-02 1.675735799999999998e-02 8.374324529703826639e-03 9.999126967743791061e-01 1.022103312096465585e-02 5.542105999999999769e-03 -1.504708687176597483e-02 -1.009422722840597197e-02 9.998358324011671350e-01 -1.035197700000000005e-02
9.998517169387391990e-01 -8.526746510244291241e-03 1.496124087785862845e-02 1.675735799999999998e-02 8.374324529703826639e-03 9.999126967743791061e-01 1.022103312096465585e-02 5.542105999999999769e-03 -1.504708687176597483e-02 -1.009422722840597197e-02 9.998358324011671350e-01 -1.035197700000000005e-02
9.998517169387391990e-01 -8.526746510244291241e-03 1.496124087785862845e-02 1.675735799999999998e-02 8.374324529703826639e-03 9.999126967743791061e-01 1.022103312096465585e-02 5.542105999999999769e-03 -1.504708687176597483e-02 -1.009422722840597197e-02 9.998358324011671350e-01 -1.035197700000000005e-02
9.997879380592333831e-01 -1.030180254541958156e-02 1.783120230330913561e-02 2.178228800000000034e-02 1.010427624360352335e-02 9.998869798455702895e-01 1.113243625164250794e-02 7.797684000000000039e-03 -1.794387117818503977e-02 -1.094990409177731133e-02 9.997790341308030460e-01 -1.339165399999999936e-02
9.997278156401759874e-01 -1.063574229462046702e-02 2.076476874816648999e-02 2.520742499999999858e-02 1.039753301007845590e-02 9.998792803246955296e-01 1.154625847074994965e-02 9.594072999999999837e-03 -2.088506506158741005e-02 -1.132721339127401930e-02 9.997177143044739811e-01 -1.586057800000000018e-02
9.996872065182448308e-01 -1.105819020169905055e-02 2.243224360627093725e-02 2.879467800000000063e-02 1.080427549122403401e-02 9.998765437843215587e-01 1.140897984175154485e-02 1.045182499999999966e-02 -2.255563687546357013e-02 -1.116304704741516961e-02 9.996832646522394450e-01 -1.916522000000000017e-02
9.996726982608842293e-01 -1.086107067766104925e-02 2.316319268879052720e-02 3.231145099999999798e-02 1.064941716484509027e-02 9.999005886605196736e-01 9.241358687738988886e-03 1.291170799999999917e-02 -2.326126105464383989e-02 -8.991659473156079357e-03 9.996889835314114459e-01 -2.152089199999999980e-02
9.996878446666264129e-01 -1.044700900335711162e-02 2.269522479903157003e-02 3.617538499999999740e-02 1.030940362502082673e-02 9.999278102185226169e-01 6.171754085056178028e-03 1.540923699999999924e-02 -2.275806280620584071e-02 -5.935853306288460356e-03 9.997233798520643866e-01 -2.399866800000000078e-02
9.997298156163497707e-01 -9.761376094312108898e-03 2.109529104905900204e-02 4.000646599999999747e-02 9.729357520824290922e-03 9.999513565642684787e-01 1.619909723109654509e-03 1.864476500000000064e-02 -2.111007744967072913e-02 -1.414228420177407854e-03 9.997761572412318110e-01 -2.622140800000000160e-02
9.997811036209502955e-01 -8.577973291602650902e-03 1.908306098830135980e-02 4.354650200000000082e-02 8.645500637368914998e-03 9.999566446563461497e-01 -3.458919824343139725e-03 2.155066300000000115e-02 -1.905256311376323300e-02 3.623145295255477110e-03 9.998119186411840165e-01 -2.841018299999999858e-02
9.998445775509460232e-01 -7.370521654991498209e-03 1.601549726058193804e-02 4.713262599999999691e-02 7.530807921837395086e-03 9.999219295578980482e-01 -9.971044140633504929e-03 2.526784500000000058e-02 -1.594075512686890864e-02 1.009010405017569771e-02 9.998220252256108109e-01 -3.039774900000000168e-02
9.999310840488213614e-01 -5.393420627075259238e-03 1.042775943759135203e-02 5.314923500000000300e-02 5.587859922429145795e-03 9.998093754734227456e-01 -1.870798056797217529e-02 3.149075800000000064e-02 -1.032487164259907574e-02 1.876496014873875462e-02 9.997706103382815179e-01 -3.186174099999999898e-02
9.999764458226900743e-01 -3.903686582419519692e-03 5.645266237024580865e-03 5.728378499999999679e-02 4.054914562873399540e-03 9.996264017838656368e-01 -2.702988206651065622e-02 3.566905900000000296e-02 -5.537640987681404468e-03 2.705213647215160000e-02 9.996186855219262313e-01 -3.377537399999999690e-02
9.999974651019248872e-01 -1.050470090816405140e-03 1.991557760369117632e-03 5.946532300000000049e-02 1.121171605599690854e-03 9.993569708709717503e-01 -3.583835579133808763e-02 4.060724799999999857e-02 -1.952630009854220642e-03 3.584049782277081569e-02 9.993556153601482750e-01 -3.525406500000000110e-02
9.999930777577853425e-01 1.513325757200388155e-03 -3.399158964284281544e-03 6.226257600000000003e-02 -1.661443272049973555e-03 9.990300078262529526e-01 -4.400321657482070270e-02 4.302662200000000048e-02 3.329270605649260837e-03 4.400855948368918857e-02 9.990256066034568505e-01 -3.649257899999999721e-02
9.999540719977781933e-01 3.701442697152242285e-03 -8.840430816534822211e-03 6.536372799999999594e-02 -4.178017780501364943e-03 9.985043138762935699e-01 -5.451311161416225182e-02 4.840098699999999948e-02 8.625431147951657246e-03 5.454754341298968801e-02 9.984739192613495407e-01 -3.808040499999999773e-02
9.998740111730844982e-01 6.430055250258623345e-03 -1.451262106323370805e-02 6.765674100000000635e-02 -7.353170055947383030e-03 9.978920469691543449e-01 -6.447785267701919287e-02 5.232927600000000096e-02 1.406743298454667980e-02 6.457644295863387840e-02 9.978136050104927657e-01 -3.926552800000000093e-02
9.997414867723579679e-01 8.892585582670914715e-03 -2.092561941377211673e-02 7.048250000000000348e-02 -1.044026397088805395e-02 9.971248311561378141e-01 -7.505379390851457666e-02 5.657673600000000247e-02 2.019803243915950855e-02 7.525286050043863972e-02 9.969599021385404658e-01 -4.027822600000000031e-02
9.995688565263928238e-01 1.180775221954593647e-02 -2.688267192898429955e-02 7.153785999999999479e-02 -1.408163675319808357e-02 9.961928636365269263e-01 -8.603188912262241250e-02 6.033464899999999714e-02 2.576448270139676880e-02 8.637334905616445013e-02 9.959296340625433119e-01 -4.078838600000000286e-02
9.993543516276325311e-01 1.375024496371395413e-02 -3.319353320079190123e-02 7.425370100000000528e-02 -1.692142297046880101e-02 9.951181622683504813e-01 -9.722915492955443162e-02 6.532849400000000084e-02 3.169456306006924323e-02 9.772806089910239524e-02 9.947083395575472275e-01 -4.200553900000000146e-02
9.990805990470758013e-01 1.638923819462398054e-02 -3.961501582905095631e-02 7.514425399999999367e-02 -2.061857264937191556e-02 9.938467332377618479e-01 -1.088280538029216399e-01 6.918343899999999935e-02 3.758764517283108564e-02 1.095448022684276518e-01 9.932709123025461606e-01 -4.213859500000000091e-02
9.987670558175234525e-01 1.832737144206964680e-02 -4.613540581397754248e-02 7.794962099999999672e-02 -2.380718228231737399e-02 9.923448319967459463e-01 -1.211814857192574091e-01 7.532814100000000124e-02 4.356129343089455708e-02 1.221304297272980399e-01 9.915576492818020116e-01 -4.302815699999999743e-02
9.984011583662073530e-01 1.983135357337793142e-02 -5.293245118510100239e-02 8.027523799999999876e-02 -2.674931765758588320e-02 9.907054703906483795e-01 -1.333684555766387614e-01 8.037249700000000108e-02 4.979559195218984796e-02 1.345711274883731046e-01 9.896519644140757688e-01 -4.360881400000000269e-02
9.980017378688089691e-01 2.156014399915584870e-02 -5.939437180047398707e-02 8.120159100000000352e-02 -3.000542297772161235e-02 9.889483930237509268e-01 -1.451921159280650242e-01 8.396408700000000669e-02 5.560760561978272259e-02 1.466841372694277501e-01 9.876191361404245139e-01 -4.377448200000000345e-02
9.976080090971995995e-01 2.287958490002043113e-02 -6.522871131583542204e-02 8.294808100000000683e-02 -3.289295533933123128e-02 9.870763458181809336e-01 -1.568385826742636491e-01 8.921576300000000348e-02 6.079731634016916769e-02 1.586089912994526063e-01 9.854678453429130958e-01 -4.444132399999999733e-02
9.971299921595282445e-01 2.463568506525955909e-02 -7.158813978100361797e-02 8.503507100000000374e-02 -3.649689616578278423e-02 9.848659099455158161e-01 -1.694317443617201491e-01 9.541443700000000472e-02 6.633065133257198820e-02 1.715582188312660405e-01 9.829384631019585372e-01 -4.458186399999999883e-02
9.966593999992046093e-01 2.532346074306186107e-02 -7.764510756783188361e-02 8.683996600000000454e-02 -3.905039969624801016e-02 9.827563681796087636e-01 -1.807345763432902375e-01 9.946010299999999416e-02 7.172939897133429055e-02 1.831628869023960993e-01 9.804622635189950142e-01 -4.495039599999999663e-02
9.961693872903243374e-01 2.554934914584198677e-02 -8.362883823086202095e-02 8.797359500000000165e-02 -4.134268832579335307e-02 9.803343275308812332e-01 -1.929647335306929334e-01 1.036420089999999933e-01 7.705409753943091855e-02 1.956830013639377919e-01 9.776353251747734729e-01 -4.460462199999999655e-02
9.957452732975223819e-01 2.626153801684896760e-02 -8.832713244882350878e-02 9.014978299999999722e-02 -4.389782476148310075e-02 9.779637845347607383e-01 -2.041073666472091042e-01 1.101499940000000011e-01 8.102056335802990117e-02 2.071163145660856186e-01 9.749556403004753236e-01 -4.498154699999999673e-02
9.953418422264106447e-01 2.598144068645857896e-02 -9.284170320061523041e-02 9.131008399999999969e-02 -4.554652617012325266e-02 9.754826072628944855e-01 -2.153118595930559320e-01 1.153803620000000002e-01 8.497135439175589056e-02 2.185375200450521693e-01 9.721220197410348485e-01 -4.485379500000000186e-02
9.949680991543191633e-01 2.633392614938512982e-02 -9.666957121452200707e-02 9.235820899999999667e-02 -4.770153069310862498e-02 9.729782674489881877e-01 -2.259155927365343319e-01 1.201947780000000021e-01 8.810814738022372528e-02 2.293900943927700831e-01 9.693385058686675437e-01 -4.489413999999999905e-02
9.945585551640768740e-01 2.586673563670602999e-02 -1.009167594477975854e-01 9.371843900000000060e-02 -4.921931760248727389e-02 9.704252198639189420e-01 -2.363310208728640061e-01 1.239163280000000061e-01 9.181905643541195261e-02 2.400120926944418476e-01 9.664178476392834005e-01 -4.391983499999999735e-02
9.942737496497281446e-01 2.540028587947095601e-02 -1.038004635573024637e-01 9.506452099999999905e-02 -5.046424535505162484e-02 9.678140323044732707e-01 -2.465549813232354726e-01 1.296154559999999900e-01 9.419697817984862276e-02 2.503813578359958547e-01 9.635538931217019210e-01 -4.334582800000000291e-02
9.940402336668942018e-01 2.519502423956761911e-02 -1.060623618680723995e-01 9.658437999999999746e-02 -5.172284977899781894e-02 9.654464360312361437e-01 -2.554171606711725939e-01 1.342983690000000008e-01 9.596228770827404386e-02 2.593807816862150339e-01 9.609957593192814951e-01 -4.337736200000000264e-02
9.938722159200074069e-01 2.418749816240386985e-02 -1.078563088321582153e-01 9.830298299999999656e-02 -5.214047171849862938e-02 9.629723912648850970e-01 -2.645100090177337493e-01 1.395250859999999926e-01 9.746481227205347486e-02 2.685128276158010308e-01 9.583326519400977572e-01 -4.263906199999999841e-02
9.938458920938625374e-01 2.324350668582107066e-02 -1.083055038541474446e-01 9.946457300000000057e-02 -5.217261958395057880e-02 9.607197970626882855e-01 -2.725719892020736501e-01 1.446804260000000009e-01 9.771571283014279796e-02 2.765451336197641274e-01 9.560200983961184562e-01 -4.213443800000000322e-02
9.938926803411096689e-01 2.271863275723640108e-02 -1.079870533444010350e-01 1.006487380000000015e-01 -5.230807995037679847e-02 9.586465904013805606e-01 -2.797509240086843429e-01 1.492801310000000103e-01 9.716586199005119995e-02 2.836909911108378979e-01 9.539801972925228135e-01 -4.190324200000000027e-02
9.940036330643264861e-01 2.130284708126862353e-02 -1.072518818536613849e-01 1.025723070000000015e-01 -5.147440129576664331e-02 9.565249163109784680e-01 -2.870722391446411947e-01 1.548833099999999963e-01 9.647364130249272418e-02 2.908715750679460310e-01 9.518857932290670787e-01 -4.136395799999999928e-02
9.941863499201246679e-01 2.105075152890226522e-02 -1.055953005231192315e-01 1.042849119999999935e-01 -5.124300125773716130e-02 9.550234326379846150e-01 -2.920691663535546767e-01 1.587385239999999920e-01 9.469771092586660999e-02 2.957821985387715791e-01 9.505499642696179086e-01 -4.092455700000000030e-02
9.944720080891602532e-01 1.948573975861284113e-02 -1.031781521116398592e-01 1.059646459999999957e-01 -4.961357562872288629e-02 9.532210973757712091e-01 -2.981745003032006402e-01 1.643029599999999979e-01 9.254144066549899184e-02 3.016452311305286016e-01 9.489184560834317272e-01 -4.009358999999999840e-02
9.947620900340999883e-01 1.852598267899914497e-02 -1.005244855583278807e-01 1.085849549999999969e-01 -4.834335725805326278e-02 9.517674047527356906e-01 -3.029879982099331071e-01 1.690432580000000018e-01 9.006277832717174414e-02 3.062606654730894440e-01 9.476777409773700089e-01 -3.979773100000000285e-02
9.951792858782442242e-01 1.748900422096921065e-02 -9.650038181389031244e-02 1.099798530000000024e-01 -4.651001328771160043e-02 9.504456441366166963e-01 -3.073920887168513638e-01 1.737867439999999930e-01 8.634238601547086778e-02 3.103984733742913282e-01 9.466772312166722436e-01 -3.917467599999999855e-02
9.956505771512335068e-01 1.623520222071439881e-02 -9.174064762834499565e-02 1.110874270000000025e-01 -4.420433446168028913e-02 9.491257717856271814e-01 -3.117791624646158999e-01 1.784746349999999926e-01 8.201161523354821847e-02 3.144784373231175323e-01 9.457152887764871396e-01 -3.826500499999999777e-02
9.960783695821807671e-01 1.539968274656513397e-02 -8.712480371174254057e-02 1.135538519999999968e-01 -4.223348080246774883e-02 9.480611059176264899e-01 -3.152720611560031472e-01 1.828993409999999931e-01 7.774454803915263612e-02 3.177152643760638995e-01 9.449935428523498215e-01 -3.792072500000000235e-02
9.965234881592188732e-01 1.385171567468929631e-02 -8.215270853630322889e-02 1.159866749999999974e-01 -3.945014961666286346e-02 9.469783538423920399e-01 -3.188662463309282491e-01 1.876500399999999902e-01 7.337999211097080698e-02 3.209986406931046310e-01 9.442326246381095300e-01 -3.710433099999999734e-02
9.970228975686635797e-01 1.338085853479138720e-02 -7.593612018438936073e-02 1.176400330000000050e-01 -3.716954666261387819e-02 9.462524363651245718e-01 -3.212860897610751998e-01 1.913810820000000079e-01 6.755565501630411696e-02 3.231520993246644879e-01 9.439327063818586661e-01 -3.662107900000000082e-02
9.974968488279157830e-01 1.189332685935890269e-02 -6.970355338570986825e-02 1.196730210000000044e-01 -3.394989334261380720e-02 9.452572435877188983e-01 -3.245553083635714930e-01 1.962789000000000061e-01 6.202774637533754742e-02 3.261093255660810764e-01 9.432948989888753077e-01 -3.580409999999999843e-02
9.979133832990569886e-01 1.060347799285108437e-02 -6.369023227375175678e-02 1.227618080000000000e-01 -3.092758333330201947e-02 9.443959517004559823e-01 -3.273526706794244179e-01 2.008866069999999948e-01 5.667772068274258557e-02 3.286393960958502447e-01 9.427532992845816251e-01 -3.503759199999999935e-02
9.983090465365919153e-01 9.388566921364282711e-03 -5.736638749619815680e-02 1.257600339999999928e-01 -2.783520464954296336e-02 9.435804482728472609e-01 -3.299714215190927002e-01 2.053297460000000074e-01 5.103184285638681650e-02 3.310102603370109198e-01 9.422462303274581341e-01 -3.417484500000000230e-02
9.987017290574401462e-01 8.410760993814462780e-03 -5.024057600370664123e-02 1.277559100000000003e-01 -2.464433553149331796e-02 9.429463774754383021e-01 -3.320313026390123157e-01 2.089919000000000082e-01 4.458153321601300567e-02 3.328383816591066746e-01 9.419294552091767025e-01 -3.354489799999999661e-02
9.990447961385255926e-01 7.200487585511929946e-03 -4.310044416317181798e-02 1.319853659999999929e-01 -2.119598429680640689e-02 9.423791182376028974e-01 -3.338747186586722981e-01 2.147879749999999921e-01 3.821289779932083436e-02 3.344693565758288245e-01 9.416315754866813048e-01 -3.316788400000000164e-02
9.993296874723945900e-01 6.397100471258879324e-03 -3.604515004666814654e-02 1.350602210000000081e-01 -1.812457413203747564e-02 9.419284049875011888e-01 -3.353242903373303552e-01 2.175328280000000114e-01 3.180684751525179182e-02 3.357528212588281047e-01 9.414129632992521701e-01 -3.290852200000000255e-02
9.995519547504714275e-01 5.223482554398781869e-03 -2.947210519313727545e-02 1.394030599999999953e-01 -1.486690252750181782e-02 9.412468071342059428e-01 -3.373920912957217300e-01 2.210660869999999945e-01 2.597816320968858450e-02 3.376790832871748305e-01 9.409027429796259501e-01 -3.259091800000000344e-02
9.997493619290359623e-01 4.130001271914796566e-03 -2.200355453056106539e-02 1.417319029999999924e-01 -1.137115100875510376e-02 9.402964119637807761e-01 -3.401666570561787672e-01 2.248718590000000073e-01 1.928497464923093971e-02 3.403316040827443212e-01 9.401077007530811436e-01 -3.094186599999999843e-02
9.998870563749800988e-01 3.862768737925347928e-03 -1.452423875645897366e-02 1.445760879999999915e-01 -8.597262083196041682e-03 9.396797723282892534e-01 -3.419473827385250964e-01 2.274650340000000104e-01 1.232726970785331597e-02 3.420336306487007372e-01 9.396068507236513545e-01 -3.029137499999999886e-02
9.999568359376227455e-01 1.664246638709454117e-03 -9.140926908346702282e-03 1.504099969999999897e-01 -4.728717382681622838e-03 9.380356520903151418e-01 -3.465065001402022893e-01 2.336664649999999899e-01 7.997843055031600076e-03 3.465347683719814387e-01 9.380030324129257080e-01 -2.949211200000000088e-02
9.999962018382804185e-01 1.022386784993197526e-03 -2.559498832761202772e-03 1.541901679999999886e-01 -1.851779266587292834e-03 9.370512793540876073e-01 -3.491868708505739827e-01 2.366143169999999907e-01 2.041377613493425367e-03 3.491902842092394765e-01 9.370496135164400053e-01 -2.849697500000000078e-02
9.999913751304451148e-01 1.391299249500051400e-04 4.150940566361518980e-03 1.582922340000000039e-01 1.328288585426185345e-03 9.362339932042672563e-01 -3.513746513598068333e-01 2.382623849999999932e-01 -3.935138390871251515e-03 3.513771344462470747e-01 9.362257335035117922e-01 -2.822583700000000015e-02
9.999473305067935192e-01 -2.172887407340200715e-04 1.026104273164191172e-02 1.625231649999999972e-01 3.842050699046589777e-03 9.350059027169675963e-01 -3.546113372847157774e-01 2.409652770000000055e-01 -9.517082471187623266e-03 3.546320835316957854e-01 9.349574912642846236e-01 -2.770098299999999847e-02
9.998775052104648120e-01 -1.061067516949014584e-03 1.561565592030557566e-02 1.676096920000000046e-01 6.583520269662188236e-03 9.336582343347050728e-01 -3.581046756464649761e-01 2.433011380000000001e-01 -1.419971249553476055e-02 3.581636156768654988e-01 9.335508516252978284e-01 -2.764083800000000091e-02
9.997692563877422778e-01 -1.521714112679600859e-03 2.142704758150226416e-02 1.720513399999999971e-01 9.174741760615364242e-03 9.321777857035787873e-01 -3.618845119017924938e-01 2.452927530000000023e-01 -1.942313299976887800e-02 3.619975969905488977e-01 9.319766529680565403e-01 -2.691763999999999962e-02
9.997003151927772446e-01 -2.500234965279876480e-03 2.435217913412138571e-02 1.798106580000000121e-01 1.130375450878513821e-02 9.295170496455373854e-01 -3.686058593569300768e-01 2.509104010000000051e-01 -2.171416444321689135e-02 3.687706648357135797e-01 9.292667495499657981e-01 -2.593090799999999904e-02
9.995145274188960149e-01 -2.685219734003897567e-03 3.104028146716596506e-02 1.820967500000000017e-01 1.402165098877501334e-02 9.284523086260052516e-01 -3.711868854237579396e-01 2.502190169999999880e-01 -2.782270263884792719e-02 3.714419203617453369e-01 9.280392217012430889e-01 -2.602161299999999899e-02
9.993673465336802009e-01 -3.131213495166455460e-03 3.542742136084346682e-02 1.875489059999999875e-01 1.625876986606885483e-02 9.261584672074391067e-01 -3.767839513864795764e-01 2.532397809999999971e-01 -3.163161527132737905e-02 3.771215840044355172e-01 9.256234395224183231e-01 -2.496282899999999888e-02
9.992708996631995966e-01 -3.576353397011971039e-03 3.801156117129835671e-02 1.957010780000000005e-01 1.790074342215892955e-02 9.232767190155677373e-01 -3.837182084665547999e-01 2.580344379999999771e-01 -3.372287756455118884e-02 3.841188745951285011e-01 9.226675770333203630e-01 -2.422154300000000163e-02
9.991393345616444988e-01 -3.538326452719254070e-03 4.132880808380683113e-02 2.022127659999999882e-01 1.933809499339560894e-02 9.211871093892995965e-01 -3.886390968199325280e-01 2.593834700000000049e-01 -3.669643325638824449e-02 3.891038289979943943e-01 9.204626999750499250e-01 -2.482836500000000154e-02
9.988754385661219315e-01 -3.512547113969793217e-03 4.728128849883084933e-02 2.042645959999999927e-01 2.183293578874427598e-02 9.192995478475557425e-01 -3.929524961647708481e-01 2.590376140000000271e-01 -4.208540298229424687e-02 3.935428862780418480e-01 9.183424282454590859e-01 -2.476247000000000170e-02
9.986886763149886992e-01 -3.744788162616622187e-03 5.105785308679568202e-02 2.093423899999999893e-01 2.380658965908483138e-02 9.168999885805296790e-01 -3.984063970744303185e-01 2.603541309999999886e-01 -4.532299735255425344e-02 3.990994706869977482e-01 9.157867865438650279e-01 -2.448815899999999893e-02
9.985496894519666489e-01 -3.143530398763116560e-03 5.374603159316006934e-02 2.165790649999999873e-01 2.457971675986443671e-02 9.147983501050783728e-01 -4.031622702697156280e-01 2.606375810000000071e-01 -4.789942817389104129e-02 4.038986220101009605e-01 9.135488754954250723e-01 -2.613465699999999864e-02
9.983123924016462647e-01 -2.949675225017177327e-03 5.799712573367993285e-02 2.201378049999999920e-01 2.650318661002729059e-02 9.117763971094764441e-01 -4.098309197383431801e-01 2.629546520000000109e-01 -5.167154223376180244e-02 4.106763946103173524e-01 9.103158521266425662e-01 -2.540000900000000117e-02
9.982392570007695420e-01 -3.271884132745121396e-03 5.922567481062104844e-02 2.285074589999999961e-01 2.777567285740433628e-02 9.080263661051777291e-01 -4.179911846620024130e-01 2.673935889999999871e-01 -5.241085555369225102e-02 4.189002425781675476e-01 9.065184438212398055e-01 -2.477761399999999989e-02
9.980463047983348934e-01 -3.033825196806203689e-03 6.240488268608766764e-02 2.336871919999999880e-01 2.926212657351708393e-02 9.051962389108344498e-01 -4.239852556517443305e-01 2.686901689999999787e-01 -5.520236794544783332e-02 4.249830172681665075e-01 9.035165375392200104e-01 -2.490745700000000090e-02
9.978841129691481404e-01 -2.947775547959465697e-03 6.495080987251154736e-02 2.395288200000000034e-01 3.066001505405423558e-02 9.022594391465926789e-01 -4.301021598966471848e-01 2.698942719999999906e-01 -5.733463665762136147e-02 4.311835051230447635e-01 9.004407389435151732e-01 -2.563698600000000050e-02
9.977172629100022894e-01 -2.549787493842083086e-03 6.748156692838259973e-02 2.449266609999999900e-01 3.178790166107796356e-02 8.993841017938480897e-01 -4.360020260829746142e-01 2.705866399999999894e-01 -5.958013594612864006e-02 4.371518455001756620e-01 8.974120967406398197e-01 -2.625520900000000157e-02
9.975801428816414296e-01 -2.381864857018576795e-03 6.948514408164217782e-02 2.514666910000000200e-01 3.288493929071534261e-02 8.967164226617331257e-01 -4.413821905068099349e-01 2.711261209999999977e-01 -6.125715710094321864e-02 4.425991234159267762e-01 8.946248245244279307e-01 -2.824486999999999831e-02
9.973745157458911992e-01 -1.888120577937222461e-03 7.239136924614819613e-02 2.558915909999999738e-01 3.421120686000313216e-02 8.933559687556289486e-01 -4.480454289621462749e-01 2.726504209999999762e-01 -6.382529800816502674e-02 4.493456888514395509e-01 8.910750716100154234e-01 -2.830980699999999933e-02
9.972083677841329097e-01 -1.451960234416016515e-03 7.465495986726791711e-02 2.612415550000000142e-01 3.527408528340929966e-02 8.903750707872295500e-01 -4.538589783490625251e-01 2.734436390000000161e-01 -6.581192998784093917e-02 4.552253564248301965e-01 8.879406876245518054e-01 -2.866397099999999989e-02
9.970406081999250159e-01 -5.375741670605969913e-04 7.687481131253917632e-02 2.659423049999999900e-01 3.587413285085150338e-02 8.876764644028507512e-01 -4.590681225455039982e-01 2.735606130000000080e-01 -6.799317754394956781e-02 4.604673773018771454e-01 8.850687669600636465e-01 -3.043968000000000021e-02
9.968918529436581188e-01 -2.496156798797721788e-04 7.878179501999386936e-02 2.713569100000000067e-01 3.695502643547813465e-02 8.846337002376348790e-01 -4.648199032152383614e-01 2.744717300000000249e-01 -6.957700450373734136e-02 4.662865579189290344e-01 8.818933531603491138e-01 -3.082357000000000152e-02
9.967538538888625066e-01 -3.256065776068017836e-05 8.050933919430453001e-02 2.771395440000000154e-01 3.796019350552611721e-02 8.820558150755302140e-01 -4.696132055218049106e-01 2.744777199999999806e-01 -7.099843988935972128e-02 4.711449225357793869e-01 8.791937690304858499e-01 -3.374803400000000314e-02
9.965782974043252418e-01 8.295214570377129615e-04 8.264991855318756797e-02 2.816279830000000262e-01 3.857131632409189353e-02 8.797250913918529536e-01 -4.739156223766239351e-01 2.732374069999999877e-01 -7.310233033031893202e-02 4.754819402140824658e-01 8.766829380286402795e-01 -3.551627300000000098e-02
9.964137061285942565e-01 1.297571111259960414e-03 8.460521584565991460e-02 2.863176470000000085e-01 3.949389667947726668e-02 8.771548680356918704e-01 -4.785807869172756801e-01 2.740954159999999806e-01 -7.483286954373896682e-02 4.802058452273351152e-01 8.739578867687792796e-01 -3.770048200000000044e-02
9.961716932697183280e-01 1.360257336267080286e-03 8.740770691490080957e-02 2.893906239999999852e-01 4.120095980961172022e-02 8.745561519318429955e-01 -4.831707959189316948e-01 2.748047710000000032e-01 -7.710018442850073705e-02 4.849223513286909371e-01 8.711520388215509003e-01 -3.913619399999999915e-02
9.961104644125590157e-01 2.050465843872396887e-03 8.808937664451357841e-02 2.956277429999999984e-01 4.120163183977957472e-02 8.728624428017793813e-01 -4.862237977308903059e-01 2.732221189999999855e-01 -7.788689377254123802e-02 4.879620390316582457e-01 8.693829307287619379e-01 -4.220563199999999987e-02
9.959681962269488764e-01 2.653623702652568861e-03 8.966777785627690067e-02 3.006718159999999807e-01 4.178295491891231145e-02 8.707955026986532454e-01 -4.898666932524031181e-01 2.736901339999999738e-01 -7.938221956258241507e-02 4.916382315901038358e-01 8.671737498657771104e-01 -4.522451000000000249e-02
9.957369353807298262e-01 2.884137558303256216e-03 9.219347736763738865e-02 3.034023940000000197e-01 4.313687232737857535e-02 8.689121560979644610e-01 -4.930830307676365432e-01 2.731353639999999916e-01 -8.153015248608164178e-02 4.949579242074333973e-01 8.650835147544223558e-01 -4.724584500000000159e-02
9.955350897329208193e-01 2.880597521757798790e-03 9.434822345112267583e-02 3.069239559999999978e-01 4.450941032584254664e-02 8.671097396009241898e-01 -4.961245931030461298e-01 2.737522419999999790e-01 -8.323939874188851507e-02 4.981088251046501547e-01 8.631099587248162175e-01 -4.995290599999999831e-02
9.953809875632653181e-01 2.676388671865776586e-03 9.596627814631365772e-02 3.109368980000000171e-01 4.577884500010874491e-02 8.654136062817263664e-01 -4.989625110295493604e-01 2.746191020000000038e-01 -8.438594046424173489e-02 5.010510223581369216e-01 8.612937280892223324e-01 -5.284973200000000343e-02
9.950674395359612179e-01 3.384893255571685272e-03 9.914299406914459101e-02 3.121769130000000003e-01 4.690496471470086137e-02 8.645871567499701094e-01 -5.002888892111387875e-01 2.733881180000000133e-01 -8.741118384084911597e-02 5.024714826541409884e-01 8.601637600241539561e-01 -5.614789600000000269e-02
9.948769768878609199e-01 3.845798528384222759e-03 1.010198529604445228e-01 3.153658209999999906e-01 4.755368295459558997e-02 8.640138702652079283e-01 -5.012171976566550669e-01 2.724960149999999803e-01 -8.921013449112472071e-02 5.034533164286592033e-01 8.594046253547044101e-01 -5.939547700000000208e-02
9.947657533986792311e-01 4.104225366624757870e-03 1.020992223246487557e-01 3.189251719999999790e-01 4.790474202303775242e-02 8.638492968766835478e-01 -5.014673747885954880e-01 2.701627019999999768e-01 -9.025647653694608696e-02 5.037336077926500844e-01 8.591310847730607714e-01 -6.348349200000000248e-02
9.943870235648454292e-01 4.255787424003218411e-03 1.057181897274502985e-01 3.188864889999999952e-01 4.965754102880937104e-02 8.635327159748057424e-01 -5.018419841545221916e-01 2.698053120000000193e-01 -9.342684830828661136e-02 5.042748622671738845e-01 8.584743952504367837e-01 -6.644000899999999432e-02
9.941196168714493409e-01 4.259480782668433052e-03 1.082037160860236102e-01 3.205450479999999991e-01 5.090336958353201824e-02 8.635611686506803331e-01 -5.016681721653404313e-01 2.695286570000000048e-01 -9.557737345420763697e-02 5.042261048598468687e-01 8.582662761995613065e-01 -7.022700499999999513e-02
9.940579164505241039e-01 3.872833844890101462e-03 1.087835460906322604e-01 3.267142470000000132e-01 5.138531891585229605e-02 8.643105505141915890e-01 -5.003267145273887495e-01 2.696471810000000136e-01 -9.596044884200463643e-02 5.029436085962967207e-01 8.589757382081150139e-01 -7.575243700000000580e-02
9.938441748626223315e-01 3.569345470390894448e-03 1.107294715265378232e-01 3.291888539999999752e-01 5.249776015530869394e-02 8.649689238314549611e-01 -4.990718845863092445e-01 2.697674930000000248e-01 -9.755891179338273267e-02 5.018127345721387078e-01 8.594569437446667459e-01 -8.039664500000000269e-02
9.936591448939156024e-01 3.721854669168207091e-03 1.123728239678705304e-01 3.312003909999999829e-01 5.286728114534920697e-02 8.666070914896607524e-01 -4.961826272292584883e-01 2.672632629999999732e-01 -9.922980576918928597e-02 4.989772507616477282e-01 8.609152971514425490e-01 -8.515208999999999973e-02
9.934047073542757733e-01 3.516482979728837582e-03 1.146068137320764430e-01 3.326967659999999771e-01 5.381000370353478113e-02 8.683269767695536157e-01 -4.930646457774808811e-01 2.658538819999999858e-01 -1.012500415199478337e-01 4.959797332166914208e-01 8.624108842834188327e-01 -9.011806499999999720e-02
9.930950970437851799e-01 3.005669544957706441e-03 1.172735868735217263e-01 3.330714699999999806e-01 5.528661242711529339e-02 8.697038736215706445e-01 -4.904676979108501533e-01 2.664350870000000149e-01 -1.034674765997937868e-01 4.935647253990316785e-01 8.635324794863534770e-01 -9.420780800000000399e-02
9.929540134683452202e-01 2.783087763770349110e-03 1.184676392927807020e-01 3.340586130000000042e-01 5.559952913848528050e-02 8.719102561889039427e-01 -4.864989183052502164e-01 2.642685470000000203e-01 -1.046471189124859313e-01 4.896577984420333318e-01 8.656120498977685207e-01 -9.920131399999999877e-02
9.927101265593639701e-01 1.832637509573648710e-03 1.205124311689464156e-01 3.351364430000000061e-01 5.694228370686886531e-02 8.741260325732235215e-01 -4.823497232341305008e-01 2.637444440000000223e-01 -1.062270255289961551e-01 4.856957078434545050e-01 8.676494098595974869e-01 -1.038259120000000063e-01
9.924503440729525172e-01 1.267109859559929080e-03 1.226405682557036997e-01 3.354104459999999732e-01 5.791080790161601266e-02 8.766168260893814068e-01 -4.776916144806827580e-01 2.632265389999999816e-01 -1.081140734486507188e-01 4.811874215413188827e-01 8.699252913168790124e-01 -1.089716109999999960e-01
9.923812918882032319e-01 7.789541545527300936e-04 1.232021296111633774e-01 3.385635020000000162e-01 5.791296127140363459e-02 8.796701138820779420e-01 -4.720451034164732107e-01 2.616406980000000049e-01 -1.087449328800091514e-01 4.755837297186659152e-01 8.729230525079545444e-01 -1.151156349999999939e-01
9.921384837094489040e-01 -1.363463404735199003e-04 1.251447583895983484e-01 3.388853070000000245e-01 5.907076987911861338e-02 8.820979450457080429e-01 -4.673476858742612317e-01 2.621140180000000042e-01 -1.103262130620086268e-01 4.710660216528193001e-01 8.751713717641715906e-01 -1.200118359999999967e-01
9.919471140860454117e-01 -8.916178818221473512e-04 1.266496264262898519e-01 3.398264939999999790e-01 5.979036280359400352e-02 8.848299580396514763e-01 -4.620617468167679820e-01 2.622567709999999996e-01 -1.116514011205437945e-01 4.659132433974175203e-01 8.777578334909452717e-01 -1.253883540000000074e-01
9.920228239006723125e-01 -1.483377934411358318e-03 1.260496586668896357e-01 3.421445189999999803e-01 5.917778310291227362e-02 8.883794028828880807e-01 -4.552801626696114101e-01 2.590474489999999852e-01 -1.113045679528039539e-01 4.591076519982507098e-01 8.813804269607380393e-01 -1.320358809999999938e-01
9.918944525662485301e-01 -2.088749463331436573e-03 1.270473616175544773e-01 3.436784740000000116e-01 5.930921877412274196e-02 8.918728360289885915e-01 -4.483807098014055414e-01 2.575115559999999748e-01 -1.123735357488829106e-01 4.522814184545816962e-01 8.847676005505661356e-01 -1.382918059999999894e-01
9.917938796855071404e-01 -2.981034331051315295e-03 1.278124158784538777e-01 3.448588850000000039e-01 5.968925747182332597e-02 8.948773603536309684e-01 -4.423027271778685598e-01 2.576777339999999916e-01 -1.130579177272964669e-01 4.463021659826834631e-01 8.877118247935718021e-01 -1.443451340000000138e-01
9.915892500568180834e-01 -4.373641690537270754e-03 1.293508037474832562e-01 3.468707799999999897e-01 6.090860725374825507e-02 8.976067782977554810e-01 -4.365686808697260557e-01 2.601345780000000052e-01 -1.141967632385689768e-01 4.407753881653180827e-01 8.903236245621853895e-01 -1.491094530000000029e-01
9.916203629027281474e-01 -5.394023975255460984e-03 1.290734689315202188e-01 3.478886780000000067e-01 6.075787822563800955e-02 9.012030609501069378e-01 -4.291171438752784395e-01 2.571818830000000000e-01 -1.140067371262781654e-01 4.333635280448877580e-01 8.939790358002291937e-01 -1.553215980000000052e-01
9.916435275020885065e-01 -6.084852382264582804e-03 1.288646147501349148e-01 3.504738510000000029e-01 6.035790883707767285e-02 9.047013244258378384e-01 -4.217492577621802519e-01 2.558577360000000023e-01 -1.140177056602598854e-01 4.260029203580897872e-01 8.975084816548249966e-01 -1.619311119999999882e-01
9.916385980088047170e-01 -7.058980842889785168e-03 1.288528685307074595e-01 3.531131149999999774e-01 6.035698966938251447e-02 9.079258868299405760e-01 -4.147621219712763763e-01 2.557052670000000139e-01 -1.140610570579727590e-01 4.190713003935315761e-01 9.007604123457536582e-01 -1.683158280000000007e-01
9.915734248863266043e-01 -8.112627475208088884e-03 1.292916406216925718e-01 3.548777100000000129e-01 6.062933180940754951e-02 9.110481201781801541e-01 -4.078178598886381123e-01 2.555591170000000023e-01 -1.144824317681327475e-01 4.122202178390242389e-01 9.038629679443683784e-01 -1.735160799999999892e-01
9.916012720268481129e-01 -1.019308471139409450e-02 1.289302848007523317e-01 3.558967710000000007e-01 6.146739156374001617e-02 9.142478323883095337e-01 -4.004655550077028114e-01 2.532164159999999997e-01 -1.137922540821062478e-01 4.050271620488481994e-01 9.071958558732339251e-01 -1.783409569999999944e-01
9.915734466681027648e-01 -1.100072420024178488e-02 1.290778212157657479e-01 3.577213289999999768e-01 6.140009645386181047e-02 9.172721727593665664e-01 -3.934994145316699776e-01 2.529457509999999965e-01 -1.140707149894110012e-01 3.981089614017509493e-01 9.102181754027017790e-01 -1.833571340000000049e-01
9.915616502362034623e-01 -1.213005953666122447e-02 1.290672516035498152e-01 3.597939310000000113e-01 6.149624948095717969e-02 9.204728229707271892e-01 -3.859378103685569550e-01 2.524224520000000194e-01 -1.141214488193733612e-01 3.906182840420266422e-01 9.134515045099164121e-01 -1.892584260000000074e-01
9.915981208118191947e-01 -1.311913761326086170e-02 1.286897627270843225e-01 3.628358239999999735e-01 6.126957395841597931e-02 9.238060925521657252e-01 -3.779263720229824042e-01 2.503918410000000039e-01 -1.139263187741231809e-01 3.826358472383158960e-01 9.168481893415033612e-01 -1.950868669999999971e-01
9.914704923827762917e-01 -1.424342776679060965e-02 1.295507140069377117e-01 3.633470240000000184e-01 6.175106513900503746e-02 9.266957236340752635e-01 -3.707045208147803361e-01 2.501602470000000022e-01 -1.147739895989222103e-01 3.755424883601984343e-01 9.196710122363196405e-01 -2.001729610000000104e-01
9.914845351083828584e-01 -1.523061737283332162e-02 1.293307578859576035e-01 3.654266299999999745e-01 6.168637831386977743e-02 9.295758072497004587e-01 -3.634330877982710484e-01 2.492293720000000046e-01 -1.146874333631717896e-01 3.683162321572455711e-01 9.225995587241834217e-01 -2.047878350000000014e-01
9.914662768229032253e-01 -1.620087535276703780e-02 1.293528258706950207e-01 3.677517770000000019e-01 6.161176212974291133e-02 9.326699786817871374e-01 -3.554303048882901939e-01 2.471944990000000120e-01 -1.148852152811588728e-01 3.603668165959776903e-01 9.257089957466562158e-01 -2.094629560000000057e-01
9.915085288473171055e-01 -1.760028932240953470e-02 1.288451281143238036e-01 3.708567019999999825e-01 6.184158537568154590e-02 9.354096743806363801e-01 -3.481154397514339416e-01 2.459058460000000113e-01 -1.143960468777279471e-01 3.531274145275036802e-01 9.285550999094611679e-01 -2.135269939999999977e-01
9.914817005809037909e-01 -1.854261314366566216e-02 1.289193891972941208e-01 3.726621869999999781e-01 6.181520438199859802e-02 9.382260131632066402e-01 -3.404567942207737397e-01 2.440868770000000076e-01 -1.146425659186446344e-01 3.455258597003686982e-01 9.313801384815495465e-01 -2.169018090000000010e-01
9.914040517028086530e-01 -1.945640909083732120e-02 1.293810434822067756e-01 3.744322059999999897e-01 6.192420719927731187e-02 9.408864884001039153e-01 -3.330135260148783249e-01 2.422721830000000021e-01 -1.152536282725870331e-01 3.381627775072398867e-01 9.340034995001856855e-01 -2.205481679999999889e-01
9.912654590712732805e-01 -2.049573972273855543e-02 1.302793702219794403e-01 3.746048209999999767e-01 6.225016949843131114e-02 9.435943170858240858e-01 -3.251994482786737528e-01 2.397631699999999977e-01 -1.162656701250820712e-01 3.304688932661514755e-01 9.366283171748601699e-01 -2.222951649999999890e-01
9.912507009180065998e-01 -2.163151039563615541e-02 1.302080093065101085e-01 3.774437010000000203e-01 6.242057334851823513e-02 9.460222957217748752e-01 -3.180337844005648451e-01 2.379675810000000113e-01 -1.163001287720825949e-01 3.233788702981476026e-01 9.390955149995610096e-01 -2.247658519999999882e-01
9.911006000555527828e-01 -2.282665389394226627e-02 1.311432211039876006e-01 3.783873919999999891e-01 6.283421665632765718e-02 9.487478535929184664e-01 -3.097246705059445993e-01 2.339308410000000005e-01 -1.173518716796152495e-01 3.152085883583067294e-01 9.417388619136701777e-01 -2.270012200000000036e-01
9.909608738307625897e-01 -2.411845252826248093e-02 1.319653241734863314e-01 3.796719009999999783e-01 6.347578477982290801e-02 9.509180478665471004e-01 -3.028624951826501821e-01 2.318399250000000023e-01 -1.181836337364737949e-01 3.085014853923999656e-01 9.438535173571828141e-01 -2.277703879999999903e-01
9.908579278523101941e-01 -2.474838416193033547e-02 1.326200750022391295e-01 3.814121189999999939e-01 6.314465181943090810e-02 9.537811512472160747e-01 -2.937929006496550755e-01 2.259789560000000086e-01 -1.192196282448022837e-01 2.994812732157201007e-01 9.466243432504060085e-01 -2.293106319999999865e-01
9.908185313714750198e-01 -2.679268422126186711e-02 1.325171308287844130e-01 3.843808770000000097e-01 6.421923560225682726e-02 9.558011113919222534e-01 -2.869148397009608775e-01 2.235036489999999987e-01 -1.189728022261190982e-01 2.927906889472170482e-01 9.487460591729901527e-01 -2.297509460000000114e-01
9.906546495035249977e-01 -2.805436699634419884e-02 1.334777805834452824e-01 3.857403400000000149e-01 6.474787331185277717e-02 9.580513264217711544e-01 -2.791869782835098568e-01 2.198077439999999994e-01 -1.200461507864379329e-01 2.852202805445628875e-01 9.509144615828705183e-01 -2.291670739999999984e-01
9.904715213174420940e-01 -2.920404271165414484e-02 1.345856208827964640e-01 3.870734869999999939e-01 6.506830461300516788e-02 9.605366617479972335e-01 -2.704356433105714608e-01 2.137371000000000132e-01 -1.213766089240472801e-01 2.766160612244150663e-01 9.532844661898092209e-01 -2.288877219999999879e-01
