0.9999761840681367 0.0043303969751492186 -0.0053739146406150224 -0.11162409268012272 0.002064289340212914 -0.9306776303100943 -0.36583450787194416 0.13268291140147573 -0.006585590789510181 0.3658147018675238 -0.9306644045473792 -0.07258395152035171
0.999997651536792 0.002126835101438321 -0.00041652533196463487 -0.10796425166545268 0.0018193160615643945 -0.9282514923231101 -0.371948729113284 0.13616547241965926 -0.0011777138740000572 0.37194709781415186 -0.9282531817438928 -0.06918878712858169
0.9999744982713173 -0.0014213925517520944 0.006998746333446802 -0.10638888151314352 0.0012913018052129043 -0.9278544571882965 -0.37294026172493044 0.1330314719128337 0.007023912490483155 0.3729397885973359 -0.9278289598489048 -0.06818242850165716
0.9999215342005324 -0.0028990267787526386 0.012186922736671466 -0.10409891084955154 0.0018830046334608072 -0.9270160835586746 -0.3750168464443789 0.13215567069037953 0.012384657266306968 0.37501036847968955 -0.9269378856197018 -0.0661224901283513
0.9998626627427224 -0.005041704815598124 0.015787237427258377 -0.10126900886782358 0.0012326033354248594 -0.9273413036380486 -0.37421462726074967 0.13027473814951127 0.016526837024964956 0.3741826930517187 -0.9272077307046753 -0.06351853659042296
0.9998188682740276 -0.006680632892395453 0.017821329563178515 -0.09831602118304457 0.00047701889043159104 -0.9272798014026947 -0.37436872514081243 0.1305447324960753 0.019026378957136006 0.37430941619833186 -0.9271086548237177 -0.058978422676733235
0.9997718289464177 -0.006998766359560071 0.020181856073680626 -0.09668439070980205 0.0009839261940098305 -0.928710322671006 -0.3708047578626259 0.12678817468082995 0.0213382739315815 0.37074000840718574 -0.9284915315886625 -0.05784148110668496
0.9997774458376197 -0.007256996765621674 0.01980895737663497 -0.09313701675655153 0.0005509108433940012 -0.9296714047344272 -0.36838943485984943 0.12576083094198853 0.02108922216792775 0.3683183612271595 -0.9294605045354489 -0.0539707632900818
0.9998302498726508 -0.006291350461783572 0.017317342433477545 -0.08836436996707407 0.00040585673281702875 -0.9321471801281005 -0.3620793695580334 0.12181581264458813 0.018420280125550026 0.3620249348989617 -0.9319863946386227 -0.052863883896225004
0.9998683312390391 -0.005633954249274717 0.01521771154860331 -0.08540932692329288 0.00019294948527804668 -0.9335995473333024 -0.35831808214148103 0.12080518430320178 0.016225996294697783 0.3582738390931859 -0.9334755343690987 -0.05244686602615968
0.9999171677249155 -0.004079115716752337 0.012207313543581072 -0.08236373699591219 0.0005479988465818298 -0.9340969565103431 -0.35701901284858584 0.12316381334195288 0.012859136294716642 0.3569961297452452 -0.9340173477835783 -0.049483745060188725
0.9999608763570753 -0.0026259164276648665 0.00844691174962729 -0.07989989833991282 0.0004823269766103896 -0.9373144342839791 -0.34848445968736086 0.11884600981969025 0.008832503375527554 0.3484748998792009 -0.9372764965784119 -0.04921235562715683
0.9999913949157799 -0.0013752014404856548 0.0039139386032710196 -0.07755302129151602 4.805701552657963e-05 -0.9395542415639526 -0.3424000946987442 0.11731785075472514 0.004148226719376318 0.3423973364093007 -0.939546090532498 -0.04674406340967107
0.9999995802078069 0.0009073228687941373 0.0001278648577840009 -0.076264788411523 0.0008978377121973114 -0.9424130772044041 -0.3344499750359811 0.11540122570461546 -0.00018295259672725025 0.334449949438384 -0.9424134962154402 -0.042938207374616476
0.9999859102589911 0.0027669471414888186 -0.004530263459627594 -0.07513653505475848 0.0011294103427717857 -0.9447686622033238 -0.32773602083203995 0.11429476279690264 -0.005186879194185098 0.32772628658998026 -0.9447584756762794 -0.04336247291412597
0.9999578840252817 0.00604337135422296 -0.006907086097399136 -0.07542251583477487 0.0035788830602276217 -0.9497826784912002 -0.31288984520773855 0.10577273006936548 -0.008451140261712786 0.3128519478934985 -0.9497643059872911 -0.04297336515534275
0.999872152685565 0.00817734663218797 -0.013740789132756774 -0.0729165072489958 0.003600991710280362 -0.952420149066668 -0.30476694786431163 0.10491401214320671 -0.015579189408834298 0.3046785037607389 -0.952327831265831 -0.0419997707093813
0.9997549303216153 0.011463491945520854 -0.018938522910643678 -0.07136991090603392 0.005341641433181241 -0.9551250030335331 -0.2961548504532601 0.10331265246935564 -0.021483625495277058 0.29598110908064473 -0.9549521647197675 -0.040365831062050744
0.9995668568757278 0.01374949632265498 -0.026020184212495488 -0.06915522888753113 0.005637884235444648 -0.9572395323972493 -0.2892415804777092 0.10531331022415852 -0.028884475015596652 0.2889695986894966 -0.9569024287440724 -0.03714001398743477
0.9993497630101258 0.018097768756613 -0.031185283991619545 -0.0688765732826507 0.00861343864342073 -0.9596934520773893 -0.2809168679779122 0.10520570769383127 -0.03501228136442735 0.2804655929090338 -0.9592253079166763 -0.03676734642982871
0.9989360563299526 0.01843953576732405 -0.042269834215991425 -0.0626302862491607 0.006214434933198278 -0.9620463116686679 -0.2728154596117555 0.1056970747718405 -0.045696128527730515 0.2722625161960381 -0.9611373398803 -0.03248293660686554
0.9987709658806139 0.021134594410329388 -0.044831759200554676 -0.06639446067624 0.008627844120378791 -0.9648554694609295 -0.2626394550656159 0.10529318950022039 -0.04880694642917226 0.26192986078421865 -0.9638519751548056 -0.03121295704668044
0.9984610595796624 0.02225047751198889 -0.05079792076008499 -0.06630654468149427 0.008865003046555894 -0.968240914540934 -0.24986184808793843 0.10153991478963695 -0.05474417068550725 0.24902700186811863 -0.9669481000118528 -0.02952965343835599
0.9980919348833522 0.024175395593967253 -0.056815840825243345 -0.06568556536923686 0.010027329656292723 -0.9714118711729238 -0.2371885941698766 0.09831836210613819 -0.06092571034274637 0.23616631172162036 -0.9698007687288344 -0.028776590961383023
0.997645763507192 0.025882612267752847 -0.06350607009057234 -0.06390252537667639 0.010907840269124612 -0.9741434584341668 -0.22566688151030054 0.09660158385298964 -0.06770487114539678 0.22444289423396308 -0.9721324177554554 -0.02850125830165744
0.9972064698418407 0.027163503432416438 -0.06958017380585405 -0.0629090971870572 0.01160902368320857 -0.9765740197762176 -0.2148683654408957 0.09446735315438408 -0.07378676761248223 0.213460366296408 -0.9741612725549631 -0.026735835354635442
0.9967031513111542 0.029306432051824493 -0.07565686490204311 -0.06240980788004774 0.01339540198386314 -0.9791277601185969 -0.2028038278012277 0.09092665713122947 -0.08002119326843937 0.2011217601492466 -0.9762922954844845 -0.025854181541757663
0.9960711015223834 0.028208944278104976 -0.08394412531381237 -0.05842730181356595 0.01194449566289081 -0.9820431349149773 -0.1882780130278704 0.08629264279111881 -0.08774787595916751 0.18653561758838047 -0.9785217287498404 -0.022439828670404113
0.9956382956623809 0.029243643875877016 -0.0885956742926526 -0.058217053231450384 0.013506892973420137 -0.9847823870454244 -0.17326630949876196 0.08107045192890826 -0.09231439786248664 0.17131392079447916 -0.980882048204222 -0.023139783313439174
0.9950858338918517 0.030901874456527263 -0.09407049135000488 -0.0573580600440739 0.015469371618823792 -0.9869050165603179 -0.16055898240147654 0.07726609942064586 -0.09780021334065198 0.15831475750274185 -0.9825332339556618 -0.022496854707344607
0.9945727351125014 0.030829772941522903 -0.0993710202786084 -0.05588776306090847 0.015575899196277446 -0.9884460991942395 -0.1507703563434114 0.07569884365217919 -0.10287111321972198 0.14840429268746236 -0.9835617418224791 -0.020754618853574377
0.9939083429458963 0.02994729873193805 -0.10606302428840828 -0.05354800794685304 0.014753871999467434 -0.9898661391107716 -0.1412350873648533 0.0745738021431309 -0.1092178057075253 0.1388098913643926 -0.9842780526740595 -0.016893709706798987
0.9934648069201059 0.029291930347214702 -0.11031618298205716 -0.05136724176760189 0.014984408038529387 -0.9916148457890651 -0.12835678839260373 0.07002793265569282 -0.11315098288097922 0.1258649292982867 -0.985573373547503 -0.016240166001140265
0.992906858218658 0.02915293331886583 -0.11526524793388848 -0.04838526260022273 0.015497645433740274 -0.9929359145992355 -0.11763542189744682 0.06667955477715293 -0.11788042198925609 0.1150146772281086 -0.986344681201125 -0.013144482363080731
0.9926594182984824 0.02810884349000172 -0.11763151015341754 -0.04727565765250695 0.015475204250206005 -0.9941422315131897 -0.10696607675048243 0.06326960721860013 -0.11994914471030374 0.10436051187892036 -0.9872796393340826 -0.011423353942443319
0.992885113021946 0.02804140022940579 -0.11572740476038079 -0.050355631442763 0.01648962610406508 -0.9948914379127832 -0.09959477395316968 0.061420637400526695 -0.11792898104514793 0.0969778667583955 -0.9882752899818167 -0.012134187993991071
0.9928636636166392 0.026771904773289616 -0.1162110605086927 -0.04980561769319175 0.0162563510838824 -0.9957629621770946 -0.09050886258116028 0.05757333067059927 -0.11814176450003902 0.08797379309264615 -0.989092076204086 -0.011716504688635087
0.9929002539567492 0.02760415577591311 -0.11570262000716038 -0.049559619151581066 0.01787499042651661 -0.9962803242644898 -0.08429709485323487 0.05574641314823158 -0.11759919391677037 0.08163042366264223 -0.9897004109945511 -0.010308399725366565
0.9931211945196897 0.02653094000953176 -0.11404561463728806 -0.04895888777740868 0.01745123486746799 -0.996651057710574 -0.07988819415905267 0.055456477039648656 -0.11578319134220932 0.07734842200461917 -0.9902582866181977 -0.008143710570240631
0.9933600118636453 0.026257607267788127 -0.11201082488236755 -0.04844905860274807 0.017955670882501884 -0.9970599114207461 -0.07449246217445961 0.05322331403722197 -0.1136374969515656 0.07198660360250801 -0.9909109183919403 -0.00797809354181186
0.993027482248155 0.023704827008511398 -0.11547510847099196 -0.039689188667566044 0.01632240984332448 -0.9977866640515084 -0.06446201965397244 0.045777433655093985 -0.11674758428677381 0.06212772503044943 -0.9912164987255527 -0.00846720094387525
0.9938751389542961 0.02377859962783252 -0.10792027783655271 -0.044443825190118205 0.01692439703955453 -0.9978070777922943 -0.06398906385039525 0.04781570371190295 -0.10920518739248151 0.06177065409514202 -0.9920980865515421 -0.005162289063591201
0.9942941999690705 0.02247201168186876 -0.1042787255332256 -0.04351889893502899 0.01639781040618638 -0.9981382937948184 -0.05874570856029734 0.043757801084415106 -0.10540472343185864 0.056700574523884495 -0.9928116080742181 -0.0040177413039082345
0.9947753975948485 0.021318572537521327 -0.09983700118179746 -0.042041554377597545 0.01601557956987791 -0.9984329699926368 -0.05362001158824549 0.040176337999649286 -0.10082365571160715 0.051740920910292205 -0.9935579839910212 -0.003908387149725304
0.995366158196383 0.019991540953715727 -0.09405609713182166 -0.04163729549101155 0.015402468502534707 -0.9986669099763857 -0.04926628545208013 0.036491679253424336 -0.09491562085032784 0.04758929720549909 -0.9943471645809039 -0.003493417836686495
0.9956211691452643 0.018678210140056287 -0.09159482526747993 -0.03756283659115467 0.014459328701402673 -0.9988131931409122 -0.04650949388199625 0.034422317863840673 -0.09235483400083115 0.04498143698925761 -0.9947096334926391 -0.001058250746257914
0.9963855010763834 0.017534607634859794 -0.08311721109286828 -0.039032823006950976 0.014038351829968279 -0.9989993850958492 -0.04246355208897588 0.031024062797432438 -0.08377862449731993 0.04114323897320989 -0.9956346598849051 -0.0024528344493968813
0.9966002273445558 0.016983241008130777 -0.08061982623175797 -0.03397997410780962 0.013752006170301378 -0.9990862210219675 -0.04046733609142209 0.028797914680852094 -0.0812334240511324 0.039221072000952054 -0.9959231086424418 0.0007102056379470569
0.997151495957071 0.014267311318864368 -0.07406306730284389 -0.032302354856788805 0.011704387160687764 -0.999321428562564 -0.034924056706931945 0.023876995485331134 -0.07451108261035873 0.03395771257618621 -0.9966418475685362 -0.0025012925839306894
0.997695899270783 0.013882614962790816 -0.06640907754259867 -0.032017391640987235 0.011822399059983111 -0.9994396080022036 -0.031316143390717074 0.019819960537005788 -0.06680661238777563 0.03045887322598029 -0.9973009242866834 -0.002699224819641542
0.9981087084270269 0.01315998448367181 -0.060048488494906675 -0.028990127892145504 0.011405314700530895 -0.9995005750082075 -0.029470652433299858 0.01753309150058578 -0.06040633210777886 0.0287300429281271 -0.9977603217580024 -0.001171853192211539
0.9985040498090207 0.010991338953376333 -0.053561674572376615 -0.02651473750085164 0.009523755957358031 -0.999574271535113 -0.02757850172712288 0.015941151295236888 -0.05384199650319322 0.02702713734490252 -0.9981836370425483 0.0012147353936636832
0.9988475570609564 0.007477715343536909 -0.04740929789187992 -0.023232661826456967 0.006370349266628943 -0.9997043439287879 -0.02346579170053409 0.013088026815011115 -0.04757075155577361 0.0231367349285228 -0.9985998773749505 -0.0009634885674440134
0.99913778527868 0.006965581064149983 -0.040928800481488094 -0.02103430540789504 0.006029104137874244 -0.9997182116130524 -0.022959687987743418 0.011966204251846248 -0.041077194788706944 0.022693127806422294 -0.9988982360674445 -4.9396447252496594e-05
0.9994067694641418 0.004664478318312531 -0.03412259942129379 -0.018486481128268145 0.004024306180433957 -0.9998150596015815 -0.018805625585236203 0.00853166845317622 -0.034204007206966376 0.018657149726149534 -0.9992407100669397 -0.000283433631717968
0.999661680624602 0.0037765696119608843 -0.025734447978564955 -0.018097127638138488 0.0033373600344219993 -0.9998484090739441 -0.017088619028576422 0.007369682703132233 -0.025795083229098046 0.016996952499468684 -0.9995227447571841 0.000247834220971691
0.9998184803974502 0.002755734971742967 -0.0188523786429562 -0.01596975122316877 0.0025168880448629615 -0.9999164209213602 -0.012681342452082548 0.003622103198337488 -0.018885749397402903 0.012631591213417174 -0.9997418523664573 0.0023245185650205835
0.9999393674847928 0.002065032292014586 -0.010816514953757806 -0.01518979149984025 0.0019410834684500866 -0.9999324799853623 -0.011457210187998602 0.0032062906160470494 -0.010839444131524415 0.011435519750164666 -0.9998758599641073 0.001977571676042176
0.9999740487084497 0.0007493778723590487 -0.00716521754276488 -0.00882747194207634 0.0006966596912677044 -0.9999726929091955 -0.007357180248313088 0.0007776183563419897 -0.007170535189599849 0.007351997601742268 -0.999947264387657 0.0018400901456481634
0.9999970658209087 0.0006313111437391073 -0.002338759459926324 -0.0051075353594883565 0.0006200948716869377 -0.9999883191105371 -0.00479344602896558 0.0006280982136200459 -0.00234175829703059 0.00479198171138926 -0.9999857764385232 0.0008079364783093077
0.9999987994696706 1.7313796917937637e-05 0.0015494384308558534 0.0003523689973391413 1.9397185254582566e-05 -0.9999990958318612 -0.0013446037369606683 -0.00037704563772258986 0.0015494137497069542 0.0013446321774673844 -0.9999978956384555 0.002099473875012264
0.999986170193315 -0.0014484484007941216 0.005055830232237653 0.005091085367853611 -0.001468500804908337 -0.9999910621399732 0.003964737766156613 -0.0026736462630008655 0.0050500423258577586 -0.003972107425365271 -0.9999793595045391 0.001532302735826344
0.9999337021537301 -0.0014934248048323925 0.011417573274890985 0.007037929702571879 -0.001605085382170231 -0.9999509176219854 0.009776811743368858 -0.00624606523773832 0.011402411940073775 -0.009794489741770272 -0.9998870201040951 0.002666319098936425
0.9998450447564988 -0.0027726349514932045 0.017383871010200527 0.008876846967304184 -0.00305059499361173 -0.999867602656314 0.015983461092642544 -0.008012411893577114 0.017337253128984507 -0.016034015521410268 -0.9997211261147785 0.0029373744933539497
0.9997045397646184 -0.0035579122508179024 0.024045258044516238 0.009908620178242943 -0.004048190014157428 -0.9997842742784564 0.020371967580704992 -0.008508779020307534 0.023967589190846225 -0.02046328824787206 -0.9995032808862927 0.003947124854901548
0.9996598189467483 -0.004060611975210976 0.02576349770005851 0.015538733926575775 -0.004726643577157945 -0.9996548202039891 0.02584374747254585 -0.009166440577662053 0.025649663230706526 -0.02595673079023978 -0.9993339496398761 0.005682683577295223
0.9995570510123205 -0.003854486109301651 0.029510078081684692 0.01932267697550368 -0.004768879353279824 -0.9995086779145452 0.030978388648087926 -0.009843844025977589 0.029376173359847057 -0.031105396804273728 -0.9990843281367099 0.008479841276777415
0.9994382922520241 -0.005275097105065796 0.033094913973120955 0.023113959492310675 -0.006558499912785192 -0.999225801394485 0.03879154426473707 -0.013177649016538234 0.032864662774021385 -0.03898680774417399 -0.9986991252437686 0.010295806446571618
0.9992813113232559 -0.004995892892203224 0.037575283023321686 0.025817506968571748 -0.006708466147872849 -0.9989377076498139 0.045590050639121756 -0.013887523885308993 0.03730760407766675 -0.04580935810011395 -0.9982532972088997 0.007921904340406342
0.9990282674108747 -0.004015791666738202 0.04389070894065094 0.0261949729293882 -0.006357165867484874 -0.9985563389054684 0.053336895989929814 -0.01635545269208375 0.04361315576929587 -0.053564087306670886 -0.9976115382225923 0.006566505389106816
0.9988567025251728 -0.0047792268720561895 0.04756518486290636 0.029448642132700712 -0.007546103985232134 -0.9982786496006036 0.0581617921512022 -0.015942276010783157 0.047205340112969264 -0.05845422775215663 -0.9971733846842874 0.007221835438134902
0.9988424087426109 -0.004332450106694218 0.04790691362771005 0.034336851909289326 -0.007442150714688459 -0.9978624079023518 0.06492479717380906 -0.017170080970402887 0.04752322474327399 -0.06520617126770588 -0.9967395338495443 0.009105818462375534
0.9987603886914433 -0.0040692163549437875 0.04960975165400214 0.039415062396022126 -0.0075374689986951165 -0.9975237411897447 0.06992547693015053 -0.014865703346732895 0.049202363175042924 -0.07021272848331675 -0.9963178710717375 0.007985938598057515
0.998589225543253 -0.0033983923986612664 0.05299065538405481 0.0418379983291271 -0.007539329722172037 -0.9969137401704622 0.0781418784435098 -0.017352348929916675 0.05256155568728259 -0.07843115190053383 -0.9955329413310682 0.010641649316148558
0.9984420284347769 -0.0025202411756809233 0.055741943269536645 0.04550129284243831 -0.00715732011603069 -0.9965116737438133 0.0831459972642136 -0.015068522975887434 0.05533794921936032 -0.08341542109658355 -0.9949771750645716 0.011582710538068145
0.9983730385192335 -0.003891994373266422 0.056886978630198606 0.04977095877993545 -0.008981419146075718 -0.9959475900205006 0.0894859320925868 -0.01416354441118633 0.05630817052610318 -0.08985126772703331 -0.994362177287455 0.012098217790394907
0.9982393539586035 -0.003543429547374636 0.05920841422765721 0.05228459742916336 -0.009050397124406214 -0.9956247318344347 0.0930026003480563 -0.011867874640766714 0.058619813375697376 -0.09337471534978048 -0.9939038585361994 0.015958348912935395
0.9980257444788445 -0.003626458025490338 0.06270137286884529 0.054892041403656486 -0.010049601935101604 -0.994689349709881 0.10243096736183042 -0.015159131085929246 0.06199692620118045 -0.1028588662970953 -0.9927620232289718 0.01623460304457211
0.9977685744668388 -0.0026486968454492357 0.06671473758798784 0.05632099380265363 -0.009800513116838851 -0.9941996880478071 0.1071024286759624 -0.013480881156063646 0.06604408943319484 -0.10751727624276876 -0.9920071640670123 0.01624058310277086
0.9977421536713174 -0.0020822504959054533 0.06712867509637055 0.061107953001165755 -0.009653906725539486 -0.9935858559588843 0.11266742618603641 -0.012779044950600053 0.0664635003009649 -0.11306109441944953 -0.9913625936338428 0.01663171368162966
0.997524214106523 -0.0016023366522903639 0.07030558148836591 0.0640323190885532 -0.009987007527899956 -0.992835395001273 0.11907198710571655 -0.014111056978875292 0.0696110763585954 -0.1194793327313096 -0.9903933496839923 0.01367396531314795
0.9976107444088765 -0.001913524415073165 0.06905896802212351 0.06984697968145132 -0.010268897971640736 -0.9926190995450526 0.12083820982130156 -0.009307212117023261 0.06831802378886405 -0.12125865594951062 -0.9902671285985929 0.018980241255761674
0.9974731162539435 -0.001425999690767757 0.071030619281612 0.07271888800381157 -0.010452212321437334 -0.9918647372435191 0.12686644264907998 -0.01031060128409904 0.07027185502201413 -0.12728829301128455 -0.9893733152122299 0.0206930190895405
0.9972518836549731 -0.0007244733595647017 0.07408208747707451 0.07459774257989447 -0.010511591406949393 -0.9912195656934056 0.13180773510181257 -0.009172990556716 0.07333612338202085 -0.13222423274471104 -0.9885031943713534 0.020909509592482854
0.9969146284211755 -0.0010220426062989185 0.07848680824687228 0.07390397443791438 -0.011945921417479308 -0.9902429786616428 0.1388385327378712 -0.011399759530605888 0.07757911188817385 -0.1393477615185419 -0.9871999203598093 0.021273170267797084
0.996513369532217 5.7369544625185525e-05 0.08343321312452776 0.07341729462980831 -0.011604485205609881 -0.9901846152355588 0.13928303440807663 -0.006459098857263888 0.0826222746398349 -0.13976560542402425 -0.9867315416433166 0.023105481734581865
0.9967103316202246 0.0005318619255962198 0.08104462946052028 0.08149263505683532 -0.011442817259764027 -0.9890379183912049 0.14721772283781462 -0.010298355902617178 0.08023451111996993 -0.1476608042348546 -0.9857782256258532 0.024046671697932582
0.9967207930657673 -6.0126734703982575e-05 0.08091759422477442 0.0860024902148662 -0.01224443442863645 -0.9885966639786071 0.1500890062459327 -0.009019756092635948 0.0799858393459261 -0.15058762351250707 -0.985355587160789 0.02668586166514397
0.996622147271859 0.0008692692311018617 0.0821190595308608 0.08955998691472625 -0.011915428957477612 -0.9878322549345246 0.1550659816456583 -0.01052282395924124 0.08125464983610786 -0.15552067541640943 -0.9844851453414802 0.027745213995228758
0.9964196119370307 0.0010516904578733337 0.08453904952409455 0.09050718248884701 -0.012072642395586418 -0.9879058771691922 0.15458405208868542 -0.006324902146406724 0.08367919844767147 -0.15505119090722894 -0.9843560940764298 0.029041027650721443
0.996316316721515 0.0011323868325814473 0.0857468059727915 0.09478960952516163 -0.012486493312172296 -0.9873404588278706 0.15812307183436344 -0.007954950381651874 0.08484034723667287 -0.15861127343802395 -0.9836892697489025 0.028168562800879805
0.9959996959587742 0.0013107759072981953 0.08934700619802595 0.09438542913276055 -0.01283781270499112 -0.9874201963690578 0.15759614959586815 -0.004755736477294754 0.08842961164101543 -0.15811273721308014 -0.9834533878715385 0.031369060508491906
0.9961961125257129 0.0005480301022494295 0.08713785085520447 0.09990291680504003 -0.013082578799598852 -0.9877055495164586 0.15577738470760993 -0.0007759708681968739 0.0861519095586924 -0.15632481286538433 -0.983941259101372 0.03468572794379999
0.9957729317178543 0.00048028095568207403 0.09184790573678245 0.09960619297565393 -0.013911091703072209 -0.9876618938633133 0.15598225840768587 -0.0007171728070518757 0.09078959183550712 -0.1566006153900328 -0.983480298365862 0.03574764054154407
0.9954359288166397 0.0004512181039673459 0.09543116903389859 0.09937324142807501 -0.014580197109048789 -0.9875300076082023 0.15675427243174342 -0.001288084894775701 0.09431187344770094 -0.1574302400289303 -0.9830162715088792 0.037333883987615925
0.9952026768128429 0.0006789390327116949 0.0978323622649527 0.09936196849714418 -0.014687451383900155 -0.9876063764338572 0.15626235630833177 -0.0012280248534581248 0.0967259574074956 -0.15694962334767273 -0.9828585375803718 0.041212375469978406
0.995132044480442 0.00047266234039180046 0.09854943246151912 0.10268391923887692 -0.01455053138220118 -0.9883243145978554 0.15166849116139738 0.00323504607099736 0.09747048827553456 -0.15236412230243468 -0.9835063183072785 0.044111407535655324
0.9947630127517069 0.0001892707803129537 0.10220818283150648 0.10204584548631489 -0.01538332688983088 -0.9883296148538331 0.15155172601021366 0.0008335122716034475 0.10104405828621271 -0.15233035344095405 -0.9831508336494491 0.04481164791514157
0.9944014680704897 -0.00043230169683911945 0.10566708765977557 0.10074322970865228 -0.01581554345986126 -0.9893363200291863 0.1447878256490406 0.006193293541446985 0.10447769563081409 -0.14564840880130014 -0.9838043261387522 0.048829298942427754
0.9943710587094102 -0.000862666136939 0.10595024024636515 0.10378651501142745 -0.015976681025739646 -0.9897539751671545 0.1418866248249545 0.005374965162277283 0.10474227066723389 -0.14278068653691164 -0.9841964906905125 0.05235952256489828
0.9939413009305105 -0.0014999685154488528 0.10990195812185283 0.10152385353692671 -0.01677928591728084 -0.990257344139194 0.1382347566370203 0.004701106519620237 0.10862387338274664 -0.13924131022380806 -0.9842828412902901 0.055256579448209144
0.9939717388900523 -0.0021059090288585 0.10961636481405623 0.10399785643192307 -0.016518114578936115 -0.991279374048666 0.13073773164791438 0.00910632122284424 0.10838511972887806 -0.1317602661383435 -0.9853384687956264 0.05814769271083592
0.9937657901617889 -0.0029667363479739424 0.11144843103227896 0.10473357229684423 -0.01703217589392923 -0.9919515404779071 0.12546731179006596 0.00967526938789097 0.1101792144119447 -0.12658333152097467 -0.9858180364005407 0.06335296544211573
0.9935130088834173 -0.0023141364626794374 0.113694968894189 0.10379446684721129 -0.015864100908002107 -0.9928369958345865 0.11841887520380442 0.01286645241006978 0.11260653392143474 -0.11945436147159123 -0.9864331827567516 0.06487416793003445
0.9935284405438952 -0.0027423630117519218 0.11355050539529084 0.10576916109220305 -0.015547671470939987 -0.993581967085438 0.11204081664493078 0.014472451133765905 0.11251447792282519 -0.11308118379174782 -0.9871945796700927 0.06829492562994331
0.9932108790568417 -0.0035764328229513586 0.116272777774503 0.10460988112124964 -0.016018132305334068 -0.9942107195955175 0.10624718574537337 0.01485440936368051 0.11521965613811237 -0.10738833348937851 -0.9875181905513382 0.07134274403802228
0.9933619676272142 -0.003881674765291796 0.11496492453268753 0.10813614220642785 -0.015797139518951953 -0.9945646279866979 0.10291574777797448 0.011899917332236803 0.1139405619382703 -0.10404870666518345 -0.988023995147129 0.07340573502709373
0.9929024408398847 -0.005410444681300425 0.11880854372708449 0.10525221948612483 -0.016452942196689795 -0.9956082053881351 0.0921607403230329 0.0181623545772535 0.11778813041759491 -0.09346137411876472 -0.9886308349836959 0.07747092611684532
0.9930002324757962 -0.005801384121667713 0.11796983616708064 0.10866382580997648 -0.01606541468861096 -0.9961446870411984 0.08624189776712872 0.018535633211769563 0.11701470315262927 -0.0875334588706843 -0.9892651074531217 0.07774609308358656
0.992815862559378 -0.007001413983892544 0.1194472404566309 0.10839028003780406 -0.016582994163603634 -0.9967039516664774 0.07941181925253986 0.019448119115449036 0.11849754155697888 -0.08082210671997064 -0.9896595978973264 0.08280546128904376
0.9925275825383397 -0.008802622095052217 0.12170255438917837 0.10883245563451951 -0.017578906088357528 -0.9973051345303311 0.07122815946080988 0.02172074344366988 0.12074758780752486 -0.07283531069261358 -0.9900075946956035 0.0861319413974899
0.9925435842355718 -0.008899898785859398 0.12156490116149968 0.10965926206621103 -0.01669667338819399 -0.9978567985436987 0.06326950843722685 0.02328097464397154 0.12074127086697282 -0.06482747412726955 -0.9905649620836116 0.0911651069270429
0.9926550704603582 -0.010149654210593774 0.12055245998629176 0.11302871516932944 -0.016905977120811013 -0.9983346789094875 0.0551548440690507 0.024498019590301623 0.11979189883682333 -0.056787792755979324 -0.9911735708577848 0.09574599767676614
0.9928760021655901 -0.009885504242835883 0.11874140444486916 0.11673645702878427 -0.015650474213797033 -0.9987382933822988 0.04771670555158151 0.025320250783017084 0.11811988393390166 -0.04923513113294133 -0.9917779967723439 0.09820831527546604
0.9928178610430783 -0.011719449693041919 0.11906027588049554 0.11714595302695362 -0.01654442006214553 -0.9990779155609018 0.03961818778403376 0.02690167963750142 0.11848618889412695 -0.04130342767102925 -0.9920962906411701 0.10100265106908667
0.9927379260032397 -0.012736665037897252 0.11962101670901429 0.11763691597328386 -0.016427581139755027 -0.9994172996639515 0.029919821361634524 0.030129512958659663 0.11917023475970263 -0.03166762536294381 -0.9923686898785096 0.10307302860634396
0.9925532589162729 -0.012763993983265227 0.12114086293353053 0.11686477497036862 -0.01537620963802468 -0.9996684540678465 0.020653186649264396 0.03338015487780455 0.1208370820230809 -0.022362075019930625 -0.9924204437681392 0.10560277418480184
0.9924784871827578 -0.014607468721592106 0.12154453643406932 0.11766226524810257 -0.01647261336880855 -0.9997612695898923 0.014354679961895486 0.033920110694011345 0.1213058345184882 -0.01624886720834416 -0.9924821755710371 0.10685428121618207
0.9922493781856189 -0.01633645752795718 0.12318397479254048 0.11672111902524082 -0.017128724266210062 -0.999838843911851 0.005375221858259123 0.03566525064755469 0.12307631086144946 -0.007443544884704561 -0.9923692938338454 0.11141315939403883
0.9925184542480936 -0.016090681690981858 0.12102978120980556 0.12082325422878948 -0.015591495044492643 -0.9998655890057764 -0.005070424480215965 0.04137320526053464 0.12109510006293177 0.003145454633516934 -0.9926359266397206 0.11111751053737269
0.9923569885255358 -0.017639169059181448 0.12213298915293896 0.12059813945371117 -0.016232978220250452 -0.9997901089270902 -0.012499140356766551 0.04172339873951962 0.1223278289786554 0.010421027130705097 -0.9924350378996653 0.11529846145747849
0.9926725667453569 -0.01900605793508237 0.11933124064114187 0.12496892354573043 -0.01692157505649605 -0.9996864477071004 -0.018457154936947363 0.04105503362230903 0.1196446218130727 0.016302638820982394 -0.9926829244218314 0.11863779988769124
0.9927329669164947 -0.01960465697319124 0.11873042500613165 0.12659659282001273 -0.016600470806827586 -0.9995178528637751 -0.026239020095661588 0.04296697638699712 0.1191875864600203 0.024077359314351135 -0.9925797700952215 0.12005144375066922
0.9926732825898636 -0.019780740510728857 0.11919931349261931 0.1273746335787548 -0.015564175309801665 -0.9992232896299584 -0.03620184951089795 0.04829178826182355 0.11982282954091128 0.034081369777800186 -0.9922101338702799 0.12022859143112163
0.992539352338204 -0.02166119734161917 0.11998510986696108 0.12828275284062185 -0.01630339930750955 -0.9988332511629089 -0.045456963628834765 0.0512524522209218 0.12082976963927056 0.043161660082308456 -0.9917344593528351 0.121490219856438
0.9925185554144853 -0.0231039306016762 0.11988797082566764 0.1303786880829281 -0.017021499233814085 -0.998527271597029 -0.05151268232994991 0.05178904753892303 0.12090155384351547 0.04908662004809454 -0.9914501086844851 0.11984787084314938
0.9925512611709724 -0.024131065677232545 0.11941392555809202 0.13209356189363508 -0.01715563538359701 -0.9981045830227666 -0.05910097734838568 0.052240928284114585 0.12061375594225364 0.05661212783697864 -0.9910839464239504 0.12215449691644446
0.9921614599276531 -0.02510077618595506 0.12241563817213201 0.1306688541948889 -0.017048357483426042 -0.9976481785952019 -0.0663887434192986 0.05345617811160609 0.12379414744383141 0.06378136703253345 -0.9902560003747094 0.11951268977344658
0.9919904894630913 -0.02682248248145161 0.12343185669959461 0.13209902299372026 -0.017699705639713504 -0.9970698091332828 -0.07442120756334625 0.05524675065954492 0.1250663393365478 0.07164042258705201 -0.9895585180354439 0.11690402785620829
0.9918219236924565 -0.02682539030693358 0.12477848419449938 0.1315155189642332 -0.016710396813240488 -0.9965401941255185 -0.08141501170311348 0.056169631442216254 0.12653076432765392 0.0786640955401811 -0.9888386752911239 0.11728969032008435
0.9915980238612238 -0.0292382779871217 0.12600984951528668 0.13280184503909812 -0.01771941918132865 -0.9956398598451264 -0.09158215804103922 0.061594688752011156 0.12813813350596986 0.0885798655899032 -0.9877926028036861 0.114847304237597
0.9914728102924733 -0.02767017786151294 0.1273421678308396 0.13364395392030418 -0.015215722060441523 -0.9950940931062766 -0.09775595975272608 0.06148374834213112 0.12942236380519742 0.09498477310658507 -0.9870297587332237 0.11505342497850345
0.9913284059115633 -0.030245946485892232 0.12787953062945404 0.13503337405352348 -0.016594203830893235 -0.9941740051284779 -0.10650201841289218 0.06534653246285758 0.13035575948939004 0.10345641714255237 -0.9860548391037746 0.10953264225853168
0.9912232541545974 -0.03162278729573404 0.12836066277025643 0.1376575761808318 -0.016978966031057467 -0.9933799378189604 -0.11361344045188748 0.06668799173806303 0.1311036808624645 0.11043685282751926 -0.9851982168081029 0.11047041986627024
0.9909955724717836 -0.03188914964252501 0.1300417528196136 0.1379985423635812 -0.015918165333727797 -0.9923960701120456 -0.12205184160255943 0.07099535360297185 0.13294505388967637 0.11888280851849353 -0.9839677283757969 0.10762020350461225
0.9906252531056411 -0.034394943483082745 0.1322066404239254 0.1382755351687603 -0.01742345171860482 -0.9916925684938493 -0.1274451761514781 0.07124086649091055 0.13549181244486697 0.12394691386584572 -0.982994980304344 0.1053890961720699
0.9902964426685466 -0.03609247482681808 0.13420241763432517 0.1389444025304254 -0.017356077536762087 -0.9902460200992541 -0.13824466083768142 0.07820070572387232 0.13788300189131447 0.13457396827939333 -0.9812635348625652 0.10214086734311313
0.9899946202186277 -0.038725352000307085 0.13568713664392318 0.14047359698123343 -0.019033594930205667 -0.9894639745963654 -0.14352269938931714 0.0779656004903823 0.1398155005791819 0.13950408627855945 -0.9803010944140463 0.09938103929480105
0.989689768157778 -0.04108390603853551 0.13720887532670867 0.14189726448740536 -0.01965052359826553 -0.9878670746008426 -0.15405356160078545 0.08392668027479121 0.14187325232797585 0.1497690074220624 -0.9784892562975296 0.0976268360160155
0.9895539822882521 -0.042346711018972964 0.13780301957264163 0.14389146105335812 -0.020179657492230635 -0.9871615847792928 -0.15844490196762798 0.08337630347291176 0.14274346766475346 0.15400896597896685 -0.9777042195046164 0.09327246792004007
0.989490744369061 -0.04282594041496013 0.13810867328135326 0.14685092487103207 -0.019988708024522774 -0.9864756878811434 -0.16268426098100341 0.0824007211067112 0.1432079549447993 0.15821395654934847 -0.9769645979223245 0.0923987211982773
0.9889364313080184 -0.042579122937870896 0.14209768865679218 0.14554167616096428 -0.018643838437741853 -0.9860001209037768 -0.1656990309749723 0.08092238077272916 0.14716365760631378 0.16121656201389217 -0.9758852791247301 0.08569522510269677
0.9885456039930253 -0.04316187232845191 0.14461895312567807 0.14578664602840993 -0.018357233997231846 -0.9855058383049458 -0.1686453516312772 0.07924469483726675 0.1498018717708011 0.16405881702599429 -0.9750097967559073 0.0827266034284542
0.9883949936961682 -0.04451018462500173 0.14523835547471822 0.14826269281300392 -0.01867190016873164 -0.9844568626060239 -0.1746311707914518 0.08138061021277913 0.15075376141390726 0.1698926988794767 -0.9738633242334399 0.08051056584786015
0.9880779469747836 -0.04538524326426634 0.14711271323695718 0.14957870899298775 -0.01834516948038557 -0.983460844694784 -0.1801894050962993 0.08306590825837738 0.15285753320929835 0.17534236979710774 -0.9725685723357005 0.07909891050397756
0.9878761486688297 -0.04751368154327256 0.14779433330627356 0.1522723627916745 -0.019881296128665904 -0.9828938648405077 -0.18309665350064286 0.08198536481095868 0.1539657395509978 0.17793847398776538 -0.9719220393217862 0.0769130129438878
0.9874693743404998 -0.04930290299275685 0.14991150221403826 0.153571836404313 -0.020733736294987662 -0.9822425085781186 -0.18646652922552784 0.0817625456595639 0.15644279120123336 0.18102176139528514 -0.9709566287855065 0.07370213306013694
0.9869927547905755 -0.04937255717462075 0.15299559663254983 0.15418707273064378 -0.01955018812569446 -0.9814719194298124 -0.19060603745687033 0.08305546677989843 0.15957158937342525 0.1851356852927028 -0.9696709162886347 0.07234301370587712
0.9864880424127122 -0.050729348706086135 0.15578149876218042 0.1551015824587114 -0.020194163353280174 -0.9812536375178815 -0.19165984092758426 0.08077945744960505 0.1625839412217453 0.18592426425236216 -0.9690194167399443 0.0686083864052496
0.9862650055335587 -0.05169021745729432 0.15687402678297824 0.15782506171442792 -0.02094835660047877 -0.9812456462181646 -0.19161980099571058 0.07757295765832682 0.1638368249681009 0.1857016510349711 -0.9688510678051905 0.06744317026613415
0.985685614270315 -0.05383502230671901 0.1597675192077088 0.15982880185211656 -0.021470705843222575 -0.980015118033885 -0.19776090922026066 0.08227405432814325 0.16722104715359348 0.19149976187521858 -0.9671426795414367 0.06659942301432958
0.9851606761055423 -0.055094801903659306 0.1625515458507492 0.16158213083622558 -0.022413260798894004 -0.9802655067499159 -0.19641074822089385 0.0777562729499193 0.17016488473134653 0.1898528353212749 -0.9669538835564189 0.06597208541594443
0.9851795054155748 -0.0545436473919375 0.16262328442848398 0.1645920410829175 -0.021668690802833068 -0.9800743041568947 -0.19744575500696282 0.07707566917408129 0.17015231396608987 0.19099567759654237 -0.9667310076703979 0.06378868449322717
0.984742801376725 -0.05595735646232153 0.1647737521405318 0.1670306650791844 -0.023005501842854995 -0.9804398211192 -0.1954699568954506 0.07185093901986293 0.1724887301294758 0.1886969300796905 -0.966768383097431 0.06219752479341507
0.9843271601915825 -0.056048806038160114 0.16720817279926994 0.16851594930736266 -0.022706294626912656 -0.9805380308173293 -0.19501177991390614 0.06980940639116383 0.17488414992071077 0.18815871349095326 -0.9664428760376579 0.06178796866436889
0.9839587008726789 -0.055706914332524664 0.16947570525741631 0.17043334019079706 -0.02186264956679402 -0.9804887284765265 -0.19535577259043024 0.06819246150021088 0.17705168604356597 0.18851682425193012 -0.9659783162385671 0.060592311182660355
0.9834410483016137 -0.057027593005242044 0.17202196996735722 0.1723267754455032 -0.02270305656012772 -0.9804900278110855 -0.1952533651076068 0.06668677103313045 0.1798006555556723 0.1881147495520892 -0.965548841469299 0.06113390661357332
0.9833119595543296 -0.05721996597352351 0.1726947181920007 0.17670703314823238 -0.023127905094931706 -0.980865628969159 -0.19330731469051082 0.06244715808321201 0.18045135134807264 0.18608732735177094 -0.9658202816237238 0.06069855957593733
0.98244497734441 -0.060050050904530396 0.17662349186080606 0.17772952731008246 -0.02469563970198606 -0.980307369067612 -0.19592750580622006 0.06459494764491806 0.1849107673188628 0.18812616388503756 -0.9645810254154129 0.05918536306316248
0.9821384881357846 -0.06028099158931519 0.17824194841665034 0.18079807323138974 -0.0240421090634622 -0.9797314704663781 -0.1988673496820657 0.06661337965683323 0.1866171672546112 0.19102996579279735 -0.9636812673571419 0.06059412809065001
0.9814632033959564 -0.06117323143054055 0.18162548316822885 0.18187627309568705 -0.025045560621076723 -0.9805028304269184 -0.19490233302343454 0.059610066307412335 0.19000710584849986 0.18674055606950338 -0.9638595667657867 0.061578767249733976
0.9807218578051666 -0.06151527676715778 0.18547374031771685 0.1830936171093551 -0.02422644367327429 -0.980110571318652 -0.1969678842257574 0.060942815164297705 0.19390130749979367 0.188677340223159 -0.9627061567457564 0.06001728818184771
0.9805165451405945 -0.06111961250857359 0.18668609394476685 0.18547050559434136 -0.024509332738299826 -0.9810018078562373 -0.19244413628769627 0.054013093948712856 0.19490150670088677 0.18411910805127185 -0.9633865043356838 0.06097908864818627
