1.0 0.0 0.0 0.0 0.0 1.0 0.0 0.0 0.0 0.0 1.0 0.0
0.9999994552005487 -0.0008963223962929843 -0.0005349799693324155 0.2004917488143708 0.0008958384871127706 0.9999991900449722 -0.0009040912678201235 0.0014804882146369 0.000535789894166372 0.0009036115190969506 0.999999448206946 0.0032227160741411
0.9999978208021949 -0.0017931272877377373 -0.001069149168985262 0.4009834976287416 0.0017911916510168827 0.9999967601798886 -0.0018086608580722943 0.0029609764292739 0.001072388868321088 0.0018067418631796022 0.9999977928277838 0.0064454321482823
0.9999950968049386 -0.002690414674333858 -0.001602507598958739 0.6014752464431123 0.0026860594917119344 0.9999927104047494 -0.0027137087707563116 0.0044414646439108 0.0016097969224643477 0.002709391032247754 0.9999950338625136 0.0096681482224235
0.9999905420791565 -0.0037971343914411913 -0.0021207327679958555 0.8125803314618981 0.0037911643894719235 0.9999888597242863 -0.0028120245410531573 0.0076275326253681 0.002131386786089471 0.0028039578921267307 0.9999937974810421 0.0113222248838479
0.9999840444252392 -0.004998003071772057 -0.002632645329078765 1.0284698410553728 0.004991298752336683 0.9999842995938393 -0.0025470501363840385 0.0115824651366302 0.0026453341753142306 0.002533869161359514 0.9999932908264215 0.0122691688576348
0.9999758424331818 -0.006198730559413977 -0.0031448773665454246 1.244359350648847 0.006191566372518958 0.9999782266574286 -0.0022826924031977194 0.0155373976478922 0.0031589586976589015 0.0022631655274662167 0.9999924494967635 0.0132161128314218
0.999966249672279 -0.0074057935998334415 -0.003557205161615505 1.461201794168658 0.007398332497929142 0.9999704141430579 -0.002106060168063584 0.0194961869472159 0.0035726969722107006 0.0020796716899752457 0.9999914553608329 0.0138779739576432
0.9999555776440077 -0.008623433902931165 -0.00380513270682091 1.6796085916484669 0.008615590648809858 0.9999607366793761 -0.0020728281615794313 0.0234613076211611 0.0038228582195630753 0.0020399525820650887 0.9999906121205193 0.0140718378080923
0.9999433613140878 -0.009841057941482576 -0.00405310318443582 1.8980153891282747 0.009832850701344324 0.999949575613853 -0.0020398995947287215 0.0274264282951062 0.004072973596326582 0.0019999304647623844 0.9999897055203018 0.0142657016585413
0.9999294540180018 -0.0110719322335498 -0.004301079696029039 2.1167755612341836 0.011063490415424846 0.9999368342568389 -0.0019815803608939074 0.0313425545961401 0.004322747941265475 0.0019338556085082405 0.9999887869621179 0.0144939475495085
0.9999117116541303 -0.012485044509188395 -0.004548881669447583 2.3403917846536024 0.012478014722142541 0.999920913099582 -0.0015705041314523684 0.0345854033855541 0.004568129752212115 0.0015136043857295295 0.9999884205136421 0.0151946692230793
0.999891909343156 -0.01389804052870957 -0.004797268954251296 2.5640080080730203 0.013892627793529767 0.999902820039541 -0.001159780638114216 0.0378282521749681 0.004812921456612537 0.001093008508862852 0.9999878204680823 0.0158953908966502
0.9998700470850789 -0.015310920292113324 -0.005046241550440179 2.7876242314924387 0.015307329629586522 0.9998825550767158 -0.0007494098808794504 0.0410711009643821 0.005057123054466741 0.000672067977908208 0.9999869868254385 0.016596112570221
0.9998472355432146 -0.01671958473377604 -0.005095170525083231 3.0085981218374354 0.016715580803671356 0.9998599424341674 -0.0008274047808744637 0.0465300065555866 0.005108290785138165 0.0007421095643928574 0.9999866772174839 0.0182088735979674
0.999822791001565 -0.01812690166798933 -0.005079521433181421 3.2287243272943953 0.01812173174595704 0.9998352237111138 -0.0010619829597174957 0.0526998436641285 0.005097934934723717 0.0009697449139867978 0.9999865352177684 0.0201142252855794
0.9997963669132308 -0.01953419769214192 -0.005063547339718327 3.448850532751355 0.01952786777375898 0.9998084721921449 -0.0012965399476261568 0.0588696807726704 0.00508790441614588 0.0011973955693596985 0.9999863396323504 0.0220195769731914
0.999767914133744 -0.02091057479193266 -0.0051831878429532486 3.6731299148487633 0.020904195691462922 0.9997806615126438 -0.001281869603623444 0.066218720937419 0.005208855616867379 0.0011732216579407413 0.9999857455764194 0.0245135424428438
0.9997374969027066 -0.02224854306609191 -0.005471646560903348 3.9025600503286904 0.02224362304013208 0.9997521202891893 -0.0009584092912576299 0.0750302041081496 0.005491613487828239 0.0008364482992494807 0.9999845711281143 0.0277375044166934
0.9997052052749609 -0.023586395961302815 -0.0057605428099469546 4.131990185808618 0.023583123624589027 0.9997216772900988 -0.0006353366699810365 0.0838416872788801 0.005773924836360806 0.0004992976402006995 0.9999832060882976 0.030961466390543
0.99967064228781 -0.024945719862613288 -0.006026424532839256 4.3619591444410375 0.024944742199618983 0.9996888032268808 -0.00023735108005227453 0.0926175700834464 0.006030470023848371 8.694525102072404e-05 0.9999818127645623 0.0340464585986946
0.9996314564968527 -0.02644244881300649 -0.006143834165434126 4.595360927996589 0.026446873869276646 0.9996500146623454 0.0006401041573813274 0.1011666441035787 0.006124757956311088 -0.000802353763159701 0.9999809215663785 0.0362460789124793
0.999590009980295 -0.027939052285055232 -0.006262566586195414 4.828762711552141 0.027949067217150025 0.9996081960943506 0.0015173817378125645 0.109715718123711 0.006217718594855426 -0.0016917928537404986 0.9999792386510722 0.0384456992262641
0.9995463027381369 -0.029435530278759902 -0.006382621795123117 5.062164495107693 0.02945132224323951 0.9995633475228964 0.002394481661241615 0.1182647921438433 0.0063093519394813785 -0.0025813720207218498 0.9999767640186431 0.0406453195400488
0.999504958737787 -0.03084534693545379 -0.0061968423102116135 5.301175788470297 0.030864413757499782 0.9995190623503042 0.0030051320937845003 0.1266152143422121 0.006101167559737685 -0.003194906559936756 0.999976283853834 0.0418747875443099
0.9994625644192462 -0.03223689312384248 -0.005946709806939977 5.541377428741559 0.03225841612024263 0.99947322239939 0.003559584355440273 0.1349234823078459 0.005828827087782664 -0.0037495030460292077 0.9999759826746955 0.0428983876844812
0.9994181605543228 -0.03362855280759353 -0.005697355965934731 5.781579069012821 0.0336522422336279 0.9994251335089172 0.004114388064216591 0.1432317502734798 0.005555719717994194 -0.004303723104549192 0.9999753056483864 0.0439219878246524
0.9993748073907344 -0.034976047149669995 -0.005164244567527836 6.023027627421329 0.03499886820785275 0.9993776793747391 0.0043968329534750635 0.1532556670772101 0.005007246782268019 -0.00457482695142358 0.9999769989350528 0.045896407829869
0.9993320780897713 -0.0362817266216761 -0.0043625541641232855 6.265654125516933 0.0363009981103348 0.9993311145923481 0.004422533825076159 0.1649003244854401 0.004199178690936962 -0.004577945236722816 0.9999807044408631 0.0487690491544048
0.999286999070103 -0.037587388834243084 -0.003560900459566088 6.508280623612538 0.03760308747113345 0.9992828478427264 0.004449284458294487 0.1765449818936701 0.003391109567354839 -0.004580013119626768 0.9999837617769153 0.0516416904789407
0.999240353100058 -0.03887223055490781 -0.0027687357948448727 6.751607657265024 0.03888413134701395 0.9992341150594944 0.004382590107135245 0.1878642574475512 0.002596254148524519 -0.004486920808871514 0.999986563408065 0.05439970679756
0.9991946281757677 -0.04007542293487842 -0.0020132676377386583 6.997676572021858 0.040083132017605265 0.9991885514538279 0.0039470114705981 0.1979099954209696 0.0018534555969250193 -0.004024530839790656 0.9999901838650161 0.0567090833080753
0.9991468975724352 -0.04127825127254959 -0.001257277059778434 7.243745486778691 0.04128244151469688 0.9991413419293768 0.003512343595692505 0.2079557333943879 0.0011112138904902336 -0.003561250739393229 0.9999930413148479 0.0590184598185906
0.9990971612900609 -0.042480715567921136 -0.0005007640609641993 7.489814401535524 0.042482059838288615 0.9990924864861406 0.00307858648241846 0.2180014713678063 0.00036952902922016243 -0.0030970805076792284 0.9999951357575602 0.061327836329106
0.9990626845280347 -0.043285025987567484 -0.00039790300045672116 7.732977545661347 0.04328604453558552 0.9990580180281715 0.003065024811086171 0.2323415927333145 0.00026485846309149796 -0.0030793755673634692 0.9999952236351648 0.063054217130237
0.9990296307526375 -0.04404153207987485 -0.0003736055130400917 7.975791712431976 0.04404248103336088 0.9990248432436426 0.0031018854779519315 0.2471974611238532 0.00023662934743454243 -0.0031153300225876123 0.9999951193489066 0.0647105812897999
0.9989960032129459 -0.04479802651542384 -0.0003493360505488091 8.218605879202602 0.044798903959934556 0.9989910940567484 0.0031387654221137116 0.2620533295143917 0.0002083730822110326 -0.003151263986066477 0.9999950130446722 0.0663669454493627
0.9989642487259481 -0.04549988518611132 -0.00043569582581226053 8.46578219011393 0.04550103765756106 0.9989592937780031 0.0031598354701689257 0.2762279875096192 0.00029147021657847526 -0.003176387281805479 0.99999491279059 0.0673308355212694
0.9989337617175251 -0.04616250899858665 -0.0006014832338277361 8.716090717306741 0.04616418983025425 0.9989288370222773 0.003169457010019073 0.2899135057097171 0.00045452881252917984 -0.0031938446076031513 0.9999947963648881 0.0677974979588064
0.998902807537547 -0.04682512036091788 -0.000767277109372794 8.966399244499549 0.04682733401568542 0.998897939961263 0.0031789692288821114 0.3035990239098148 0.0006175758742408227 -0.0032114108364241535 0.9999946527047667 0.0682641603963434
0.998873383336725 -0.04744646738397921 -0.0008924192851610768 9.217950276329264 0.04744893390103234 0.9988692121290991 0.0029825071315008585 0.3168479591631949 0.000749900696755839 -0.003021491339551711 0.9999951541069521 0.0692653569730659
0.9988489857498044 -0.0479570404908578 -0.0009081337035754954 9.472838034321 0.04795896635541825 0.9988468097485123 0.0022331529051182685 0.3289244579548248 0.0007999909907017784 -0.0022741356898839378 0.9999970941548685 0.0717020363590526
0.998824326239285 -0.04846763232247537 -0.0009234654356404851 9.727725792312729 0.04846896825483723 0.9988235861952572 0.0014837905369913065 0.3410009567464546 0.0008504632085300104 -0.0015268055211533852 0.9999984727867083 0.0741387157450392
0.9987994048051668 -0.04897824287883175 -0.0009384144813562552 9.98261355030446 0.048978939599289076 0.9987995414693343 0.0007344200271203683 0.3530774555380845 0.0009013173502407257 -0.0007795008333604583 0.9999992900024716 0.0765753951310259
0.9987731061835787 -0.049515714143894336 -0.0006898679019636522 10.236253343834552 0.04951623139094719 0.9987730341643709 0.0007540261278770554 0.3682399511696028 0.0006516853076392437 -0.0007872606833115325 0.9999994777631954 0.0771596791408563
0.9987464052511262 -0.05005429076381015 -0.00043055273132011575 10.489841967978974 0.05005462546227723 0.9987461566204978 0.0008052993640342377 0.3835289797011618 0.00038970418735917217 -0.0008258410055912013 0.9999995830584535 0.0776680107206848
0.9987193458345385 -0.0505928718758003 -0.00017126528168172705 10.743430592123396 0.05059300058852865 0.9987189865500895 0.0008567125250433706 0.398818008232721 0.00012770233746685033 -0.0008642801977838042 0.9999996183558179 0.0781763423005134
0.9986932760597407 -0.05110509893229027 -9.130420460133562e-05 11.00095875976695 0.05110513165409281 0.9986931977546596 0.00040174296732791424 0.4128524878331414 7.065376701986298e-05 -0.00040588411496537166 0.999999915133033 0.0799884826082715
0.9986676637759173 -0.051603142545188406 -0.00010764044069899782 11.260609240406676 0.051603105047696364 0.9986676182784804 -0.00032608285346477124 0.4262111161575274 0.0001243239314112452 0.0003200938173036992 0.9999999410417209 0.0825030114563283
0.9986418017569696 -0.05210120514237405 -0.00012361373676590809 11.520259721046395 0.05210104650327089 0.9986412615582099 -0.0010539166822548462 0.4395697444819134 0.00017835612595523424 0.0010460448467377171 0.9999994369892851 0.0850175403043852
0.9986150894879643 -0.052609933110594156 -0.00031234426129609825 11.779953971114738 0.05260942538481356 0.9986141022046994 -0.0014569873616230122 0.4536999036208863 0.0003885634034364345 0.0014385373095626287 0.9999988898136583 0.0872612694784496
0.9985867556864072 -0.053139320774317995 -0.0008383413665724213 12.039733500973034 0.05313827183228844 0.9985864090056233 -0.0012274675390202949 0.469333303443764 0.0009023831118717138 0.0011811847974232382 0.9999988952525414 0.0889773760618966
0.9985578708256114 -0.05366857423570736 -0.001364460038874025 12.299513030831326 0.05366723737610916 0.9985583759479197 -0.0009982266724747784 0.4849667032666417 0.0014160664206415718 0.0009235602739699996 0.9999985708946394 0.0906934826453436
0.9985285194590662 -0.054195890175240145 -0.0018976962371776243 12.559367299634896 0.054194520275692305 0.9985301032443146 -0.0007660437747799198 0.500613481850388 0.0019364232447647766 0.000662071816808295 0.9999979059607252 0.092418642688788
0.9985013771788613 -0.054661404751208065 -0.002670012014203704 12.821774190877065 0.05466046381666487 0.9985049084197064 -0.00042417281343828527 0.5167171965745652 0.0026892059940538077 0.0002775929631625072 0.999996345547959 0.0944530132121444
0.9984734355400607 -0.055126635649471574 -0.0034424865116189376 13.084181082119231 0.05512667797523455 0.998479364183391 -8.266264383885136e-05 0.5328209112987421 0.0034418086563692955 -0.00010723650640586295 0.9999940712055857 0.0964873837355007
0.9984446945426642 -0.0555915828700307 -0.004215119729423326 13.3465879733614 0.05559316275140139 0.9984534705353683 0.0002584867340183087 0.5489246260229192 0.0041942312317112445 -0.0004924165918967424 0.9999910829336052 0.0985217542588571
0.9984160665776136 -0.05605943280103828 -0.004763962100946711 13.611141084411631 0.056065705717629595 0.9984263666762601 0.0011934515085933644 0.566499047104368 0.0046895610943390505 -0.0014586562806507587 0.999987940086456 0.1008159725507597
0.9983873356782692 -0.05652805516257969 -0.005225223114557075 13.876538288008328 0.05654099089579409 0.9983974829731663 0.00236186075493633 0.5846518862348657 0.0050833380354136665 -0.0026534915187968224 0.9999835591731497 0.1032123870687063
0.9983581984841317 -0.05699616438595144 -0.005687035982211241 14.141935491605024 0.057016774183753755 0.9983669785412063 0.0035300490646003792 0.6028047253653634 0.0054765495206558785 -0.003848510102527373 0.9999775979204607 0.105608801586653
0.9983305239813556 -0.057449518248899385 -0.005976391456340773 14.409229865414671 0.057476501678719434 0.9983369611674867 0.004445586381281388 0.6204671588307283 0.005711055650771474 -0.004781666703843834 0.9999722593646406 0.1076916040010442
0.9983053188716071 -0.05788195685762122 -0.006014005870348199 14.679288395824916 0.05791226170260251 0.9983091886786281 0.004993258502732078 0.6374150765151737 0.00571481764935558 -0.005333081315553209 0.9999694490747159 0.1093174769527283
0.9982799243751718 -0.05831437791891194 -0.006051858989243783 14.949346926235162 0.05834802698344125 0.9982809249411326 0.005540913836698819 0.6543629941996193 0.0057183403566933196 -0.005884497169378512 0.9999663360626793 0.1109433499044124
0.9982543865654847 -0.05875133012067888 -0.006038276027678012 15.219357282540184 0.05878763885561971 0.9982523444775284 0.006022468622532642 0.6713477080807599 0.0056738951450174034 -0.006366931724085717 0.9999636338845046 0.1126619461342749
0.9982289355816276 -0.059230925465813655 -0.005539726179494471 15.488915459175743 0.05926334726200466 0.9982250421540463 0.005883860604520284 0.6886778044445181 0.0051813867818947465 -0.006201742720688162 0.9999673452660923 0.1152508767706761
0.9982030101571112 -0.05971043950614548 -0.005041109885382834 15.758473635811304 0.0597391249890324 0.9981974880405274 0.005745491557654369 0.7060079008082762 0.00468895728689512 -0.0060363185533282866 0.999970787833014 0.1178398074070773
0.9981766102919353 -0.060189872241674325 -0.004542427145343088 16.02803181244686 0.060214972036702924 0.9981696821369717 0.005607361481934499 0.7233379971720343 0.004196606660018537 -0.005870659222005694 0.9999739615852695 0.1204287380434784
0.9981534266261802 -0.06060526799739949 -0.004091181056650549 16.30061247673351 0.060627635256812806 0.9981448308606361 0.005584426866427705 0.7421248734037137 0.0037451454767176667 -0.005822153486726115 0.9999760379158052 0.1234325532360951
0.9981308862830129 -0.06100319080570929 -0.0036528982977838314 16.574018221214605 0.06102303657635806 0.998120687015619 0.005593054635767058 0.7613094221341572 0.003304839096263672 -0.005805511577840019 0.9999776867826611 0.1265496238228876
0.9981079950353224 -0.061401107366555754 -0.003214618938317239 16.847423965695704 0.061418435143729924 0.998096385392594 0.0056018570083362805 0.7804939708646007 0.002864539274183015 -0.005788695155827192 0.9999791424913741 0.1296666944096801
0.9980856688135462 -0.06177757944528974 -0.0029203083481074785 17.122418540403903 0.06179317010853882 0.998073323927513 0.005589633706598046 0.7989054164271215 0.0025693678024559484 -0.0057593884152456615 0.9999801136983901 0.1334390903613787
0.9980641582402772 -0.06213033270111729 -0.0027852138653999357 17.39917034669967 0.06214505476607981 0.9980516742026327 0.005554044355575592 0.8164618170112946 0.0024347127034788866 -0.005716379888638935 0.9999806973993289 0.1379362701267983
0.9980425049787476 -0.062483076881358166 -0.0026501069646174304 17.675922152995437 0.062496940949907806 0.9980298984509792 0.005518503029695329 0.8340182175954677 0.002300072909576242 -0.005673324177526242 0.9999812613517263 0.142433449892218
0.9980190214859229 -0.06286003151793672 -0.0025785697965436645 17.952132104615067 0.06287337719609852 0.9980065212176923 0.005470089415165122 0.8518082433713792 0.002229579464554908 -0.005621376683409838 0.9999817143818416 0.1464349077643959
0.9979866990028446 -0.06336035146440111 -0.0028308393128363162 18.22558220975089 0.06337482763577357 0.9979754233634313 0.005355815120089998 0.8707882001238776 0.0024857616626553784 -0.005524436240211031 0.9999816506244851 0.1479114887936616
0.99795406016669 -0.06386069022981464 -0.0030830517667049108 18.499032314886712 0.06387624316220605 0.9979440627074861 0.005241414913945328 0.8897681568763759 0.002741992762070737 -0.005427625096583447 0.999981511006071 0.1493880698229273
0.9979211049774589 -0.06436104781417704 -0.0033352071581490474 18.772482420022538 0.06437762377539574 0.9979124392498572 0.005126888796731123 0.9087481136288744 0.0029982727628005837 -0.005330943252527072 0.9999812955265994 0.150864650852193
0.9978995421750333 -0.06468908708670956 -0.0034388000165471184 19.047667065237672 0.06470539380418155 0.9978925589017473 0.0048633842813459935 0.9265497858291852 0.003116945028626768 -0.005075677876930985 0.9999822609148913 0.1536589029587158
0.99787987808163 -0.06498754151439685 -0.0035167963452683837 19.323149695543353 0.06500331637501168 0.9978745634289983 0.00457427690277786 0.9441490347859146 0.0032120505708479207 -0.004793182329903133 0.9999833539265888 0.1566795241990237
0.9978601172979812 -0.06528601796758006 -0.00359470648769875 19.59863232584904 0.06530121144113689 0.9978563970111001 0.00428514628094145 0.9617482837426444 0.0033072407102935812 -0.004510715272098942 0.999984357680057 0.1597001454393318
0.9978404376969622 -0.06559973448811844 -0.0033369224566050003 19.87564844933701 0.06561359557685857 0.9978361430235604 0.004229310776748856 0.9796642748554032 0.0030522601248054006 -0.004439124830216164 0.9999854888318633 0.1627542458954811
0.9978205742016301 -0.06592633032176623 -0.002796323216583102 20.153956911837472 0.06593815255417479 0.9978141409338132 0.004370233389180784 0.9978471978657832 0.0025020973139763788 -0.004545093226646119 0.9999865407238706 0.1658365606907871
0.9978003066203519 -0.06625299019322764 -0.0022557699016293596 20.432265374337938 0.06626263875164196 0.9977920172455511 0.004511332662245556 1.0160301208761633 0.0019518998597296802 -0.004650882408331538 0.9999872796063716 0.1689188754860932
0.99778511803661 -0.06649955012703573 -0.0016331584868424837 20.71133123955618 0.06650661789589823 0.9977747171898774 0.004741588108013713 1.034903895755935 0.001314210709997218 -0.004839701916330313 0.9999874249863043 0.1715380235844765
0.9977874186113191 -0.06648096385841752 -0.0007386859935367713 20.992905108113483 0.06648394173139814 0.9977735945532659 0.005266539342468845 1.0560653027692597 0.00038691652500376703 -0.005303997477893309 0.9999858588434508 0.1726234781864461
0.9977888881277625 -0.06646282864980001 0.00015579616454954834 21.27447897667079 0.06646081453140491 0.9977722265647933 0.005791471487314541 1.0772267097825845 -0.0005403669121632425 -0.005768311540954148 0.9999832171410813 0.1737089327884157
0.9977895265859397 -0.06644514450118279 0.0010502879874168896 21.55605284522809 0.0664372362959182 0.9977706132244593 0.00631638454255042 1.0983881167959086 -0.0014676396015041965 -0.00623264410551242 0.9999794998791957 0.1747943873903853
0.9978023741660783 -0.06622361997496048 0.0022023740691776085 21.839046945988233 0.06620756140461448 0.9977833523852502 0.006703481802829089 1.118868100271348 -0.0026414213943961895 -0.006542936102291749 0.9999751061086323 0.1762981066151143
0.9978148979256496 -0.06598502592329866 0.003376571048620493 22.12216249178235 0.06595989973054331 0.9977971645328584 0.007078519683974427 1.1392898147506745 -0.0038362098067559677 -0.006840333857447665 0.999969246158252 0.1778375919358513
0.997825957867154 -0.06574682933679359 0.004550855764710033 22.40527803757647 0.065711838187673 0.9978108042676936 0.007453270731462864 1.15971152923 -0.005030922184822224 -0.007138021767824689 0.9999618684894951 0.1793770772565882
0.99784031105422 -0.06545323393648297 0.005530430660069897 22.691173567325905 0.06541261828779088 0.9978321001200998 0.0072309882675994485 1.179512438364157 -0.005991733035238979 -0.006853611445539346 0.9999585626936469 0.1799148761978942
0.9978567660066928 -0.06512369269181749 0.006385582091433477 22.978842706910637 0.06508135724368543 0.9978579492963627 0.006627702552515988 1.1989172781383142 -0.006803524658918497 -0.006197915132248168 0.999957648018429 0.1798136064096708
0.9978724160791904 -0.06479362288686683 0.007240533454460782 23.266511846495373 0.06475061812486063 0.9978832922392212 0.006024134580049497 1.2183221179124717 -0.007615533071239827 -0.0055424884469492935 0.9999556412307178 0.1797123366214474
0.9978919596713013 -0.06440606575270368 0.007968375044090767 23.553081356105285 0.06436329453852753 0.9979113067528195 0.005512681650952785 1.2379776968976006 -0.008306781731310295 -0.004988189761467541 0.9999530565624888 0.1798966417273449
0.9979219043765335 -0.06388519197865627 0.008399615237226862 23.8370823869419 0.06384284516752065 0.9979463285319455 0.005216802913193217 1.258218944112736 -0.008715641754868511 -0.004669706368643264 0.999951114503368 0.1807479830822841
0.997951400614236 -0.063364180941538 0.008830701677088356 24.12108341777852 0.06332251686183135 0.9979809839330742 0.004920700290972222 1.2784601913278717 -0.009124668584928655 -0.004351437311799549 0.9999489013866012 0.1815993244372234
0.9979804483844089 -0.06284303264134884 0.00926163436367484 24.405084448615135 0.06280230962145962 0.9980152729562053 0.004624373784289787 1.2987014385430071 -0.009533862221490325 -0.004033382590936408 0.999946417212188 0.1824506657921626
0.9980115699369092 -0.06243939502502871 0.008615496820161555 24.690237064199405 0.062402934246896094 0.998041169318882 0.004438099574029312 1.3170268798027691 -0.008875732867057047 -0.0038916422445872787 0.9999530371236485 0.1831223302260945
0.998042118101981 -0.06203715926852658 0.007957370558664682 24.97540241855301 0.06200478122741412 0.9980667887932086 0.004253306378411537 1.3353311285187774 -0.008205850428624092 -0.003751583678873436 0.9999592939740096 0.1837920070834666
0.9980720641380314 -0.06163502526402291 0.007299168800167611 25.26056777290661 0.06160651397938298 0.9980922211461113 0.0040687769961097004 1.353635377234785 -0.0075360228090268645 -0.003611256241149138 0.9999650829794148 0.1844616839408387
0.998104188449492 -0.061235732949085735 0.006181478262017195 25.550633349179577 0.06121095571557584 0.9981163419899757 0.00412109670575061 1.371958726224818 -0.006422193060111846 -0.003734909351054038 0.999972402539126 0.1850789022105571
0.9981359163926891 -0.06083752034551636 0.0048459768892482715 25.843022579072375 0.060816943766123774 0.9981397315737401 0.004286091696024073 1.3902911324415663 -0.0050977176020630685 -0.003983384150125522 0.9999790727157531 0.1856712449564527
0.9981657162644606 -0.060439026613329686 0.0035105376283870037 26.135411808965166 0.060423201055358755 0.9981629209739561 0.004451617733846697 1.4086235386583146 -0.0037731401552006526 -0.004231334099055739 0.999983929470012 0.1862635877023483
0.9981928128274064 -0.06004816484983193 0.0023076418586245096 26.42468712645717 0.06003701970696047 0.9981854194772722 0.004628552282222618 1.426803034261976 -0.0025813906109510734 -0.004481643637175743 0.9999866255528775 0.186623659065994
0.9982172267735164 -0.05967067419727417 0.0013327157735876182 26.708605773212092 0.059663614309612596 0.9982068791064356 0.00482461754304246 1.4447194872038398 -0.001618214449385913 -0.004736501637875886 0.9999874733792341 0.18658416834946
0.9982405594472632 -0.059292960660740135 0.0003578635836337207 26.99252441996702 0.05929042334519152 0.9982281465268049 0.005021049826662042 1.462635940145704 -0.0006549425994206582 -0.004990997685611386 0.9999873304078796 0.1865446776329259
0.9982626041775183 -0.05891924029773732 -0.0005442345676209461 27.27712629589392 0.05892128079959652 0.9982490164331965 0.005213811144138246 1.4805644569415002 0.00023608782731322358 -0.0052368196884300154 0.9999862598965218 0.186628556673181
0.9982806145365579 -0.058615321593099484 -0.00024146447956671467 27.573054009248576 0.05861577479097628 0.9982663359555705 0.005339759370442981 1.4986929553159485 -7.19458888111886e-05 -0.005344731893950268 0.9999857142286407 0.1887575266817488
0.9982984384586479 -0.05831143600274874 6.134391676858433e-05 27.868981722603237 0.05831023042658312 0.9982835487139881 0.00546561538302413 1.5168214536903966 -0.0003799465456691527 -0.005452738322504445 0.9999850615291973 0.1908864966903165
0.9983160759437882 -0.05800758352668531 0.0003641906213850962 28.164909435957895 0.05800464770641728 0.9983006547084494 0.005591379181881697 1.5349499520648444 -0.0006879141432608152 -0.005560838974092546 0.9999843017981914 0.1930154666988843
0.9983139353820877 -0.05802619616224377 0.0014978654465334666 28.45978093827904 0.05801730026930809 0.9983008512762599 0.005422158643283685 1.5516868268767214 -0.0018099479042380773 -0.005326114327800245 0.9999841781563515 0.1943174415153179
0.9983033615356541 -0.05815411422388648 0.0029141876583272408 28.75429314300522 0.05813859832196339 0.9982952206181183 0.005152765969900994 1.5679503048168737 -0.0032088745737685422 -0.0049745965482979925 0.9999824780779931 0.1953380924540753
0.9982907889973343 -0.05828159431161727 0.00433054172104198 29.04880534773139 0.058260333123728865 0.9982894779271204 0.004883550573271956 1.5842137827570255 -0.004607755572267776 -0.004622904539964603 0.9999786984269236 0.1963587433928327
0.9982763425385636 -0.05841770311072735 0.005631409275503675 29.343899815711826 0.05839455651266572 0.9982847841625193 0.0041907486082551305 1.6008915995704756 -0.0058665643140088436 -0.003854681241739592 0.9999753621020208 0.1964870707451262
0.9982605859176031 -0.05856442178996846 0.006782649416887302 29.639749177760606 0.05854554802237963 0.9982803800358875 0.0029487198027095913 1.6181065994457895 -0.006943676221208353 -0.002546496047968469 0.9999726499319627 0.1954585162617026
0.9982435645435863 -0.05870971751543368 0.007934072242795118 29.93559853980938 0.05869796046914178 0.9982743263884752 0.0017068658423588928 1.6353215993211034 -0.008020590368481652 -0.0012381532614029757 0.999967067960305 0.1944299617782789
0.9982245382841287 -0.05888728551313067 0.008947383616732967 30.231127421904887 0.05888736733724433 0.9982645992682716 0.0002545329385698074 1.6520712835014406 -0.008946845074013526 0.0002728073008524571 0.9999599389322948 0.1935953075469299
0.9981996608812567 -0.05930075536129479 0.008990994883658362 30.524407321872175 0.059326958487929134 0.9982350084512276 -0.002675974500473156 1.6655555943836946 -0.008816437601981671 0.0032045680731601044 0.9999559993801378 0.1941213568389121
0.9981745990255109 -0.05971434410232819 0.009035859987701157 30.817687221839456 0.05976641439156688 0.9981966357054151 -0.005606444335717327 1.6790399052659484 -0.00868477795134132 0.006136254211058348 0.9999434585967402 0.1946474061308942
0.998149352716891 -0.06012805173623066 0.009081978928861544 31.11096712180674 0.06020573504815732 0.998149481030834 -0.008536876567162453 1.6925242161482024 -0.008551866122092681 0.009067865714546942 0.9999223165821016 0.1951734554228764
0.9981331436597364 -0.060496370653788906 0.00839127313938354 31.40577348055023 0.06057781233668773 0.9981152022689967 -0.009816741847895247 1.709822299932373 -0.007781579510703199 0.010306740790694296 0.9999166055084848 0.196028182099382
0.9981181933980564 -0.06085500533036782 0.007532331898777907 31.700928626917317 0.06093383221914814 0.9980842403187443 -0.010719744888193208 1.727991810320476 -0.006865550865090734 0.011158546752160133 0.9999141717413111 0.1969580097911685
0.9981023267541617 -0.06121441502854425 0.006673715827544019 31.9960837732844 0.06128906821867577 0.9980523795960166 -0.011623054806022506 1.7461613207085789 -0.005949219034477098 0.012010024098661493 0.9999101789701484 0.197887837482955
0.9980858177503331 -0.0615772547227897 0.0057393856465098505 32.28988370623311 0.06164294988726815 0.9980252253089534 -0.012074550426813588 1.7648148436621809 -0.004984533678333224 0.012405230333153407 0.9999106283121553 0.199269622711992
0.998068485677451 -0.06194288605059823 0.004730088836782597 32.582346102460214 0.06199609024675585 0.9980032821147498 -0.012080171991862777 1.783946065973906 -0.0039723628733232715 0.012350086192390891 0.9999158442451302 0.2010974703799676
0.9980500015581419 -0.06230848918105682 0.003720792126969311 32.87480849868731 0.06234925240194446 0.9979812088242062 -0.012086157654015897 1.8030772882856312 -0.002960209958198025 0.01229457839428539 0.9999200370059371 0.2029253180479431
0.9980276468265822 -0.06271234197707119 0.0028244724979832074 33.16894869608612 0.06274176712673225 0.9979584412496808 -0.011933963444933667 1.8228490154123729 -0.0020702992430782687 0.012087637876813903 0.9999247985950475 0.2044291276055842
0.9979931440027334 -0.06327648724656713 0.0024016114175799555 33.470124218852675 0.06329940520614104 0.9979326575225389 -0.011117252980377345 1.8453064956838996 -0.0016931852275482477 0.011246962924095187 0.9999353173349548 0.204574186450573
0.9979581656516486 -0.06384029344476613 0.0019782899595784348 33.77129974161923 0.06385736774591788 0.9979058710975297 -0.010300778037182027 1.8677639759554263 -0.0013165420010866724 0.010406074019284851 0.9999449886179931 0.2047192452955618
0.9979227117733279 -0.06440376057166819 0.001554508123978653 34.07247526438579 0.06441565474606276 0.9978780819746531 -0.009484538615347917 1.8902214562269528 -0.0009403695636935373 0.009564971162383097 0.9999538124441621 0.2048643041405505
0.9978994116876354 -0.06475540239527898 0.001871084890654107 34.374555094833845 0.06476970007030954 0.9978596341236081 -0.009001970011417292 1.90977911908228 -0.0012841537465126597 0.009104250211291857 0.9999577308846648 0.2082599568308836
0.9978775035561275 -0.06507885412660833 0.00228676700814064 34.67675609802333 0.06509618006869664 0.9978422442736177 -0.008563966511169236 1.92894822079499 -0.0017244994188773696 0.008694649360856383 0.9999607138030301 0.2120911729645135
0.9978553061145056 -0.06540248445556239 0.0027023072256188046 34.97895710121282 0.06542247551534174 0.997824568746343 -0.008125827519861833 1.9481173225076995 -0.002164979156071402 0.00828519175867112 0.9999633335538584 0.2159223890981433
0.9978287777095121 -0.06577918366540879 0.0032904268707716175 35.2832954643842 0.06580214508137576 0.997804956937023 -0.007439296036717497 1.9699541553330997 -0.0027938531402087363 0.007639660931269289 0.9999669144166564 0.2176460864444111
0.9977985789993414 -0.06619613156711772 0.0040079361101458145 35.589238894821676 0.06622149512602322 0.9977833411811602 -0.006566068372363162 1.9937943417910176 -0.0035644031180905745 0.006817025461688168 0.9999704111300778 0.2177871260040006
0.9977676506757179 -0.06661370579991199 0.004725080749952807 35.89518232525915 0.06664020836154205 0.9977608303281403 -0.005692539544258357 2.0176345282489354 -0.004335299069391185 0.005994712381378747 0.9999726339094126 0.2179281655635902
0.9977362757328004 -0.0670333600217234 0.0053714233172247085 36.19992832651797 0.06705989676572134 0.997736808197279 -0.004922526954526865 2.0406338364884267 -0.005029293193442615 0.005271590845775173 0.9999734579145425 0.2184914256747415
0.9977051873043946 -0.06745750405529881 0.0058174378365169 36.50127322641222 0.06748379104670012 0.9977104584629489 -0.004447160237477158 2.0612447679394448 -0.005504124119031998 0.0048295377461850895 0.9999731897215711 0.2202539340752029
0.9976737061880556 -0.06788185328736263 0.006263250643859952 36.80261812630648 0.06790746763700409 0.9976837176865174 -0.003971604572065828 2.0818556993904624 -0.005979143206520261 0.004387687092374398 0.9999724986362337 0.2220164424756642
0.9976418323837832 -0.06830640771791485 0.006708861739253866 37.10396302620073 0.06833092653663325 0.9976565858679843 -0.0034958599582928756 2.102466630841481 -0.006454350455907404 0.003946038884343103 0.9999713846585304 0.2237789508761255
0.9976223244566031 -0.06851038099104918 0.0074848932237830176 37.40723268669313 0.06853698882838201 0.9976429241452377 -0.0033578661847583754 2.1257684930461136 -0.00723720197648124 0.003862874504535805 0.9999663499750465 0.223310316959877
0.9976028271565567 -0.06870272853910396 0.00827841615825669 37.71060435062736 0.06873146273850651 0.9976299422421608 -0.0032376271859099726 2.1492129621800857 -0.008036361902775863 0.0037988539392613528 0.9999604919997642 0.2227234427826047
0.9975826572957406 -0.06889514765889498 0.009071913527497536 38.01397601456159 0.0689258613314983 0.9976169142630884 -0.0031172346001167124 2.1726574313140574 -0.008835531998833045 0.003734988741636974 0.9999539905499201 0.2221365686053324
0.9975658754043248 -0.06901526150504068 0.009960716418768287 38.31766498667428 0.06904708554749643 0.9976092242073071 -0.00288682412741453 2.195496318517666 -0.009737667563691965 0.003567555961265948 0.9999462237189998 0.2240190190523614
0.9975505184888008 -0.06909469230441226 0.01090336043023695 38.62153325964123 0.06912678729725419 0.997604507787169 -0.0025942443545426156 2.217993010452405 -0.010697992861898873 0.0033416045800623738 0.9999371912991393 0.2272968070439443
0.9975342486866368 -0.06917436949046522 0.011845976547665404 38.92540153260819 0.06920624145674158 0.9975997176919876 -0.0023015904861320934 2.2404897023871446 -0.011658331707514038 0.0031157312033077123 0.9999271850777934 0.2305745950355273
0.9975188276269299 -0.06924604870027339 0.012695330812857486 39.22819611830482 0.06927385569772894 0.9975961216340683 -0.0017633009262949533 2.264013563962994 -0.012542711103216432 0.002638380712826067 0.9999178562683645 0.2320072829364626
0.9975063837509157 -0.06930140593174394 0.013353820616335397 39.52879322405486 0.0693171920235465 0.997594406679896 -0.0007223849343761155 2.2896396994043156 -0.013271634380904273 0.00164623385528227 0.9999105727294352 0.2296636659852055
0.9974934555334684 -0.06935746895576449 0.014012255823673575 39.82939032980489 0.06935982196253078 0.9975916546529279 0.000318559383252132 2.3152658348456376 -0.014000603934971562 0.0006541275141673682 0.9999017726936974 0.2273200490339484
0.9974802218297619 -0.06941441186590704 0.01465764234945232 40.130008331927165 0.0694021340492788 0.9975878578127954 0.0013452618934682208 2.3408250340738728 -0.014715666595168944 -0.00032460047181834587 0.9998916660273749 0.2249843116355162
0.9974767833171145 -0.06948146361227245 0.014573701479067851 40.43179914294144 0.0694659143896256 0.9975830884290776 0.0015710643467653769 2.362627438342624 -0.01464763798425304 -0.0005547246748877724 0.9998925637158386 0.2230908141393787
0.9974733347324256 -0.06954849789594686 0.014489745804260129 40.73358995395572 0.06952971194838864 0.9975782627189141 0.0017968613939265625 2.3844298426113752 -0.014579624461168457 -0.0007848534336779825 0.999893403592114 0.2211973166432412
0.9974698760756953 -0.06961551471693012 0.014405775325029374 41.03538076497 0.06959352672556776 0.997573380682305 0.0020226530349513844 2.406232246880126 -0.014511626025915388 -0.0010149867481885717 0.9998941856562011 0.2193038191471037
0.997475097392943 -0.06958531030534915 0.014188499998250816 41.33213630417753 0.06956907429568698 0.9975757959534095 0.0016352787284729044 2.427767078531686 -0.014267895574795762 -0.0006440687749634162 0.9998980009407409 0.2176620966931797
0.9974838444955956 -0.06951493592120954 0.013915888998315433 41.626802907093726 0.06950783953352073 0.9975809097491963 0.0009935415969508751 2.4491909048250298 -0.01395129119922727 -2.37779871295709e-05 0.9999026756855929 0.2161248258047561
0.9974925003196919 -0.06944474739521266 0.013643234988084712 41.92146951000991 0.06944641831563143 0.9975856205048854 0.0003518210666751052 2.4706147311183737 -0.01363472716468234 0.0005965351186047022 0.999906864824768 0.2145875549163324
0.9975006842076711 -0.06941009899883852 0.013214427614420423 42.21793915870991 0.06941144001997893 0.9975880522867969 0.0003576816346708612 2.4932509699363448 -0.013207381820716362 0.0005604451537383371 0.9999126216297485 0.2136504311512095
0.9975079811577885 -0.0694289689944878 0.012547550488808595 42.51715820319075 0.06941745970598243 0.9975867814363291 0.0013509902385111343 2.5177359703940785 -0.012611068427181526 -0.0004766036284990221 0.9999203636539011 0.2136284488558711
0.997514878520385 -0.06944719702366871 0.011880658982991475 42.81637724767158 0.06942412143010478 0.9975844785582876 0.002344293982139105 2.5422209708518113 -0.012014765747714946 -0.001513663163443354 0.9999266743680943 0.2136064665605327
0.9975190326215535 -0.0694895954332453 0.011268346624452256 43.11571959789306 0.06945685809759276 0.9975795918764373 0.0032714962025981436 2.5665168766967614 -0.011468407576284183 -0.002480715767000757 0.9999311584682208 0.2135181611073655
0.9974978331231346 -0.06979763361585885 0.011241122090639427 43.41638353271943 0.06976247738752657 0.9975575243245369 0.003490271064371566 2.588786076179068 -0.011457278602930719 -0.0026973292298636967 0.999930725185562 0.2127190074497766
0.997476538761628 -0.07010566424795522 0.011213830800436945 43.71704746754581 0.07006809746006923 0.9975353148182222 0.0037090376486021794 2.611055275661375 -0.011446216807054497 -0.002913946174087621 0.9999302440799585 0.2119198537921877
0.9974551495370341 -0.07041368732953408 0.011186472753844602 44.01771140237217 0.07037371831522037 0.9975129633574934 0.003927795955290378 2.6333244751436813 -0.011435222188655335 -0.0031305665996729393 0.99992971515141 0.2111207001345988
0.9974093575628273 -0.071041444944081 0.011299729476219827 44.772774733511945 0.07100682964367978 0.9974699096080977 0.0034361275316519735 2.689169772005273 -0.011515247714751107 -0.0026248673714013315 0.9999302521024813 0.2108788184489663
0.9973559994844046 -0.07176213532197265 0.011454364199539754 45.660050318381366 0.07173529286665581 0.9974199457759568 0.0027378549004928357 2.754784385335982 -0.011621285751582406 -0.001908933249728339 0.9999306483914338 0.2107990808681685
0.9973020973107916 -0.07248271447935914 0.011609509189131128 46.54732590325076 0.07246382963552597 0.9973689542950195 0.002039695419831668 2.820398998666689 -0.011726806746181383 -0.001192922694862138 0.9999305270292369 0.2107193432873708
