1.0 0.0 0.0 0.0 0.0 1.0 0.0 0.0 0.0 0.0 1.0 0.0
0.9999947991580654 -0.0027709388786903966 -0.0016503185042288755 0.6194624711726292 0.002766319316113626 0.9999922678922233 -0.0027949290108996356 0.0045742874377842 0.0016580503237642907 0.002790349165469042 0.999994732394741 0.0099572759227294
0.9999741903993251 -0.006414163439890652 -0.0032368215150957794 1.2830966368341097 0.006406945778942658 0.9999769769089594 -0.0022353236637240397 0.0162470354289064 0.003251084732809293 0.0022145278192621395 0.9999922631230137 0.0133860240039613
0.9999398095740224 -0.010168774543786912 -0.0041198509300138806 1.956798837902928 0.010160472440711119 0.9999463182617383 -0.00203108880808624 0.0284936270760586 0.004140283467282741 0.001989106895673188 0.9999894506904841 0.0143178794563646
0.9998843007827641 -0.014405082964522463 -0.004886548459768781 2.644255405536444 0.014400300516640036 0.999895797567336 -0.0010124735293856406 0.0389919878455674 0.004900624051577575 0.0009419885362756033 0.9999875481783165 0.0161468533790695
0.9998111825714326 -0.018758185840427894 -0.005072396006888957 3.3274680299610835 0.01875249482840301 0.9998234749886582 -0.0011672026101541373 0.0554674948834963 0.005093395231616221 0.0010718620239577523 0.999986454109881 0.0209689235261931
0.9997203474638457 -0.022968714542207346 -0.005627103081478027 4.026060735948082 0.022964658017639295 0.9997359693568857 -0.0007844533136087583 0.079773365727405 0.005643635259640891 0.0006550092724147987 0.9999838600206407 0.0294729412778904
0.9996056917899871 -0.027382343549560897 -0.0062182446541475265 4.741939290973489 0.027390257235601834 0.999624106160867 0.0011910629080306978 0.1065355374160031 0.0061832930880376955 -0.0013609129351821508 0.9999799571588426 0.0376274597222304
0.9994747348688255 -0.03184408193704259 -0.0060172372602026 5.473574339912253 0.031864940965660254 0.9994863897173639 0.003403040348063235 0.132578260059341 0.005905779873449388 -0.0035929920598961745 0.9999761057628428 0.0426094502269711
0.9993404887194628 -0.03603030609573667 -0.004516924955560365 6.218933924570733 0.036050262900094734 0.9993402134265711 0.004417503251877675 0.1626580272164592 0.004354780504307429 -0.004577426437837944 0.9999800412969769 0.0482158928380828
0.9991994232687123 -0.03995169784363159 -0.00209098758885853 6.972369703326952 0.039959806979195045 0.9991933133589058 0.00399176638130315 0.1968768451261103 0.0019298227563879122 -0.004072126234363299 0.9999898467208533 0.0564715763146525
0.9990631146784953 -0.04327509366375279 -0.0003982221910543705 7.729789613493681 0.043276113112752146 0.9990584497631299 0.0030645409918081176 0.2321465485093687 0.00026522890548957097 -0.0030789033813377826 0.9999952249909289 0.063032470554838
0.9989619303541206 -0.04555063362074525 -0.0004483926633767262 8.484952427426292 0.045551826399609925 0.9989569767731178 0.003160576215230666 0.2772761125358849 0.0003039587007109642 -0.0031777204252599034 0.9999949048369828 0.067366575532897
0.9988693441272528 -0.047531375399106464 -0.0008950591527848298 9.260338612450427 0.04753375542079311 0.9988655434950876 0.0028578886123096716 0.3188563046952821 0.0007582043352476675 -0.0028972028567852887 0.9999955156596825 0.0696705815536676
0.9987927386446824 -0.049115025480930025 -0.0008828118333853936 10.04758784665927 0.04911566333617064 0.9987928408110235 0.0007159705134574117 0.3568651815837599 0.000846581226766813 -0.0007584660412910705 0.9999993540144977 0.0767814893440473
0.9987099071051893 -0.05077907820678473 -8.162749187390848e-05 10.831104558457792 0.050779130251200906 0.9987095249079191 0.0008745203046005567 0.4041039305696715 3.711481863001654e-05 -0.0008775370652151033 0.9999996142755198 0.0783520893237364
0.9986304621273799 -0.05231809172511203 -0.00013045585543789643 11.633324153535028 0.05231786442021213 0.9986295416481893 -0.001370853390544797 0.44538674018553 0.00020199751423353361 0.0013621507819730062 0.9999990518705479 0.0861124883148082
0.9985424808446834 -0.053946465415277034 -0.0016408073704104796 12.435939917408987 0.05394507879294447 0.9985435178851826 -0.0008779493124772702 0.4931768038300785 0.0016857798348206352 0.0007881561841315316 0.999998268476252 0.0915947202384011
0.9984558579307673 -0.05541255582148494 -0.003917544161370631 13.245529739535094 0.05541347792959908 0.9984634840769724 0.00012714588440150993 0.542722757770282 0.0039044793086030036 -0.00034403438912464625 0.9999923183081737 0.0977382767706498
0.9983668480348101 -0.056857936070384724 -0.005550556806263149 14.06353588003926 0.0568761736715796 0.9983761583671651 0.0031849836072315313 0.5974422892983674 0.005360451802210891 -0.00349547677921936 0.999979523369762 0.1049008892017016
0.9982851632219182 -0.05822543497652683 -0.006044053508606496 14.893798782124518 0.05825839430804814 0.9982867786192844 0.005428268377896958 0.650876989249208 0.005717635321410114 -0.005771076739113596 0.9999670011054279 0.1106089252710244
0.9982060411463375 -0.05965483263648537 -0.005098939688876263 15.727211965435622 0.05968394371225766 0.9982006965014139 0.005761526483648808 0.703998064687315 0.004746062135069053 -0.006055515467955469 0.9999704023656016 0.1175395594339279
0.9981314826380685 -0.060992742146630134 -0.003664406773157213 16.56683907693939 0.0610126540823645 0.9981213230067577 0.005592825853835244 0.7608056703075373 0.003316400667923489 -0.005805950795544604 0.9999776459557784 0.1264677751422716
0.9980627884221228 -0.062152717174798436 -0.0027766407111617293 17.41673227751494 0.06216738447856178 0.9980502961164819 0.005551787570836749 0.817575899324076 0.0024261683667960126 -0.005713649090251912 0.9999807337730754 0.1382216491491117
0.9979817201359783 -0.06343698856681936 -0.002869475118178017 18.267467346204956 0.06345163315359016 0.9979706368059907 0.005338300278605718 0.8736954145060984 0.002525006143126948 -0.005509599014045924 0.9999816341587369 0.1481376609425644
0.9978947748851574 -0.0647615761807329 -0.0034577523447956115 19.114578601263776 0.06477775827048655 0.9978882037279785 0.004793165589122725 0.9308244392956992 0.0031400372834124337 -0.0050070603652711855 0.9999825346017662 0.1543925768267117
0.9978338758693858 -0.0657083544412519 -0.0031571119229087245 19.96821494014679 0.06572155236166087 0.9978288385379818 0.004276162585263655 0.9857119866662952 0.0028692776520285227 -0.004474390227165134 0.9999858734359877 0.1637794359368082
0.9977861909889837 -0.06649164576224119 -0.001255406512152302 20.830245367852807 0.06649709632861826 0.9977742730072969 0.004963287566268642 1.043840770052591 0.0009225950057218883 -0.005035780717192552 0.9999868947735114 0.1719964322019385
0.9977957315891568 -0.06634018981349026 0.0016294389046354234 21.70089647178235 0.06632826646335992 0.9977765499485073 0.0065203723159113 1.1089030185888762 -0.0020583788765380718 -0.006397921747150697 0.9999774145707073 0.1755468916774243
0.9978335337788552 -0.0655843263919498 0.005189811366101844 22.576609489854523 0.06554468813497988 0.9978216647512318 0.007471167885800965 1.171784471539438 -0.005668497824798892 -0.007114817215065596 0.9999586228899953 0.179955206835655
0.9978827668831619 -0.06456508171188224 0.007831586325632425 23.46542529968745 0.06452222846148925 0.9979005199815302 0.005606622735304793 1.231739906465281 -0.008177136124661848 -0.0050894408013670445 0.9999536149423744 0.179642311997643
0.9979741305281995 -0.06295708120018544 0.009167351512040178 24.342939802917844 0.0629161301801842 0.9980078012014455 0.004689234605711015 1.2942722816031529 -0.009444308875834247 -0.004102960490979839 0.9999469839620871 0.1822643766554144
0.9980682318698703 -0.06168693618767206 0.007384148763799835 25.22375211446708 0.06165793783569085 0.9980889482765325 0.004092585433319566 1.3512722466565696 -0.0076224963783484275 -0.003629388027892752 0.9999643619034934 0.1843752267535631
0.9981645790029224 -0.06045472752729215 0.003563135811551257 26.123895384155382 0.060438704427540145 0.9981620113929623 0.004445088062380794 1.407901474518486 -0.0038253136251989155 -0.004221577947017775 0.9999837724818111 0.1862402569158578
0.9982417051607227 -0.05927394511696441 0.0003088029538594343 27.00681354223258 0.05927164697299329 0.9982292117981875 0.00503094561595945 1.463537643466629 -0.0006064603054430183 -0.005003796453991297 0.9999872970250275 0.1865426901351572
0.9983009197048902 -0.05826888136439673 0.00010375340233793659 27.9104245533575 0.05826743778195849 0.998285950730706 0.005483233371469091 1.519360236832551 -0.0004230774778148012 -0.005467871470897507 0.9999849615785941 0.19118464566307
0.9983006497322688 -0.05818344271369325 0.003239605357690743 28.82196006094011 0.058166529379038885 0.9982939110946811 0.005090895542550777 1.5716869901204094 -0.003530284533661397 -0.004893807455359585 0.9999817936789639 0.1955725964990852
0.9982552855023342 -0.05861099480067984 0.007150480176447849 29.734265604148177 0.05859408550036159 0.998278625359579 0.0025519597059269704 1.6236063587057366 -0.007287744689230549 -0.0021285305821247846 0.9999711785952207 0.1951299189869108
0.9981894281072554 -0.05946997752069934 0.009009201692445354 30.64441463323734 0.059506795960843406 0.9982203682245919 -0.0038750990878929042 1.6710732445696497 -0.008762715099910263 0.004404194836057248 0.999951907501672 0.194336611144384
0.9981257994330851 -0.060675198735546554 0.007962701633760819 31.553028126877784 0.06075553074434445 0.9980998675151111 -0.010267217040221004 1.7188871760122135 -0.007324605305365221 0.010731752894095047 0.9999155861622285 0.1964920786283258
0.9980757552024173 -0.061792476576950854 0.005145291888643732 32.46203334427488 0.061850813236802187 0.9980123248254607 -0.012077815318179284 1.7760758913686447 -0.00438874607132591 0.012372815338507665 0.9999138224008024 0.2003455330460958
0.9980042941642923 -0.0630950595676221 0.0025376804158704857 33.37324719074177 0.06311999825965764 0.9979410605863629 -0.011379932839721706 1.8380827547650491 -0.0018144374984251012 0.011517400309704355 0.9999320263011291 0.2045275263844606
0.9979044518888431 -0.06468040409701316 0.0017746481957710081 34.30446033260608 0.06469394748867742 0.997863626839823 -0.00910354446301303 1.9053328941773624 -0.0011820358302178312 0.009199276564213607 0.9999569871172175 0.207371315889604
0.9978330136636866 -0.0657199312308106 0.003188344517553301 35.23978053445327 0.06574244837924592 0.9978079586784947 -0.007563472444201341 1.9665633191848175 -0.002684284419966107 0.007756692164159438 0.999966313589437 0.2176260261131784
0.9977378975327037 -0.06701109117028237 0.005347994660496815 36.184102773788304 0.06703762934292123 0.9977381811834609 -0.004947486286592925 2.0395514243334505 -0.005004361977485723 0.005294811483237404 0.9999734603115172 0.2183988650585248
0.997640639130643 -0.06832220472970664 0.0067254341906548745 37.11517279271758 0.06834667463748852 0.9976555690443136 -0.003478159029979357 2.103233339451256 -0.006472031379563998 0.003929613863039911 0.9999713350613281 0.2238445146459458
0.9975800493492055 -0.068919573584387 0.009172618148790222 38.0524783263957 0.06895052797699089 0.9976152575266027 -0.0031019440327686556 2.175632878162571 -0.008936959127770731 0.0037268944222368632 0.9999531194051113 0.2220620856681731
0.9975306038565181 -0.06919166244366516 0.012050171986959091 38.99122857642379 0.06922342099965671 0.9975986703038706 -0.0022381830567170273 2.245363165191388 -0.011866371886035088 0.0030668104885996517 0.9999248891010981 0.2312846628936602
0.9974893981140851 -0.06937478485072915 0.014213953715417385 39.92147697051606 0.06937274011674952 0.9975906040663434 0.0006374539011730335 2.323116292092432 -0.014223929907129002 0.0003502080770478223 0.9998987733942604 0.2266020919810469
0.9974719660970512 -0.06957504275162904 0.014456490120270145 40.85311760558282 0.06955498445073399 0.9975763358698498 0.0018862893643985215 2.3930649305165037 -0.014552691110122208 -0.0008759997814390967 0.9998937202516524 0.2204473756217951
0.9974880606947586 -0.06948081674981713 0.01378344537622296 41.7699451080727 0.06947802581862528 0.9975832484642901 0.0006818065744126519 2.459598102718076 -0.01379750669532102 0.00027755294414954145 0.9999047713238288 0.2153780552637713
0.9975119993469351 -0.06943953750217455 0.012163761291243583 42.68935647167753 0.06942121505194793 0.9975855822102889 0.0019226295292871266 2.5318269006356178 -0.012267899493289724 -0.0010734221349424171 0.9999241702567481 0.2136157982132584
0.9974836785094212 -0.07000253885960296 0.011222975142946862 43.61638755063456 0.06996577818014639 0.9975427661930572 0.0036357972412579503 2.6035997230994643 -0.011449912728749404 -0.002841424139892608 0.9999304104755615 0.2121874041414461
0.9974119277707145 -0.0709274923899484 0.011778547646155458 44.54443185907045 0.07089934840594249 0.997479569834492 0.0027905657042268965 2.6718261643778187 -0.011946788563949916 -0.0019482516805169594 0.9999267365532629 0.2094244739015512
0.997333307435097 -0.07182688025897588 0.0129295088659024 45.46760986688909 0.07181018518161442 0.99741677780455 0.0017514949875804561 2.738628845066754 -0.013021913508887801 -0.0008183536961568515 0.9999148763946679 0.2069809026599015
0.9972791626735364 -0.07257202396152655 0.01294494820650333 46.37890883432867 0.0725482736447391 0.9973622596523388 0.0022955832348096807 2.8055378000885653 -0.013077397948731691 -0.0013502034467076408 0.9999135755507187 0.2085189187443429
0.9972679232481131 -0.07314262775476568 0.01033625096216494 47.281014474601776 0.07311637288835252 0.9973192076421765 0.0028960381331943966 2.8756114610858687 -0.010520365700699995 -0.002132375751434724 0.9999423857041627 0.2123330014085069
0.9972416193046738 -0.07392721932079353 0.006627096137099383 48.190475363018365 0.07389750770884403 0.997255131598447 0.00462171947280203 2.948614403496371 -0.006950576532662983 -0.004119245071518524 0.9999673601169172 0.2089825620814216
0.997212318498171 -0.0743866609757353 0.005849409984006833 49.10164846056866 0.0743563440116022 0.9972179664493585 0.005240285340542039 3.023411435629193 -0.006222944119004303 -0.004790736279847636 0.9999691614256674 0.2116958417996821
0.9971664299982886 -0.07478446561177474 0.008148180376545036 50.02058128762808 0.0747441486982105 0.9971894681930757 0.005145389216656076 3.0932723976315 -0.00851007495074102 -0.004521780398511679 0.9999535649707828 0.2096373783147653
0.9971440416289372 -0.07460500334762112 0.01174110553279509 50.92243399304382 0.07457745084047558 0.9972113830966136 0.0027678678033881653 3.1587078588628814 -0.011914860879055052 -0.0018843411426882723 0.9999272400252968 0.2145482419499987
0.9970870811885542 -0.07515982266748436 0.01297509941651644 51.829253146907135 0.07514651180667256 0.9971713584174191 0.001511074978072196 3.2259836140129408 -0.013051969643153635 -0.0005316398141948598 0.999914678078311 0.2126699381921639
0.997083929551875 -0.07529563896094622 0.012417826265868057 52.7335676885349 0.07531688293983081 0.9971588636647527 -0.0012514115790458887 3.2919288660180768 -0.012288319654626054 0.00218303462528284 0.9999221127230441 0.2143118145226642
0.9970713013072313 -0.075596716209156 0.011573876170619325 53.62925139566007 0.07564546357956514 0.9971274089853525 -0.0038330314360227728 3.355884117551176 -0.011250864458039921 0.004697317165061638 0.9999256738426532 0.2208017917341367
0.9970154156971311 -0.07623717384634335 0.012171820671722289 54.52618742527567 0.07630572882669137 0.9970705390310375 -0.005270198736541196 3.4244757002760404 -0.011734378669941738 0.006183249179648418 0.9999120320099613 0.2183501454216603
0.9969094147366099 -0.07712238515316339 0.014958289639233017 55.425410485623594 0.07722773187212334 0.9969916509306849 -0.006596929402773252 3.497119918852617 -0.014404518406787706 0.0077317369293629125 0.9998663559847522 0.2152389344777131
0.9967693079029568 -0.07788985646402191 0.019598507780733913 56.31489811334989 0.07807226944417897 0.9969095582386585 -0.008720007852870817 3.5675725784018764 -0.01885873779055589 0.010221939793046898 0.9997699029509225 0.2153757213560793
0.9966411448648957 -0.07851353099120496 0.02328198298261892 57.20001068669318 0.07875696107367162 0.9968463744554015 -0.009728510872687392 3.638390771929927 -0.02244474020232869 0.011529453267736687 0.9996816018375227 0.208699692638731
0.9965599303812395 -0.07952300576164498 0.02333222505109989 58.08297408027977 0.07977042756819733 0.9967643849494982 -0.009870969125617895 3.712921606020561 -0.022471761319237487 0.0116982349320441 0.9996790339257189 0.2004243234235843
0.9965392336306378 -0.08088453893371864 0.01916313681305897 58.954224714446326 0.08108437759706907 0.9966581595930675 -0.009890196017552425 3.7884772813466943 -0.018299130053972074 0.011409804075856948 0.9997674513472206 0.195716574650577
0.9965494294409939 -0.0819559218564476 0.013131902085536357 59.81034464055505 0.08207163286333777 0.9965899367908049 -0.008528214228122897 3.863781770017184 -0.012388182226208848 0.00957654590314875 0.9998774035787462 0.1932726285453767
0.9965273872076966 -0.08272758012704286 0.009449793924425614 60.6600829740189 0.08277505513986914 0.9965569395836652 -0.004747748876865341 3.944591291046516 -0.009024486992734403 0.005513470697288136 0.9999440784498763 0.1948051037120562
0.9964550582448729 -0.08356732062731327 0.009685794492570374 61.50841053261426 0.08356191809750645 0.9965021202005474 0.0009618432160998966 4.03098785396452 -0.009732293442252501 -0.00014906937496670454 0.9999526289645435 0.1896137519438836
0.9963841720984672 -0.08418044387886064 0.01149927745465953 62.34354427860872 0.0841376158149846 0.9964454616966448 0.004159616493439521 4.106059645159365 -0.011808561241374872 -0.003177054100961167 0.999925229297849 0.1918250444370125
0.9962522917743911 -0.08554687057987695 0.012771215518017976 63.166392584139714 0.08548811222767144 0.9963262450702167 0.005078969579763488 4.185961335991969 -0.013158787161700406 -0.003968147960055752 0.99990554559874 0.1929375714835287
0.9961799899749623 -0.08637875779404403 0.01281162600676758 63.975755244030786 0.08631242023319285 0.9962521294832296 0.005644519411629671 4.260720562789563 -0.01325117626734036 -0.0045171548409837755 0.9999019960172609 0.1962490696742385
0.9960423558801471 -0.08787232193344009 0.01334463863987792 64.77250207725353 0.0877772432337066 0.9961115009640216 0.0075519721778320855 4.335145747667938 -0.01395635742927815 -0.006350728423567272 0.9998824372432825 0.1966288225472379
0.9959233296590682 -0.08912390522482228 0.013915828521550728 65.56285768897627 0.08901306328782704 0.9959951014884295 0.00839236034857812 4.412296024447091 -0.014608057026230671 -0.00711945683180843 0.9998679502726745 0.1966103660056477
0.9958032487670573 -0.09037220021004752 0.014448336585765402 66.3432662671243 0.09025781637245411 0.9958831489508968 0.008383286313530814 4.486875468823456 -0.015146471027167813 -0.0070440283171894005 0.9998604732940252 0.1972199593717019
0.9956653715079147 -0.09173870332139084 0.015312636094946382 67.10318710723695 0.0916153880170586 0.9957575821010554 0.008570701794389912 4.559203225420515 -0.01603393868487142 -0.007130677644824293 0.9998460212424718 0.197313188235616
0.9955320500482903 -0.09285339179632172 0.017151608549737418 67.85506407946008 0.09268250118547598 0.9956402924181613 0.010504997914929533 4.636194701865618 -0.01805225797314269 -0.008868406796443525 0.9997977130466131 0.1948863767524726
0.995361985063737 -0.09407343946867389 0.020117100595435228 68.59955018039761 0.09384714459318078 0.9955153272896028 0.011913770965445386 4.712073911676562 -0.021147652388379443 -0.009970580396557622 0.9997266445374463 0.1874785055524066
0.9951623835700466 -0.09555399092796914 0.022830984710889585 69.33235182072889 0.09525283567670363 0.995355561343045 0.013935313684524374 4.788181388133721 -0.024056523869382635 -0.011693181332588226 0.9996422121615463 0.1827971614791031
0.9950276361744843 -0.09699136823979758 0.022642251675439484 70.04338236604606 0.09665986580772211 0.9951997822657442 0.015305481337623555 4.865796480917428 -0.024018064368202294 -0.013040778501116278 0.9996264653440335 0.1837923245582431
0.9949933379154992 -0.09828294087759837 0.01812967042666623 70.732050414776 0.09800948343280796 0.9950662536221974 0.015403132753697734 4.943051632240415 -0.019554093550026158 -0.013549128158091854 0.9997169882080291 0.1826247152850311
0.9949841613908131 -0.09935019568656499 0.011663590783949502 71.40105626825168 0.09916057115979283 0.9949452743837621 0.0158450030552624 5.016024562749663 -0.013178841382983997 -0.01460895655407514 0.9998064291848677 0.1786644735025393
0.9949628490998788 -0.09997015356756951 0.007408961425210917 72.05255688187573 0.09983809208885393 0.9948676908954162 0.016450784063460018 5.082909550953707 -0.009015524487306217 -0.015628222033284386 0.9998372261752091 0.1782492264185605
0.9949071144483222 -0.10057684810705109 0.006642635783394668 72.70604199034884 0.1004363699221692 0.9947643555115475 0.018878712343764287 5.154984928324315 -0.008506619901985063 -0.018115402500429985 0.9997997146174661 0.1750244194910455
0.9948078421954372 -0.1013664609240143 0.009066175893047507 73.33581742652161 0.10115564034263974 0.9946428312867217 0.02128784552873798 5.232111769172195 -0.011175480860075245 -0.02026022063367468 0.9997322801510418 0.1766286526819511
0.9946630628460711 -0.10258846453998774 0.010999845399183427 73.94563517855295 0.10234503810085019 0.9945317422762174 0.02078713505533323 5.294979572297059 -0.013072216017714047 -0.019550415622201507 0.9997234109124751 0.1805145942114117
0.9946436444673545 -0.10296175985848505 0.009104739277984417 74.53623289217488 0.10278391173006954 0.9945368113341919 0.01822081599352777 5.35259538822343 -0.010931045692965033 -0.017187398082559792 0.9997925312671214 0.1857844803383489
0.9946589249422271 -0.10306598337065936 0.005568971821078403 75.09979239478558 0.10299776868594185 0.9946163091939494 0.011394927497048315 5.403124263094943 -0.006713420962684729 -0.010760473910787494 0.9999195677601184 0.1932539511949622
0.9947738676916655 -0.1020872262878571 0.0017713116764180963 75.65045188711758 0.10207309095076689 0.994753783741329 0.006780925095762798 5.457361673257271 -0.002454265666065579 -0.006564683560517786 0.9999754404231351 0.1979150593931414
0.9950292935080255 -0.0995820281867922 0.00034102225482260433 76.19410732293186 0.0995753336690511 0.9949921364746778 0.008682902067498314 5.5111137051002705 -0.0012039761918323788 -0.008605784439640095 0.9999622447130194 0.2042977731019001
0.995371762250366 -0.09608564117337948 0.0016079519584770896 76.7304797881682 0.09605775589517987 0.9952950289800532 0.012676495578122256 5.5761337198326695 -0.0028184182766656973 -0.012463369049365432 0.99991835697511 0.2025110000268909
0.995765271881524 -0.09181723483869815 0.004593488877635084 77.25318073136688 0.09175101062223014 0.9956971773084284 0.012994779341764386 5.6251983976641835 -0.005766871187482581 -0.012518291693241809 0.9999050130654676 0.2024022585420713
0.9961738445900292 -0.08698873957011229 0.008402592799631882 77.76470848934018 0.08689864060337178 0.9961612649869077 0.010551461287804645 5.665015589378685 -0.009288198912559293 -0.00978091314884239 0.9999090270907226 0.2049646453499133
0.9966721398684169 -0.08060269065325204 0.012157770545415815 78.26136231659542 0.08052360199187994 0.9967290691752826 0.006860932215580915 5.696650834093463 -0.01267101603787681 -0.0058591064224542905 0.9999025527715231 0.2109157911746786
0.9973058900391786 -0.07195571989546255 0.014258194498763064 78.74216192412749 0.07187897793633598 0.9973963366852376 0.0058242151413720085 5.7260837113723655 -0.014640159386651162 -0.004783651901110086 0.9998813832892298 0.2209658975621532
0.9980623087055993 -0.06049751230313449 0.014547243441491305 79.21002671263378 0.0603676931159179 0.9981337485382531 0.009203645526412504 5.759922471333502 -0.015076900028728699 -0.008307615075675161 0.9998518221640758 0.2286814567336589
0.998838566414762 -0.04593242908075335 0.014549488400933522 79.66776994703119 0.0457272945806123 0.9988539851634288 0.014131129832662613 5.7864488483807195 -0.015181903185214958 -0.013449396222553126 0.9997942868478716 0.2270556820871508
0.9994818444054676 -0.028417349030561614 0.015115303886768263 80.11574848931843 0.028155504686800076 0.9994544786757296 0.01726229263704764 5.795613274069603 -0.015597618194637657 -0.016827758773251097 0.9997367295240176 0.2201398055989669
0.9998403218631785 -0.007113573315596221 0.016392677025927786 80.5490032581764 0.006855786362905736 0.9998527957022637 0.01572824697249529 5.793315099867079 -0.01650215073070595 -0.015613347948638336 0.999741911430631 0.2168889444197191
0.9996937767050575 0.01699158040369358 0.017989564955293053 80.97770840681804 -0.01722881681001062 0.9997655452445385 0.013115306384229714 5.766239614105467 -0.017762492033016858 -0.013421236366666724 0.9997521455351593 0.2170917370309074
0.9988055717837557 0.044654172767399906 0.01983431668542228 81.39560928895028 -0.04488484576159552 0.9989277780611855 0.011340805073610119 5.737336662690437 -0.01930662800377634 -0.012217532206589056 0.9997389551676543 0.2183094256197997
0.9969478398781958 0.07501526451089417 0.021626366675549426 81.80810492413444 -0.07526769630516637 0.9971015339389537 0.011103636507049625 5.696088167187171 -0.02073073896748445 -0.01269751712454139 0.9997044603663267 0.2164904079984805
0.9937370016430978 0.10931372943624908 0.023172806709407644 82.2102589427446 -0.10959062671624532 0.9939154332129138 0.011032388025032171 5.634545923461171 -0.021825786354530616 -0.013502874002701292 0.9996705915471996 0.217141524174224
0.9888651718105448 0.14684383970801143 0.024112616831711554 82.61133490722008 -0.1471482118852083 0.9890485961933749 0.011364702538761281 5.555217120481106 -0.022179614280932392 -0.014786462207591314 0.9996446312809656 0.214597503032458
0.9819425994743326 0.18756068184366836 0.02463146421210486 82.99406289392253 -0.18787617327779477 0.9821277270972112 0.0111664289633706 5.461965166647026 -0.022096649460631453 -0.015592826800813897 0.9996342034967911 0.2109596821761064
0.9725077618378963 0.2315754317830378 0.024388285000593004 83.3651275735978 -0.23191915457569556 0.9726536315868914 0.012319498868579973 5.355407343901336 -0.020868032769409742 -0.017637565194151206 0.999626605648323 0.2100625785964679
0.9598733875481463 0.2794430276135156 0.02326213539221313 83.72869808501036 -0.2797866584508243 0.9599663188052303 0.013060499040714938 5.237546566222646 -0.018680427664683374 -0.01904587095574006 0.9996440247608432 0.2085260423559458
0.9436839096403118 0.33007324895976353 0.022116415601148274 84.07251974986372 -0.3304060199109926 0.9437299383027795 0.013508935780906603 5.098763393710603 -0.016411810517840405 -0.020056910542301284 0.9996640608034919 0.206071640294148
0.9238524363886446 0.3821054522706757 0.021377178102525624 84.40691009136853 -0.3824330795100035 0.9238569968706318 0.01407393877256824 4.940015331766863 -0.014370111172153902 -0.02117922097483848 0.9996723410218756 0.2039105374333179
0.8999619222482828 0.43542646334217927 0.020505486881361952 84.72773996318341 -0.4357426795124957 0.8999220782008084 0.014720435831835575 4.772081621574715 -0.012041479235972765 -0.022184882265419675 0.9996812834888357 0.197845300360055
0.8718786304001663 0.48927705839415625 0.01922426505045624 85.027665682231 -0.48955675005041044 0.87181717733869 0.014245156602854948 4.592340210296485 -0.009787784103092945 -0.021833372064829937 0.999713636766775 0.1923853777646959
0.8406013296330421 0.5412794997532292 0.018315871037876796 85.31166390307594 -0.5415223562432135 0.840548394191763 0.01270726896858528 4.381110622483188 -0.008515026352297096 -0.0206019451202014 0.999751441283253 0.1952375405111387
0.8069360754375425 0.5902762821488442 0.01877348257494302 85.57953403272326 -0.5905190461715634 0.8068888144379269 0.011918115874373974 4.13770074144623 -0.008111043341068394 -0.020704977901606275 0.9997526784020523 0.2016964462501895
0.7702437163551246 0.637368219182717 0.020373829866823866 85.83962933530734 -0.637630950719055 0.7702231207264341 0.010575015190395587 3.8941821888107215 -0.008950444274136072 -0.02113796198820895 0.999736462450289 0.2090911726267065
0.7311476906140506 0.6817950779793296 0.022828562029030573 86.08736473133021 -0.682100698254027 0.7311573122155246 0.009499546313021981 3.643618247086349 -0.010213179843829518 -0.022518338791841203 0.9996942283081759 0.2067534213360893
0.6899010899714915 0.7235152971993103 0.023042039725721913 86.31059085117191 -0.7238175401030306 0.6899151559160915 0.00860711973258822 3.3749937770044984 -0.009668997638112126 -0.022616997800040534 0.9996974299690208 0.1996946952647191
0.647273911202756 0.7619816352260279 0.020334114956096435 86.51765035971705 -0.7622123491028839 0.6472843098703943 0.006954283096651492 3.088748344585035 -0.007862793895463467 -0.020000368911437107 0.9997690518992011 0.1956024896854646
0.6039555180774038 0.7968038339190769 0.01705903206459118 86.71113083684672 -0.7969579889841801 0.6039764212992431 0.004480748457869823 2.7900737252234524 -0.006732318873336429 -0.016302256417783732 0.9998444341657683 0.2046831742328485
0.5609703011601268 0.8275844455783751 0.018165668704931335 86.88677212550873 -0.8277584410784148 0.560989787721093 0.004484416758581575 2.499098300300141 -0.006478372187230362 -0.017553694966179888 0.9998249167052733 0.2163336971143792
0.5179171594330809 0.8551156972272481 0.020473708276622007 87.05636636518737 -0.8553443883779784 0.5179069737171442 0.006209164580091433 2.1908091600532837 -0.00529203602983123 -0.02072970839249435 0.9997710821299429 0.2218086495746674
0.47531879503558083 0.8794656511476079 0.02165991059762458 87.21529364224045 -0.8797266518690695 0.4752601732691728 0.008106164396030149 1.879476004692004 -0.003162477955658492 -0.02290983111008308 0.9997324969381478 0.2202412122266206
0.4347541921487186 0.9002878225302096 0.018008537334646083 87.34769928825631 -0.9004674902911336 0.4346865432844016 0.007718089687059227 1.560893486288279 -0.0008773493641806573 -0.019573108681147297 0.9998080185603795 0.205976927252749
0.3963941555866176 0.9179481588035736 0.009458394426844272 87.45957131395492 -0.9179962425552095 0.39638504514362605 0.0028986867827393878 1.233142973014374 -0.001087258258887126 -0.009832674085754523 0.999951060779094 0.2014156383094401
0.36066525232147084 0.9326234670947936 0.0025186806544461515 87.56572471260661 -0.9326194552876944 0.36067183804587977 -0.0030128948181823204 0.8979006258756267 -0.0037184334116450316 -0.0012627511186584085 0.9999922885564132 0.2106493654840111
0.3279961563925111 0.9446234074970155 0.0013390392035403434 87.66836001238737 -0.9446115517541984 0.3279987620945669 -0.0047415591534262 0.5577750392131555 -0.004918466202633944 0.0002899989786281391 0.9999878612883325 0.2286390753686864
0.29771290983389376 0.9545834713167802 0.006015320148322602 87.7697201241534 -0.9545989634047358 0.2977228875435073 -0.0008168274629406723 0.2163448321206559 -0.002570380182973833 -0.00549949354995579 0.9999815728602776 0.2463812351482503
0.26941285151251426 0.9628987086776538 0.01305095877315118 87.86957414904758 -0.9629859279875338 0.269366183521361 0.005243310248592931 -0.1295065841891573 0.0015340130312914415 -0.013980938140243645 0.9999010802880401 0.2513743414734356
0.2435179899109301 0.9697398705088196 0.01578507617129914 87.95602734169121 -0.9698546630989093 0.2433958964509797 0.009271341329699367 -0.4839555045781543 0.005149519346208942 -0.017567266443261096 0.999832416732034 0.2463174238459445
0.21922174189469312 0.9755710734529408 0.012808231316250756 88.0317782284511 -0.9756239203113417 0.2190908049618483 0.010877547883271972 -0.8403187458348225 0.0078061683240067525 -0.014880711458150607 0.9998588005990605 0.2435202048226081
0.19715372562057032 0.9803400124321021 0.006312327572585935 88.09686752286908 -0.9803015554510134 0.197067313882879 0.012219188782409622 -1.219938077282252 0.010735261295441915 -0.008596988938132964 0.9999054170850243 0.2407095669040727
0.17750886615498607 0.9841134864534256 -0.0012673720347115176 88.15248438194652 -0.9839684916886005 0.17750458735947117 0.016984899036029955 -1.6125923927818906 0.01694012442254869 -0.00176782682609736 0.9998549421152859 0.2435344684242087
0.15912898775068618 0.9872500975628464 -0.003602108773357496 88.21497034345136 -0.9869722007064952 0.15916965918404336 0.02342348829563653 -1.9918160423539204 0.023698214237419805 -0.0001721438592395593 0.9997191426905683 0.2473157955985088
0.1421436167638489 0.989839013111543 0.001545534158042948 88.26989977544832 -0.9895496669227172 0.14206389249521556 0.0244494255706754 -2.411242735519876 0.023981602252701132 -0.005004581896913421 0.9996998714009008 0.2567839192204716
0.12789587135783886 0.9917692641905088 0.004757016358530802 88.32520759616675 -0.9915690422487365 0.12776803070197562 0.02127014992472757 -2.840388415589949 0.020487485242016625 -0.007437165516100128 0.9997624456709328 0.2693037142125299
0.11386450318921582 0.9934721500274066 0.0054846789701426275 88.38192365792247 -0.9933383888834217 0.11375012795071404 0.0179407615179972 -3.2744325935969294 0.017199992848010888 -0.007490852640357321 0.999824006423917 0.2794672323231393
0.10082028104686358 0.9948874530343569 0.0040419029521964345 88.42583664256101 -0.9947811974003541 0.1007462257469035 0.015578064004504259 -3.72393284187826 0.015091404287957596 -0.005591294503137943 0.9998704837955716 0.290392513512742
0.08965526573448535 0.9959649777711969 0.0008161162302711862 88.45804093707972 -0.995869666483009 0.08963527071670674 0.013931796683724119 -4.183983798225298 0.013802549456618811 -0.0020617063407600417 0.9999026139517591 0.2983832456619729
0.07988871492123972 0.9967935574379321 -0.0027598004817137234 88.48564533705776 -0.9967032509391007 0.07991891309741617 0.013520973946065867 -4.65805410944844 0.013698255943553072 0.0016706343866843458 0.9999047781875011 0.3085436877319331
0.07131275972136153 0.997434936420957 -0.005387031692014453 88.51530202903 -0.9973483997052076 0.07138138090577428 0.013851026473939048 -5.152240258688433 0.014200074260038349 0.0043850810530621665 0.9998895578426374 0.3195439039358642
0.06471640866873729 0.997878158281553 -0.006877422011566261 88.54322908226503 -0.997795831517039 0.06480845837513649 0.014130603356593704 -5.655024723587443 0.014546350612105815 0.005947820492940428 0.9998765056899952 0.3274838480031433
0.05942062653550806 0.9981998972381256 -0.007878479427012704 88.57068493848433 -0.9981194594507332 0.059530112698012116 0.014478500111188678 -6.160787553085674 0.014921459381123336 0.007003388714689442 0.9998641417745572 0.3362138550249356
0.05377457184922896 0.9985137677354073 -0.00862279880307527 88.60380503270244 -0.9984290947960456 0.0539009307412146 0.015160293023549471 -6.680283755710396 0.01560255367259756 0.007794065861404529 0.9998478945226364 0.3474051739431156
0.04849017756992635 0.9987825165268815 -0.008987389893518707 88.63497005543661 -0.9986920470945322 0.04862753267297226 0.015752592105659553 -7.224035691048102 0.01617045351872149 0.008211806630959937 0.9998355276846325 0.3548778240955438
0.04501110279062659 0.9989378679491073 -0.00981232642740146 88.65827085164712 -0.9988526222806436 0.045163454924164737 0.015901150456062163 -7.799743642259664 0.01632742281279781 0.0090853508482797 0.9998254205149927 0.3627895029939257
0.04212963343587239 0.9990516560729489 -0.010973985619437302 88.68084674942597 -0.9989850960767223 0.04229675099280816 0.015469603329845585 -8.378625418443491 0.015919097934850877 0.010311125471984756 0.9998201152843238 0.3767954430791922
0.03982570790705675 0.9991292981247294 -0.012423307262140451 88.70411613042472 -0.999088413927966 0.04000908959118066 0.01487931086630715 -8.971924369566173 0.015363400972611902 0.0118194063192914 0.9998121161006974 0.3879784428553218
0.03774693710655885 0.9991856575699628 -0.014252497095908189 88.7295063923618 -0.9991750272640846 0.037952652826958366 0.014450061427682348 -9.590100884669562 0.014979214225181217 0.01369529444476435 0.9997940098035766 0.3933426007208339
0.03716979977461354 0.9991552354686756 -0.017514602146466232 88.74407297907773 -0.9992017080604253 0.03741661670834706 0.013981537443361678 -10.21171858451999 0.014625062801301212 0.016980936831845282 0.9997488460620225 0.4053398625428617
0.03813180920667625 0.999067428347307 -0.020239842372142006 88.76748079850753 -0.9991692067397379 0.03841116164895364 0.01359748548880419 -10.859458060403304 0.014362238921332903 0.01970454069583825 0.9997026842954498 0.4182530622253371
0.039938949014109326 0.9989566952530438 -0.02213054183583838 88.79186385936967 -0.9991022586503449 0.040237797274644826 0.01322709910806917 -11.527106070768534 0.01410378079133128 0.02158240950757241 0.9996675861232456 0.4312305892450673
0.04319936515512679 0.9987827013295598 -0.02377290010847743 88.81667241650204 -0.998962830378415 0.04352395342942983 0.01330977116560969 -12.197998507638914 0.014328251012811304 0.02317330384218904 0.9996287803587409 0.4403497687016059
0.04759421204043135 0.9985625264730624 -0.024594014506944185 88.84734417598546 -0.9987646771975476 0.04792455149267927 0.013021204460203967 -12.88442028210184 0.014181128597966323 0.023943953450718168 0.9996127157773401 0.4519460128379416
0.051235551095857645 0.9983900397590482 -0.02430658876185593 88.88290086080714 -0.998597090441877 0.051540354417197176 0.012083324562741325 -13.580279644660266 0.013316632769942424 0.02365342007822599 0.9996315233386501 0.4617483746470217
0.05449408770763231 0.9982123572085909 -0.024503474311219884 88.92611237985777 -0.9984411933612053 0.05476817567100978 0.010656775488067032 -14.296767279559024 0.011979721895950205 0.023884584577073355 0.9996429423066061 0.4717106043267998
0.05843890345192149 0.9980018172431776 -0.0239483770103905 88.97702588107323 -0.9982363491875065 0.058665639555723126 0.008876497977386974 -15.03343189336516 0.010263680768392063 0.023387471750039468 0.9996737876555405 0.4834534134282206
0.06277836154159755 0.9977718106703537 -0.02253726999219515 89.03185505683264 -0.9979883597038153 0.06295689321926146 0.007300775771584581 -15.77656980261592 0.008703367324520943 0.022033639344931594 0.9997193453299469 0.4938068102701003
0.06699749613147676 0.9975152742034481 -0.0217271088336083 89.0852395994803 -0.9977176105040491 0.06715975896882764 0.006825754424141111 -16.521687558692197 0.008267963324685396 0.021220248919081957 0.9997406369206575 0.5038518454959966
0.0708428657415151 0.997283433353789 -0.020129077780382386 89.13875906090833 -0.9974412014496006 0.07101765098208823 0.008104387129051201 -17.269854565141493 0.009511880202521245 0.019503461181008333 0.9997645416122152 0.5176414833979132
0.07327371401882177 0.9971445821287678 -0.018184753553245128 89.20767075262881 -0.9972297895844618 0.07348741637610323 0.011374848522331725 -18.023963621895152 0.012678710339671113 0.01730094635622486 0.9997699369477437 0.5323664443583102
0.07481063949166034 0.9970959540948459 -0.014199357146713169 89.27590337779974 -0.9970611097153561 0.07502797053115673 0.015444826253307174 -18.77781473656983 0.016465324438752423 0.013002211062022607 0.9997798934087525 0.5475608865626537
0.07507455781283534 0.9971204144961198 -0.010696209805670242 89.33556806690946 -0.9969859978015497 0.07526616501735328 0.018805419147815597 -19.53603968400265 0.01955633137295594 0.009252167138734847 0.9997659462271137 0.5647098044250464
0.07452867498724147 0.9971908091828697 -0.007475648123744668 89.41010123061255 -0.9970339581623237 0.07465710678392912 0.01869548924541898 -20.320134903558753 0.01920108082443499 0.006060126085250932 0.9997972761261056 0.5801608018822781
0.07495164884780803 0.997170789431109 -0.005693919515572132 89.47089644167323 -0.99703544911936 0.0750385937717476 0.01700812589271326 -21.08541578656694 0.017387271593525242 0.004402255372554686 0.999839138507457 0.6031677828511225
0.07452640821804779 0.9972006096135196 -0.006044378456880475 89.53404816240172 -0.9970945848698559 0.07461146129928409 0.015339313315258571 -21.852213974932628 0.015747353673393177 0.004883635551383844 0.999864076223946 0.6238469033941838
