0.9999698866756107 -0.006944844558470568 -0.003463361954083532 1.37852263451 0.0069375328626132245 0.9999736904866067 -0.0021187195133679634 0.0179951675236 0.0034779850123991493 0.0020946285243083965 0.9999917580418345 0.0138045856729
0.999930582941909 -0.010976071391648556 -0.0042842915703396565 2.10160684586 0.010967541215585257 0.9999378355868054 -0.002009477956948404 0.0311225801706 0.004306081413383631 0.0019623503205230732 0.999988803359358 0.0144464150071
0.999864426064447 -0.015654074853065875 -0.005106802454456864 2.8419380188 0.01565095769701867 0.9998773051218076 -0.0006497888257184338 0.0418587513268 0.00511634771886824 0.0005697743821083531 0.9999867490837933 0.0167663097382
0.9997808869611948 -0.020313282560019817 -0.005054564147672827 3.57071471214 0.020306313033856542 0.9997927880713694 -0.0014263840466416378 0.0622853673995 0.005082491323865961 0.0013234319454662373 0.9999862083098089 0.0230743996799
0.9996757843636006 -0.024742652876889194 -0.006010597776708657 4.33029413223 0.024740956658930575 0.9996938321495086 -0.00035640683335230386 0.0914577394724 0.006017575975467784 0.00020758334159614033 0.9999818726799681 0.0337480418384
0.9995384190654395 -0.02969748288650532 -0.006403774072262205 5.10302257538 0.02971430539662748 0.9995551849353491 0.002548003857317042 0.119761347771 0.006325256276136895 -0.00273711144578934 0.9999762493949417 0.0410303734243
0.9993958649856908 -0.034304629760738024 -0.00557650665572039 5.89826345444 0.034329267025556935 0.9994009614486267 0.004384025666925851 0.147267714143 0.005422773735886099 -0.004572814509570925 0.9999748411297509 0.0444192290306
0.9992494125629512 -0.0386273350096912 -0.002922410417332235 6.70153236389 0.03864017121666589 0.999243185748995 0.004471342365274857 0.185819938779 0.002747482655994753 -0.0045809086707597375 0.9999857332056319 0.053929746151
0.9990917094613506 -0.042609623390960125 -0.00041961896554246913 7.51619815826 0.04261070245396939 0.9990871504567818 0.0030321326697327405 0.219078585505 0.0002900378854326779 -0.0030472588712016687 0.9999953150347239 0.0615754500031
0.9989817788025506 -0.04511419469640127 -0.0003392011000439865 8.32008838654 0.04511504168696041 0.9989768186156767 0.00315418485262201 0.26826223731 0.00019655552624319854 -0.003166276266513148 0.9999949680176041 0.0670592114329
0.9988799580746637 -0.047307934365779174 -0.0008880894114707415 9.1487903595 0.04731053908096534 0.9988751490396002 0.0031858316004653485 0.313571184874 0.0007363753309881911 -0.003224279324314518 0.9999945308721496 0.0686042010784
0.9987984178555505 -0.048998354837638695 -0.0009389954506973323 9.99265289307 0.048999025372536746 0.9987985776034379 0.0007049041729858296 0.353553116322 0.0009033281757381381 -0.0007500670346313922 0.9999993106985877 0.0766713693738
0.9987097873529666 -0.05078143525239062 -8.049285754389097e-05 10.8322143555 0.050781486308366555 0.998709404916191 0.0008747458267287696 0.404170840979 3.596812529534851e-05 -0.00087770476554347 0.9999996141702447 0.0783543139696
0.9986245742740709 -0.052430351018381116 -0.00013397022537439408 11.6918449402 0.05243008438070437 0.998623417682685 -0.0015348966047597193 0.448397547007 0.0002142609720955298 0.001525761398262015 0.9999988130714913 0.0866792201996
0.9985292798660884 -0.054182643816716974 -0.0018757289634990114 12.551902771 0.054181269822780626 0.9985308148349865 -0.0007757740468910686 0.500155389309 0.0019150066591971666 0.0006730037232952942 0.9999979399056199 0.0923607721925
0.998436436991149 -0.05572277483804332 -0.004433244045286828 13.4206590652 0.05572488904907445 0.9984460981517506 0.0003547196220252732 0.553470313549 0.0044065892575423414 -0.000601207028097076 0.9999901102117084 0.0990960076451
0.9983407282897524 -0.05727350976460009 -0.005961150655064195 14.2993154526 0.05729914790068155 0.9983481239737282 0.004222677822742456 0.613569319248 0.0057094559936946 -0.004557240105932323 0.9999733164814314 0.107029870152
0.9982568119498458 -0.058705150348012956 -0.006086272944016108 15.1934041977 0.058741841267010424 0.998254959859411 0.00603582642633434 0.669679164886 0.005721318055589929 -0.006382823725020075 0.9999632623656742 0.112412683666
0.9981708872730292 -0.0602926721756424 -0.004435479962486493 16.0858364105 0.06031702266204408 0.9981636865965252 0.005577771707739517 0.727054297924 0.004091036270135548 -0.005835104279934852 0.9999746071677413 0.120983913541
0.998095832843016 -0.061610076362604765 -0.0029844517083067903 16.9910068512 0.06162608317976359 0.9980835598652229 0.005606549623754643 0.790569007397 0.0026333122348223205 -0.005779793885319244 0.9999798296212364 0.131303668022
0.9980242958318075 -0.06277792391518527 -0.0025371634404382083 17.9072551727 0.06279107893113647 0.9980115997005254 0.005488831374848246 0.848693370819 0.0021875411054598707 -0.005637298297672223 0.9999817175987844 0.146192580462
0.9979162468828501 -0.06443440597832166 -0.003372170439069045 18.8125724792 0.06445112740782018 0.9979077808992312 0.005110087732680649 0.911530733109 0.0030358496521132056 -0.0053167797580479575 0.9999812575593076 0.151081129909
0.9978510478694482 -0.06542252766780028 -0.0036303084447427397 19.7246189117 0.06543743874989026 0.997848031989758 0.004152910307845276 0.969796955585 0.0033508022475856967 -0.004381543988887095 0.9999847869825675 0.161081567407
0.9977844656878427 -0.06650392560981877 -0.0018406277499625162 20.6460208893 0.06651181313414514 0.9977749425283208 0.004619824262774742 1.02999556065 0.0015292957983331621 -0.004732012372559353 0.9999876345801818 0.171286255121
0.9977895415685486 -0.0664437706046998 0.0011207516488904133 21.5782337189 0.0664353597649357 0.9977704757091848 0.0063577335563525465 1.10005509853 -0.0015406846958490768 -0.006269222511606859 0.9999791613527594 0.174879893661
0.997829869565671 -0.06565416010312504 0.005008259549030939 22.5155506134 0.06561511082555278 0.9978160702443659 0.00759915741660315 1.16766571999 -0.005496238159656246 -0.007254048748465424 0.99995858421379 0.179976701736
0.9978828954395108 -0.06456218716588867 0.007839067394453657 23.4679431915 0.0645193390524879 0.9979007365029084 0.005601336910291187 1.23190975189 -0.00818424568840269 -0.005083706847295468 0.9999535859464691 0.17964142561
0.9979807637135455 -0.06283733004088274 0.009266348313005972 24.4081916809 0.0627966187456892 0.9980156460834468 0.0046211304618208274 1.29892289639 -0.009538340098430569 -0.004029903965330754 0.9999463885340037 0.182459980249
0.9980815686788244 -0.061505695254732276 0.007087433586937452 25.3522949219 0.061478381852737865 0.9981003620180674 0.00400947679526939 1.35952317715 -0.007320575686802042 -0.003566060940990156 0.9999668456408837 0.184677094221
0.9981835660896885 -0.0601868800025598 0.002666057769625677 26.3203144073 0.06017434299084251 0.9981774822812582 0.004556568036343012 1.42021667957 -0.0029354444457281408 -0.004387863056984352 0.9999860648147548 0.186638176441
0.9982615739129553 -0.05893653207300625 -0.0005614588475963675 27.2602901459 0.058938660732268215 0.9982480278676027 0.005206642827148949 1.47953307629 0.0002536137153670129 -0.005230683095965916 0.9999862877232032 0.186507433653
0.9983205231870917 -0.05793046212825455 0.00044106809095679513 28.2400245667 0.057927075748317416 0.9983049797221438 0.005623287047728064 1.53955149651 -0.0007660800889531778 -0.005588293082804084 0.9999840919243256 0.193555861712
0.9982828084609212 -0.0583533699519138 0.005130160488132936 29.2150726318 0.05832925156284616 0.9982861864051342 0.0047316429297903275 1.59339535236 -0.00539747565970669 -0.00442427937091556 0.9999756462077218 0.196934953332
0.9982276282171295 -0.05883572321494795 0.00894203208317426 30.1945476532 0.05883252919524624 0.9982676740482258 0.000620047444924491 1.65038943291 -0.008963022508784705 -9.286612673060739e-05 0.9999598269947596 0.193529695272
0.9981446366697456 -0.06020501265888878 0.009090695142046107 31.1655158997 0.060287431850581885 0.9981397418649138 -0.009081919990051856 1.69503223896 -0.008527006994486587 0.009613124392584391 0.9999174355871233 0.195271298289
0.9980941048704663 -0.06139322828934925 0.006247346879573688 32.1426925659 0.061465228848544384 0.9980362197158285 -0.012071858926205051 1.75518643856 -0.005493948072009757 0.012432845834722473 0.9999076161721302 0.198349699378
0.9980342360964412 -0.06260367113312298 0.0029058458411867 33.1109542847 0.0626344254950181 0.9979632910391261 -0.012091256397472848 1.81852459908 -0.002142970439830136 0.012249493826937682 0.999922675799823 0.204401195049
0.9979184910604757 -0.0644703185326402 0.0015044028327459952 34.1080627441 0.06448164444756628 0.9978747321180733 -0.009388105752543664 1.89287507534 -0.0008959514054394623 0.009465570695061584 0.9999547990996872 0.204881444573
0.9978456973380575 -0.06554133905865588 0.0028804823071889606 35.1085662842 0.06556236187123866 0.9978169004598721 -0.007937875189018652 1.95633864403 -0.002353934958419798 0.008109625826756481 0.9999643458439713 0.217565536499
0.9977443065292185 -0.06692294918702787 0.005255250768280019 36.1214599609 0.06694948156920488 0.9977436053368735 -0.0050462785287987205 2.03526687622 -0.004905681006926553 0.0053867319857222136 0.9999734583539566 0.218032479286
0.9976402178527388 -0.06832778021342707 0.006731283224507542 37.1191291809 0.06835223271881043 0.9976552100361776 -0.003471911581090713 2.10350394249 -0.006478271767726022 0.003923816863582247 0.999971317416717 0.2238676548
0.9975752097101129 -0.0689646382307029 0.009358399731634038 38.1235084534 0.06899603050159683 0.9976121991859194 -0.0030737290805988087 2.18112206459 -0.00912407512307389 0.0037119683654997663 0.9999514850951531 0.221924677491
0.9975228064731636 -0.06922803277962512 0.01247918440316614 39.1295318604 0.06925947754224158 0.9975964584677113 -0.0021049520796072706 2.25560235977 -0.012303468473597503 0.0029640394978576665 0.9999199163599926 0.232776522636
0.9974802819328423 -0.06941323793801998 0.014659111642031803 40.1247253418 0.06940101769776158 0.9975879408014603 0.001341309067145557 2.34044337273 -0.01471685760237946 -0.0003205720799525538 0.9998916497980432 0.2250174582
0.9974688600304018 -0.06963516185248371 0.01438115097720952 41.1238708496 0.06961224154403735 0.9975719385086955 0.002088857874076016 2.41262507439 -0.014491690614469237 -0.0010824665269133884 0.9998944040094196 0.218748614192
0.9974976836972222 -0.06940244784450186 0.01347854783956215 42.0994300842 0.06940923335522006 0.9975882703041111 -3.573077528884461e-05 2.48355340958 -0.01344356142221156 0.0009711770378737868 0.9999091596097359 0.213659137487
0.9975208373759192 -0.06946330736120615 0.011270666851977166 43.0900611877 0.06943077683775872 0.9975814685289203 0.003252825754466857 2.56461644173 -0.011469360424670552 -0.002462230315421517 0.9999311932294755 0.213586360216
0.9974503156712157 -0.07048310943218294 0.011180297498682159 44.0854759216 0.07044260014775625 0.9975079061172227 0.003977099200840147 2.63834357262 -0.011432753465873727 -0.003179389627100482 0.999929589336063 0.21094058454
0.9973665768979942 -0.0714441268078671 0.012475898021257741 45.0788955688 0.071432079518357 0.9974444707672409 0.0014091669667095977 2.71081733704 -0.012544692202622578 -0.0005142766943471694 0.9999211800022155 0.207658931613
0.9972817003686153 -0.07241281052194781 0.0136233249317949 46.0623817444 0.0723884206007043 0.997373920902624 0.00227562436778167 2.7811832428 -0.013752333359118022 -0.0012832675637589718 0.9999046087260223 0.205943450332
0.9972724689874586 -0.0728974061389858 0.011558147683359365 47.0259742737 0.07287514655396753 0.9973383357193881 0.0023360477784180314 2.8553249836 -0.011697675598183835 -0.0014873744293390683 0.9999304736344956 0.213783860207
0.9972470167406754 -0.0738304206229057 0.006888874543204942 48.0004081726 0.07380069601763024 0.997262974562357 0.004474017697437887 2.93283367157 -0.007200338126819393 -0.003953297065548641 0.9999662627174835 0.208240553737
0.9972185411535278 -0.07432645458915103 0.005546109252012493 48.975227356 0.07429764718985864 0.9972223890809309 0.005231284523947741 3.01377010345 -0.005919527150007969 -0.004804671052847661 0.9999709367448607 0.212046176195
0.9971674732079303 -0.0747959773637481 0.007911519848843784 49.9611816406 0.074755436522359 0.9971878027297706 0.005301961649155997 3.08896255493 -0.008285836497814876 -0.00469551458087919 0.9999546474997515 0.209313929081
0.997143879770621 -0.07460396153722001 0.011761460748720488 50.9275436401 0.0745765314100588 0.9972114892373166 0.002754395747701911 3.15907859802 -0.011934152623257718 -0.0018693999153316448 0.9999270380108347 0.21457606554
0.9970826013446794 -0.07520291345060878 0.013069349802628902 51.8992576599 0.0751908248053163 0.997168159756958 0.0014145783874274763 3.23117780685 -0.01313871990794628 -0.0004277563070126109 0.9999135917986725 0.212521955371
0.9970840896474409 -0.07531076887372068 0.01231284953139669 52.8680305481 0.07533701362643327 0.9971567120178715 -0.0016810876116950782 3.30171990395 -0.012151236553717462 0.0026037990238516697 0.9999227808590316 0.214600279927
0.997067868518544 -0.07567098415593258 0.011382781942953422 53.8262062073 0.07572498629308934 0.9971190779700183 -0.004389851834957502 3.36989831924 -0.011017804627041574 0.005238941218800559 0.9999255779687338 0.222406342626
0.9969955565742227 -0.07644886384413388 0.012467212527101557 54.7881240845 0.07652321838821019 0.9970520761343815 -0.005599511016942434 3.44489884377 -0.012002383878427126 0.006536718829783814 0.9999066026825582 0.21683229506
0.9968627112548507 -0.07746684604361605 0.01623646124278195 55.7523384094 0.07759017721969567 0.9969600000819453 -0.007107927660658306 3.52390933037 -0.01563647366415753 0.008345417944454302 0.999842915007494 0.214421540499
0.9966991551835278 -0.07817544311998238 0.021895071350302078 56.6991157532 0.07840482113271378 0.9968732364127596 -0.009820109321999108 3.59739375114 -0.02105891924072977 0.011504373817955247 0.9997120441924611 0.216027408838
0.9965874301046033 -0.07881648476280036 0.024524597593907627 57.6488075256 0.07907242724521053 0.9968222034639835 -0.009646031866244612 3.67512369156 -0.023686397089019824 0.011552333567248637 0.9996526887785041 0.202134132385
0.9965252636144869 -0.08035042272009357 0.02193646614167456 58.5912666321 0.08058730083693785 0.9966960223406793 -0.010135383272962388 3.75717282295 -0.021049606217205998 0.011867966084179825 0.9997079900946705 0.198422595859
0.9965452840612786 -0.08170443054872881 0.014895732406673032 59.5126686096 0.08185108150341133 0.9965991427169739 -0.009515733945027567 3.8366420269 -0.014067596523399851 0.010702091594571009 0.9998437717781494 0.191553115845
0.9965484470526592 -0.0824674067094231 0.00950365758798409 60.4225349426 0.0825309421924604 0.9965673143755502 -0.0064985766996924965 3.91959643364 -0.008935113751475689 0.0072604923331426935 0.9999337223002974 0.196808919311
0.9964672252321737 -0.08346665867013452 0.009294403075897852 61.3347434998 0.08346818040965225 0.9965104175844053 0.00022473285794224373 4.01557922363 -0.009280727191106583 0.000551847985366695 0.9999567808493551 0.189114063978
0.9964023812439404 -0.08398971591902825 0.011314692715657446 62.2315292358 0.0839489539622676 0.9964619012826016 0.004031429139565294 4.09514665604 -0.011613258804052054 -0.003067068976595623 0.9999278600518354 0.191694363952
0.9962569276405515 -0.08549325765995938 0.012768595180882742 63.1142311096 0.08543498521645679 0.9963309873071949 0.005042522437308914 4.18114328384 -0.013152848713083939 -0.003932763170437805 0.999905763532032 0.192724153399
0.9961794754470086 -0.08638464936816809 0.012811910538785908 63.9814872742 0.08631825786476727 0.9962516010156569 0.005648524844985686 4.26125001907 -0.01325183222451674 -0.004521042719498864 0.9999019697527461 0.196272522211
0.9960313900345604 -0.0879901496294061 0.013386696157835437 64.8351287842 0.08789270074577851 0.9961001663847926 0.007702706265170058 4.34099626541 -0.014012252546985729 -0.0064955443489509105 0.9998807252278495 0.196657031775
0.9959055698286043 -0.08930868153034617 0.01400197799127436 65.6814422607 0.0891955869533989 0.9959778188740582 0.008504797405382764 4.42391443253 -0.014705211742629957 -0.007221060460843334 0.9998657975115586 0.196602761745
0.9957763405648218 -0.09064958152867293 0.01456478424192865 66.5158920288 0.09053488323060553 0.9958582652685468 0.008351671374438471 4.50329780579 -0.015261536284335122 -0.006997775718217223 0.9998590483889415 0.197380945086
0.9956231111991733 -0.09214900104235461 0.015594295526457067 67.3244247437 0.09202237001530435 0.9957193388028304 0.008653424224695769 4.58026313782 -0.016324946028601878 -0.007180525116052877 0.999840955450526 0.197287663817
0.995483817765591 -0.09321800537274741 0.01795472197418184 68.1288909912 0.09302199559924834 0.9955980899593895 0.011460872739415916 4.66505718231 -0.018944046599846533 -0.00973892928109133 0.9997731124384576 0.193647235632
0.9952751376490352 -0.09466129787987211 0.021601830047222745 68.9227676392 0.09441333658815197 0.9954580104270428 0.012225847656614657 4.74436187744 -0.02266102936724854 -0.010128581358144133 0.9996918973302164 0.183242231607
0.9950586918056241 -0.0963598823780578 0.023936852971245284 69.7012863159 0.09600712228120024 0.9952603306139839 0.015476006507693953 4.82765197754 -0.025314666368783347 -0.013101426419683815 0.9995936775972559 0.182396262884
0.9949883982587893 -0.09773479294801976 0.02111865473514009 70.4460220337 0.0974279260655378 0.9951279702528345 0.015103709579008428 4.91069173813 -0.022491921949501052 -0.012970469069645805 0.9996628833657532 0.185435459018
0.9949830021429311 -0.09912842632627916 0.013504833976103876 71.1745758057 0.09891179849400777 0.9949697578935514 0.015863070192601227 4.99311685562 -0.015009382576491537 -0.014447697786499942 0.9997829676801574 0.178276106715
0.9949756554812133 -0.09980860908804944 0.007854078662061652 71.8696365356 0.0996756903703283 0.994894426209806 0.01580624705141332 5.06341981888 -0.00939157861700353 -0.014943970307813331 0.9998442258684698 0.179467990994
0.9949251479921498 -0.1004306010603167 0.00613549211265461 72.5756530762 0.10030400980114945 0.9947886467426237 0.018293548857250777 5.13864421844 -0.007940750003107313 -0.017585297343099417 0.9998138335744026 0.174763932824
0.9948280200980902 -0.10119423830052754 0.008771348954657743 73.2535858154 0.10098889309283995 0.9946587291428401 0.021336729173599044 5.22360467911 -0.010883652860656352 -0.020340567217278255 0.999733868299803 0.176118284464
0.9946641444501049 -0.10256510260849515 0.011119328767891321 73.9084091187 0.10231720845704427 0.994531213150136 0.02094886449607525 5.2913479805 -0.01320714196551788 -0.019699385701742945 0.9997187132409179 0.180182427168
0.994643461228837 -0.1029649537408467 0.009088637733941288 74.5412521362 0.10278762018157929 0.994536827600844 0.018199002254261326 5.35308504105 -0.010912844364367813 -0.017167319149725038 0.9997930750815842 0.185829266906
0.9946595205256819 -0.10307525335174793 0.00528491949792299 75.1448745728 0.10301361594969634 0.9946208150446305 0.010845700020251977 5.40716314316 -0.00637441421583337 -0.010243360114425431 0.9999272175598439 0.193853229284
0.9947912862598757 -0.10192583437221892 0.0011920859691791584 75.7337417603 0.10191675560019323 0.9947741568906774 0.006111604566842609 5.46563148499 -0.0018087867097593727 -0.005958277433785969 0.9999806134224106 0.198584213853
0.9950908686844848 -0.09896539333172051 0.00011825169881268935 76.3151550293 0.09895995807050025 0.9950474007363116 0.009359326183229865 5.52307271957 -0.0010439154425785824 -0.009301677838815433 0.9999561935554636 0.20580008626
0.995475383505392 -0.09499488697256214 0.002175381313953184 76.8879776001 0.09495571704774383 0.9953839839171988 0.013933282494535001 5.59625530243 -0.003488930314547147 -0.013663674842217453 0.9999005607334494 0.201263725758
0.9959095264678519 -0.09016663422185837 0.005847492085275792 77.4427490234 0.09008830179745263 0.9958552771151398 0.012504596002518263 5.6402220726 -0.0069507531848611625 -0.011926655651803703 0.9999047164180829 0.202993243933
0.9963469075610116 -0.08479120051638983 0.010163272533730632 77.9870223999 0.08469884171335121 0.996364140981908 0.009198085550698551 5.68213558197 -0.010906237023932073 -0.008303666682295614 0.999906047143234 0.206325903535
0.9969484362421521 -0.07680533826967835 0.01395548234939072 78.5097885132 0.07674603258616071 0.9970394192470343 0.004737399056134348 5.70979499817 -0.014278023553973798 -0.0036519146777256374 0.9998913948837537 0.215072125196
0.9976980980318161 -0.06621676840790183 0.014623432063184175 79.0171203613 0.0661184445895159 0.9977864613739792 0.007108360137990325 5.74535751343 -0.015061755168485024 -0.006125118807218968 0.9998678044875942 0.227939769626
0.9985633517425364 -0.05159786398929266 0.014453130749231985 79.5101394653 0.05141931593197666 0.9985993653083157 0.0124644115351303 5.78258180618 -0.015076024203997259 -0.011703334463817279 0.9998178561401214 0.22983533144
0.9993077969207388 -0.03413859245838112 0.014781187989457394 79.9958724976 0.03387702092014075 0.9992710436775979 0.01759911137132581 5.79449796677 -0.015371222039755385 -0.01708618659749879 0.9997358589950447 0.221269935369
0.9997996022159318 -0.011940529227385437 0.016067954774464602 80.4609298706 0.011678831584839821 0.9997992081767526 0.016283372560719114 5.79882478714 -0.016259160546511418 -0.01609245447121683 0.9997383020608014 0.216885611415
0.9997537446740088 0.0133316032170869 0.01774030343481748 80.9220199585 -0.013569571983143921 0.9998186461524247 0.013361943052084742 5.76997995377 -0.017558950039552886 -0.013599380926903932 0.9997533396352892 0.216903060675
0.9988896921456601 0.042782562220339215 0.019723977667121674 81.3701934814 -0.043011907986929 0.9990100434409256 0.01135380444986544 5.73987817764 -0.019218706940745636 -0.012189564144161771 0.9997409943727933 0.218421503901
0.9969247754013416 0.07531615432163657 0.021644146764935594 81.8121948242 -0.07556880391138926 0.9970787946957316 0.011101037947304689 5.69567918777 -0.020744832281429693 -0.012702522045047708 0.999704105156776 0.216472372413
0.993422857978012 0.11210789633863956 0.023299030566342506 82.2430038452 -0.11238683258003478 0.9936033694599014 0.011024702289206875 5.6295170784 -0.021914039094465224 -0.01357069550403573 0.9996677503621407 0.217196568847
0.9879872596175577 0.15262070410535225 0.02425068064572196 82.6726760864 -0.152929399964823 0.988171139090402 0.011419216049371888 5.54284334183 -0.022221013923614835 -0.014990682011487733 0.9996406884441215 0.214164659381
0.9801310209861677 0.1968030418847954 0.02473346731618437 83.079246521 -0.197120345364429 0.9803164775571926 0.011098345518289246 5.44052839279 -0.022062437399288443 -0.015753302343526895 0.9996324736228187 0.210110202432
0.9692665785839935 0.24481250556843726 0.02427213952945064 83.4742584229 -0.24516570258517778 0.9693968092781154 0.012790795021398257 5.3229136467 -0.02039798803679898 -0.018348386268747248 0.9996235585486082 0.210044398904
0.9544647081968813 0.29745553259656393 0.022744822143344272 83.8615493774 -0.29779361437801316 0.9545387480650931 0.01321898929569205 5.19297361374 -0.017778752552332452 -0.019390321555222263 0.9996539058032374 0.207733258605
0.9355202486083861 0.3526063491154268 0.021693939412852987 84.2189941406 -0.35293483554108546 0.9355471968751186 0.013727500892385268 5.03335428238 -0.015455300234733207 -0.02049890198652675 0.9996704100412303 0.204917997122
0.9123831434741615 0.40879267426145516 0.021108031037223564 84.5779800415 -0.40911886021116606 0.9123674057479687 0.01440399764407945 4.85504388809 -0.013370030800895607 -0.02177765824835495 0.9996734346163253 0.202993392944
0.8841083578381415 0.46686170992135556 0.01981301113261174 84.9058914185 -0.4671650133679065 0.8840407201939602 0.01512796496545911 4.67339134216 -0.010452841039483992 -0.02263070587366718 0.9996892463490157 0.191721230745
0.8515123645733396 0.5240160854256543 0.01827115742585588 85.218170166 -0.5242607546423838 0.8514600056211148 0.012904261671103336 4.46554327011 -0.00879511911831684 -0.020566989148908813 0.9997497911162787 0.193424373865
0.8164987336886103 0.5770536583218564 0.01840905489703755 85.5074462891 -0.5772927347222667 0.8164446083585603 0.012300403207529974 4.20430278778 -0.007931980945922392 -0.020670677287971964 0.9997548733458267 0.199034437537
0.777836244063434 0.6281547546766227 0.01980862433888187 85.7885513306 -0.6284077146215311 0.7778093755908544 0.01078514936690064 3.94458913803 -0.008632590873617191 -0.020836972425811808 0.9997456171221429 0.209414899349
0.7363730461201743 0.6761922942861048 0.022775383541797804 86.0578231812 -0.6764977386777206 0.7363820130000747 0.009609396108752874 3.67885494232 -0.010273583177868834 -0.022483595747529346 0.9996944240171337 0.207708284259
0.6923792469012543 0.7211605867844249 0.02320315774386761 86.2981262207 -0.7214674433442887 0.692393551054308 0.008711983284645453 3.3922252655 -0.009782977808340726 -0.022772319320619454 0.999692810226202 0.199941039085
0.6467750956265729 0.7624104932453746 0.02030309009033552 86.5199966431 -0.7626404518507963 0.6467854558710043 0.00693651751128903 3.08550477028 -0.007843269642491865 -0.019970324577128565 0.9997698081346524 0.195556119084
0.6002551175833768 0.7996325082070076 0.016782301212473833 86.7271499634 -0.7997809615317367 0.6002766578035981 0.004283417789848374 2.76531338692 -0.006648863571087794 -0.01599330844952513 0.9998499920978404 0.205448120832
0.5541760621495244 0.8321960569683722 0.01840149196801026 86.9136428833 -0.8323745429940772 0.554195146561685 0.004512172734080257 2.45428371429 -0.006443005180502099 -0.01781747158479414 0.9998204965845464 0.218166172504
0.5079899666764627 0.86110591591412 0.02104270260208444 87.0944976807 -0.8613486808555783 0.507970718668161 0.006648230076950436 2.12041687965 -0.004964246513865468 -0.02150233830320354 0.9997564731993704 0.222781807184
0.4624848927253361 0.8863562642302016 0.021915676113569635 87.2617111206 -0.8866237578150342 0.4624103049981274 0.008661518820962237 1.786891222 -0.0024568430111865103 -0.023436780713637993 0.9997223020580258 0.219264954329
0.4199059561362074 0.9074274765208443 0.015948757169730907 87.3928604126 -0.9075676166111069 0.4198429777192356 0.007272918093118708 1.44219911098 -9.632798886442806e-05 -0.01752851715824296 0.9998463591008128 0.198998034
0.3796971984154286 0.9250980409280911 0.004863351374236289 87.5061416626 -0.925108879660951 0.3797019328594292 -5.436341079635568e-05 1.08720254898 -0.0018969154017982129 -0.0044784879064412066 0.9999881723590687 0.203103348613
0.34299527985698985 0.9393370722538482 0.0003204459023576677 87.6202545166 -0.9393213526237935 0.34299147699685495 -0.005678310726367922 0.724653422832 -0.005443757986400601 0.0016466320982607158 0.999983826920075 0.217555403709
0.3098357710096209 0.9507865978408512 0.0025768913796757873 87.7258911133 -0.9507805342232054 0.30984367018009373 -0.0036435959785047047 0.35819914937 -0.004262715707043178 -0.001321141793355438 0.9999900418699992 0.241894438863
0.27842618218964943 0.9603888090516384 0.011497674550229169 87.8386688232 -0.9604576104296043 0.2784037439368433 0.0035403291081395087 -0.00681034382433 0.00019909681446262165 -0.012028749341282254 0.9999276321563192 0.253439545631
0.2502406481196515 0.9680451439049401 0.01637734378494719 87.9346847534 -0.9681736421620831 0.250125266269132 0.008783495610077508 -0.388000100851 0.0044064327968724665 -0.018054100215442636 0.9998273014953218 0.247023418546
0.22371401307219063 0.9745531591167239 0.014077656419031812 88.0183410645 -0.9746274914013277 0.22357621679765305 0.010720461123807177 -0.764115452766 0.00730023009185682 -0.01611878834048381 0.9998434333949694 0.244256138802
0.19970247768267546 0.9798290237665253 0.0073487816425438085 88.0896759033 -0.9798063505051564 0.19961068460457598 0.01162282671943636 -1.16866135597 0.009921487623240594 -0.009521490215387313 0.9999054481836871 0.24034923315
0.1785818655726732 0.9839244119782325 -0.0011264109551223722 88.1488113403 -0.9837859920169799 0.1785757553446612 0.016607875060264808 -1.59030091763 0.01654204339002067 -0.001857717992554013 0.9998614452434611 0.243312194943
0.1588931474360875 0.9872891080179937 -0.0036310998508705707 88.2157669067 -0.9870092602518155 0.1589345600858475 0.023505867070185413 -1.99665033817 0.023784193790347904 -0.00015099202427724077 0.9997171046486858 0.247363999486
0.14070561666050418 0.9900494818950034 0.0019881751369529195 88.274520874 -0.9897604823187491 0.1406152919285888 0.024526053835620544 -2.44663476944 0.0240024390655859 -0.005418770711682749 0.9996972140817825 0.25758805871
0.12570514626160711 0.9920538929127423 0.005223960295683808 88.3338317871 -0.9918681950173764 0.12557254669284668 0.02071277941740587 -2.9073843956 0.019892207455912574 -0.007785183035480247 0.9997718194706406 0.271297097206
0.11066158818952077 0.9938426526081975 0.005549302255627801 88.3948745728 -0.9937215908526099 0.11055210264755422 0.017193966180393875 -3.37327694893 0.016474609924998634 -0.007417173070380704 0.9998367730642153 0.281667411327
0.09699912704402758 0.9952784710848913 0.0034546125613247776 88.4378128052 -0.9951780826691853 0.09693742665912897 0.01495724198912826 -3.85956692696 0.014551739686783884 -0.004888794121077638 0.9998821663396791 0.293767392635
0.08576297038218372 0.9963153996614927 -0.0005807832441521764 88.4687271118 -0.9962254728187946 0.08576303962007548 0.013398072349653692 -4.35536766052 0.01339851554411356 -0.0005704674200951226 0.9999100731306475 0.300821721554
0.0757525822832088 0.9971174213844213 -0.0042888516658900365 88.4975204468 -0.9970297443211419 0.07580448301096798 0.013615039253055728 -4.87051343918 0.013900907015300706 0.0032447382985719498 0.9998981130382864 0.313963830471
0.0672177047873933 0.997717828201638 -0.006396518846795094 88.5316619873 -0.9976333852586975 0.06730223716350792 0.014072579425746431 -5.41144323349 0.014470963410291558 0.005435454261545172 0.9998805163893077 0.324677854776
0.06170440390255305 0.998066622366315 -0.0074554582451491005 88.5571365356 -0.9979871607528437 0.0618055789507046 0.014202020397289503 -5.94788980484 0.01463535144188327 0.006564124403357549 0.9998713511042258 0.33085757494
0.055801744413415566 0.9984052905804502 -0.008546406316662054 88.5921173096 -0.9983235269334364 0.055924872772822654 0.014917914601942143 -6.49757289886 0.015372081548932211 0.007699632838863001 0.9998521964585564 0.344687014818
0.04947046998479143 0.998736966819554 -0.0087831490459095 88.628578186 -0.9986459670586385 0.049603809361068674 0.01567464749170686 -7.06755542755 0.01609052754269772 0.00799582419451674 0.9998385678292512 0.353166550398
0.0456048682538277 0.9989135481250979 -0.009587458585344993 88.6537628174 -0.9988248576136056 0.045754221764792824 0.015982959747989123 -7.68410396576 0.016404261737684625 0.00884729118279048 0.9998262977315451 0.359909147024
0.04242816015229589 0.9990412512807797 -0.010790248605116055 88.6778640747 -0.99897152707393 0.042593117834740846 0.015547167209224107 -8.30234718323 0.015991851712879878 0.010119513426298875 0.9998209120271531 0.37530836463
0.03994485894565647 0.9991259506229593 -0.012318402278192947 88.7026596069 -0.999083429983258 0.04012691368287424 0.014904050801160982 -8.93646240234 0.015385323389772238 0.011711771393051683 0.9998130456415484 0.387670725584
0.037717469419164984 0.9991864287654362 -0.014278412764276016 88.7298660278 -0.9991762504507162 0.03792349065208611 0.014444008844072995 -9.59885692596 0.014973744866958507 0.013721859466338112 0.9997937274945494 0.393418580294
0.037121996274831814 0.9991522720435562 -0.01779591698248946 88.7453079224 -0.9992041597772887 0.037372234905621915 0.013941418163104947 -10.2649917603 0.01459467282300362 0.017264221002862797 0.9997444384433221 0.406376123428
0.03830516513596405 0.9990524892464504 -0.02066005937299982 88.7712936401 -0.9991634399098447 0.03858938219739649 0.013538091743957734 -10.9616823196 0.01432252318380982 0.020124197152008933 0.9996948944646241 0.420295417309
0.040382034336946204 0.9989302823784085 -0.02252958611648802 88.7974472046 -0.9990855990303875 0.04068472011604429 0.013142273758694072 -11.6805782318 0.014044825142347919 0.02197827329090209 0.9996597913239641 0.434198707342
0.0442948626384817 0.9987239642613294 -0.024257129942091418 88.8241577148 -0.9989141429899436 0.044628127838959086 0.013374047230026335 -12.3994550705 0.014439531763847196 0.023638388582543673 0.9996162896370092 0.442744672298
0.04934508627552714 0.9984745266693535 -0.024772606947948896 88.859664917 -0.9986830433999303 0.049673791013277846 0.01283328928793122 -13.1421194077 0.014044261747776496 0.02410672273257479 0.999610736552512 0.456835389137
0.05256820766624104 0.9983294512293054 -0.023976871149957998 88.8992996216 -0.9985352656883756 0.05285655117996413 0.011554573691581062 -13.8895111084 0.01280260592977307 0.02333434817480027 0.9996457379875452 0.465215712786
0.05627362382396617 0.9981026132293062 -0.024989052164429083 88.9509124756 -0.9983523428723916 0.05653370013546988 0.009825488879790475 -14.673453331 0.011219569708918953 0.02439496290938259 0.9996394385178073 0.477717965841
0.06105037910415556 0.9978768038975329 -0.02268778209734299 89.0085906982 -0.9980931537591459 0.061239419576689325 0.00773239361678067 -15.4685592651 0.009105362835929026 0.022172454423618287 0.9997126960444482 0.49038618803
0.06552358345959097 0.9976018903296616 -0.022296376833386408 89.068862915 -0.997818441004623 0.0656856458936077 0.006614734555514731 -16.26653862 0.008063423609987998 0.021814314860251257 0.999729521854218 0.499248176813
0.07013653200839676 0.9973264421744241 -0.020514254008311646 89.1201629639 -0.9974994511986255 0.07029841389229208 0.007278589330794914 -17.0657939911 0.008701249120298175 0.01995246210146513 0.9997630656909846 0.513669192791
0.07293205865501284 0.9971560623444011 -0.018992160288498858 89.1938171387 -0.997265794517278 0.07314104180785519 0.010550975848554462 -17.8740234375 0.01191007592072671 0.018170727430219694 0.999763959520556 0.529402375221
0.07477089667287373 0.9970931475418161 -0.014648144387720762 89.268409729 -0.9970716452443571 0.07498950418031969 0.014990280538275702 -18.6813526154 0.016045163089242486 0.013484412707245838 0.9997803375518943 0.545361936092
0.0751049188135734 0.997116319767419 -0.01087639747229719 89.3313980103 -0.996983460814279 0.07530010481497729 0.01881151445597238 -19.4921703339 0.01957626193327121 0.009430751127169406 0.9997638875764102 0.563845336437
0.07452012135921171 0.9971918641439086 -0.00742546951681918 89.4112625122 -0.997034744616994 0.07464758067359767 0.01869376168256329 -20.3323516846 0.019195560394895006 0.006010389714121754 0.9997976823720939 0.580401539803
0.0749895488516864 0.9971689268319424 -0.0055406609805479755 89.4761734009 -0.9970355010309753 0.07507319009780211 0.016858997974370203 -21.152053833 0.01722722401262321 0.004259987044591072 0.9998425252324482 0.605182349682
0.07444586738537406 0.99720620313635 -0.006131986175773981 89.5441055298 -0.997104742727374 0.07453099311209466 0.01507524776373536 -21.9738864899 0.015490153603250244 0.0049919426023948485 0.999867559054899 0.627090394497
0.07501554836184288 0.9971729523288245 -0.004332510544146998 89.6050872803 -0.997072863430282 0.07507098863740691 0.014493159619900072 -22.7870769501 0.01477743261658074 0.0032326163777136683 0.9998855822926026 0.650024116039
0.07567746543953169 0.9971302976040255 -0.0020225785640306726 89.6756210327 -0.9970244225548892 0.07569896173927781 0.014559121538627784 -23.626947403 0.014670448290003187 0.0009147628078110641 0.9998919647421795 0.672487616539
0.07552946814254569 0.9971424645190492 -0.0014848880478772293 89.7413635254 -0.9970211444320738 0.07554344549067915 0.015557165432316056 -24.4398288727 0.015624883839433626 0.0003054403499607927 0.9998778773986333 0.68987518549
0.07450394693437801 0.9972183532439043 0.002172060034396294 89.8083190918 -0.9970918023376638 0.07445911675799521 0.016241232795769108 -25.2499332428 0.016034325751540505 -0.0033757792008472128 0.999865743243802 0.713190674782
0.07187611181808484 0.9973964641101759 0.005841055507156949 89.8819122314 -0.9972929288401401 0.07177510584380331 0.015973361123163388 -26.0720386505 0.015512531526943835 -0.0069733464444447 0.999855356441616 0.733900368214
0.06811604300204943 0.9976368384395963 0.008996848081023424 89.9494018555 -0.997581049622353 0.06798136700811064 0.014511484261660518 -26.8885574341 0.013865573248539475 -0.009963550037954457 0.9998542261495577 0.756401896477
0.06345056962269036 0.9979187533729983 0.01149725535138566 90.0107574463 -0.9979175704595038 0.0633081719930143 0.012353053334374413 -27.7061786652 0.011599473364561153 -0.012257121397852816 0.9998575974571094 0.777211308479
0.05659139499381982 0.9983055884668327 0.013541272124485942 90.0663070679 -0.9983535077421274 0.056456490521688774 0.010145849356740299 -28.5178775787 0.009364165411202042 -0.014093144293261702 0.9998568375973038 0.794511198997
0.04881949581330436 0.9987049835291181 0.01431826463569741 90.113861084 -0.9987608064091781 0.04867340346848914 0.010380335987865976 -29.3192119598 0.00966997461021231 -0.01480728430323055 0.9998436057317169 0.814806342125
0.040095696457420726 0.9990969219306951 0.014059719568133549 90.1430358887 -0.9991412435963434 0.03994243747918813 0.011017124538799066 -30.1221752167 0.010445595745414527 -0.01448938497526185 0.9998404608999188 0.832520127296
0.030180838960571554 0.9994511471347445 0.013657285665412482 90.1720657349 -0.9994853888259838 0.030027700059163887 0.011282497666583895 -30.935256958 0.010866208357815531 -0.013990772718749031 0.9998430795853203 0.850018024445
0.019927340907920366 0.9996947541975867 0.01460477710132635 90.1910858154 -0.9997540741545083 0.019782095430084357 0.010022969214262377 -31.7324485779 0.009730996650628293 -0.014800916533611654 0.9998431079794222 0.866647899151
0.00908750962457383 0.9998231018721632 0.016467608581846226 90.2005615234 -0.9999189867897221 0.008939132602480693 0.009061554314048068 -32.5268058777 0.008912745205284789 -0.01654862145004869 0.9998233374456753 0.885961055756
-0.002323240330268539 0.9998875297952109 0.014816555402844796 90.1917800903 -0.9999666831322697 -0.002438858661997112 0.007790031673892094 -33.3191375732 0.007825291011924052 -0.01479796364587074 0.9998598827298324 0.902011036873
-0.013327646639957558 0.9998103936792366 0.01419684917075956 90.1853485107 -0.9998785061282083 -0.013440651732475661 0.007894419813761797 -34.1148452759 0.008083737887264977 -0.014089910302880142 0.9998680550999851 0.92317456007
-0.024039720413722376 0.9996122089655465 0.014054306477302408 90.1680603027 -0.9996755636897251 -0.02415486720122839 0.008081444996338488 -34.89402771 0.008417790990975931 -0.013855471071711464 0.9998685747218048 0.940814554691
-0.0347056225030522 0.9993113324769851 0.013129377300629729 90.1471633911 -0.9993493942255975 -0.03482995704841585 0.009362817497455175 -35.6654052734 0.009813665276590172 -0.01279589284231438 0.9998699700962155 0.957615315914
-0.044971024822060945 0.9989094088822076 0.012553874812301961 90.1143417358 -0.9989305176815936 -0.045100021993442874 0.010188663323777651 -36.4377670288 0.010743731688195087 -0.012082254033925717 0.99986928714051 0.972282886505
-0.05473778825650277 0.9984300895346211 0.011879850490226329 90.0770721436 -0.9984399831122249 -0.054861856015538946 0.01038156425523354 -37.2036476135 0.011017016775954076 -0.011293053856863513 0.9998755383926263 0.990172743797
-0.06417452468901175 0.9978666098707737 0.011994135503337815 90.0362548828 -0.9978695217786347 -0.0643069480612335 0.011001542476062673 -37.9635505676 0.011749378142784674 -0.011262563499616489 0.9998675446161231 1.00931239128
-0.07376407899995974 0.9972052623388427 0.01185434151074724 89.9806442261 -0.9972080063964485 -0.07389237504226986 0.010775383477111468 -38.72315979 0.011621214555889728 -0.011026408027014451 0.9998716746154317 1.02738583088
