9.997845945386025779e-01 -1.047063182765572802e-02 1.792011139507433334e-02 2.046360800000000119e-02 1.027598634391103070e-02 9.998875760541741098e-01 1.091967752124875859e-02 7.681564000000000100e-03 -1.803243266844338152e-02 -1.073317854309683433e-02 9.997797908791816734e-01 -1.233354700000000026e-02
9.997845945386025779e-01 -1.047063182765572802e-02 1.792011139507433334e-02 2.046360800000000119e-02 1.027598634391103070e-02 9.998875760541741098e-01 1.091967752124875859e-02 7.681564000000000100e-03 -1.803243266844338152e-02 -1.073317854309683433e-02 9.997797908791816734e-01 -1.233354700000000026e-02
9.997845945386025779e-01 -1.047063182765572802e-02 1.792011139507433334e-02 2.046360800000000119e-02 1.027598634391103070e-02 9.998875760541741098e-01 1.091967752124875859e-02 7.681564000000000100e-03 -1.803243266844338152e-02 -1.073317854309683433e-02 9.997797908791816734e-01 -1.233354700000000026e-02
9.997845945386025779e-01 -1.047063182765572802e-02 1.792011139507433334e-02 2.046360800000000119e-02 1.027598634391103070e-02 9.998875760541741098e-01 1.091967752124875859e-02 7.681564000000000100e-03 -1.803243266844338152e-02 -1.073317854309683433e-02 9.997797908791816734e-01 -1.233354700000000026e-02
9.997845945386025779e-01 -1.047063182765572802e-02 1.792011139507433334e-02 2.046360800000000119e-02 1.027598634391103070e-02 9.998875760541741098e-01 1.091967752124875859e-02 7.681564000000000100e-03 -1.803243266844338152e-02 -1.073317854309683433e-02 9.997797908791816734e-01 -1.233354700000000026e-02
9.997344489611490470e-01 -1.129839056103252096e-02 2.008427073801566376e-02 2.464733800000000127e-02 1.108189632741434991e-02 9.998796392998353655e-01 1.085810699060718761e-02 9.730373000000000494e-03 -2.020453251466070022e-02 -1.063265180288546809e-02 9.997393278157574725e-01 -1.504436900000000014e-02
9.997081936092940824e-01 -1.193304848772118627e-02 2.100309463464436477e-02 2.914022800000000066e-02 1.172960556431871214e-02 9.998833476399999753e-01 9.783019244201669740e-03 1.165646199999999938e-02 -2.111738581708529766e-02 -9.533806480971376146e-03 9.997315452411391634e-01 -1.797405800000000109e-02
9.996649243862441025e-01 -1.031955431740021016e-02 2.373911857115304849e-02 3.056797400000000123e-02 1.007533584984485718e-02 9.998953214371774090e-01 1.038430428852048053e-02 1.105822499999999965e-02 -2.384379498649214293e-02 -1.014164516900391798e-02 9.996642538742236406e-01 -2.096108699999999977e-02
9.997225546663187634e-01 -1.134615898656071535e-02 2.064166581700558473e-02 3.668890899999999872e-02 1.127327700275221854e-02 9.999298156382815383e-01 3.643764977524954502e-03 1.768856300000000090e-02 -2.068155983161007461e-02 -3.410054815381563086e-03 9.997802981700967262e-01 -2.210989999999999830e-02
9.997331866303611481e-01 -8.738069143660215018e-03 2.138227531260752240e-02 3.831363799999999709e-02 8.663759307720010974e-03 9.999561123713555100e-01 3.565474137181137010e-03 1.545493300000000056e-02 -2.141249225478965290e-02 -3.379271934252399932e-03 9.997650152393976475e-01 -2.602832799999999988e-02
9.998089841355631835e-01 -9.319143782114345728e-03 1.717989525525503644e-02 4.357343899999999853e-02 9.421508773155224184e-03 9.999382864725360198e-01 -5.887140121129422372e-03 2.328174900000000089e-02 -1.712397191806311683e-02 6.047876117839397735e-03 9.998350827912634298e-01 -2.640838699999999845e-02
9.998649389509139951e-01 -7.505558167787903211e-03 1.462089098772923618e-02 4.655136499999999733e-02 7.673293921757073748e-03 9.999050020103161796e-01 -1.145021899965265738e-02 2.591677200000000111e-02 -1.453356174774221229e-02 1.156086291500911523e-02 9.998275461456265223e-01 -2.835792100000000121e-02
9.999289523536541990e-01 -5.572193517216965895e-03 1.053759480765420128e-02 5.035429799999999873e-02 5.773290658443991537e-03 9.997999409566151741e-01 -1.915064432654974003e-02 3.045020299999999860e-02 -1.042877557035047642e-02 1.921012031600983355e-02 9.997610774167734471e-01 -2.986360500000000140e-02
9.999689379250356058e-01 -3.070865028780233284e-03 7.258992564496023411e-03 5.234656499999999768e-02 3.263123720725705397e-03 9.996401969181065716e-01 -2.662383761054205183e-02 3.358357399999999798e-02 -7.174622544749738665e-03 2.664669760972813300e-02 9.996191666318909874e-01 -3.140865600000000007e-02
9.999969954598320054e-01 -5.908353713051493370e-04 2.379072271446348343e-03 5.496957200000000127e-02 6.737140729451423929e-04 9.993875116385112500e-01 -3.498782202899401728e-02 3.699029200000000100e-02 -2.356943074549287982e-03 3.498931972114716071e-02 9.993849069926935558e-01 -3.266659400000000019e-02
9.999948190670222559e-01 1.427784338072065435e-03 -2.885007971819835305e-03 5.820535899999999818e-02 -1.553993798404233609e-03 9.990202210069076827e-01 -4.422875899891216128e-02 4.098027600000000298e-02 2.819032172223131984e-03 4.423301313717265676e-02 9.990172639181060799e-01 -3.431861099999999887e-02
9.999579280205014298e-01 4.079339868305905878e-03 -8.215909881716441585e-03 6.103597999999999663e-02 -4.518990911971823218e-03 9.985185391937780874e-01 -5.422458489892722361e-02 4.566557000000000255e-02 7.982537822218695525e-03 5.425943118539209437e-02 9.984949640420598405e-01 -3.557882099999999659e-02
9.998803195855605619e-01 6.500393501864123319e-03 -1.403892409688824519e-02 6.347410400000000341e-02 -7.396305113614993001e-03 9.978749391030875548e-01 -6.473716537411536298e-02 5.010865300000000300e-02 1.358827347912822461e-02 6.483325376942122853e-02 9.978035919105153750e-01 -3.684935300000000136e-02
9.997677749098644595e-01 9.453482360552333680e-03 -1.936563768733942301e-02 6.452968000000000592e-02 -1.087472066688177294e-02 9.971504759717859656e-01 -7.465030957509762033e-02 5.295573900000000167e-02 1.860474945264970967e-02 7.484356980061375453e-02 9.970217165926250624e-01 -3.756075400000000175e-02
9.995835229451700554e-01 1.176533790061399035e-02 -2.635066376027501989e-02 6.783352800000000404e-02 -1.400012119911515918e-02 9.961710208339958905e-01 -8.629770481863613396e-02 5.835418400000000339e-02 2.523444596048785016e-02 8.663067629101567357e-02 9.959208546176891996e-01 -3.850270799999999660e-02
9.993560098460009256e-01 1.360630425168876320e-02 -3.320292260163276721e-02 7.039042600000000593e-02 -1.679947074001025831e-02 9.950573187787944418e-01 -9.787088498431051331e-02 6.274899800000000027e-02 3.170715010112197529e-02 9.836564862474639348e-02 9.946450903729922022e-01 -3.942113399999999657e-02
9.990881794704190577e-01 1.740173156813596203e-02 -3.898704119209931568e-02 7.148404399999999659e-02 -2.150562408557359431e-02 9.939780994580998952e-01 -1.074478754110743395e-01 6.483883399999999797e-02 3.688248602214749122e-02 1.081883428845007156e-01 9.934460049186024655e-01 -4.060960899999999790e-02
9.987663700392461763e-01 1.929925237458334636e-02 -4.575234350729785737e-02 7.335805900000000324e-02 -2.466830332741551390e-02 9.924848653632882822e-01 -1.198551911089469624e-01 6.980639700000000614e-02 4.309539290427993885e-02 1.208359668418212129e-01 9.917365861093498935e-01 -4.124110599999999960e-02
9.983913422900683177e-01 2.046263149497674211e-02 -5.287729524603537734e-02 7.624767699999999981e-02 -2.733959669808862930e-02 9.907661501700237849e-01 -1.327967700271948936e-01 7.575118499999999866e-02 4.967166287352850484e-02 1.340287894057489992e-01 9.897317866562678201e-01 -4.174844500000000208e-02
9.980721114018905604e-01 2.288220677581282933e-02 -5.769285098555150537e-02 7.507520199999999366e-02 -3.093443775016122346e-02 9.892690177469456447e-01 -1.427931058807623554e-01 7.716242199999999440e-02 5.380632865057330405e-02 1.443025125874880799e-01 9.880696654882611396e-01 -4.185244099999999717e-02
9.976266018471146024e-01 2.421667557037029961e-02 -6.445708581139973636e-02 7.754982300000000384e-02 -3.400485368087174942e-02 9.872682283804705694e-01 -1.553869851584409600e-01 8.293208500000000261e-02 5.987347670814868045e-02 1.572100437465955292e-01 9.857485323002374011e-01 -4.218000899999999748e-02
9.971864902261809993e-01 2.508355398446181564e-02 -7.063935892899245172e-02 7.941133499999999956e-02 -3.665523612920103258e-02 9.851700718680851399e-01 -1.676195786886019723e-01 8.777701899999999779e-02 6.538728756190265168e-02 1.697372817472357631e-01 9.833177298362704155e-01 -4.263030400000000081e-02
9.967748926221952077e-01 2.569446004589772889e-02 -7.602373419505970009e-02 8.009786900000000209e-02 -3.900481448043315036e-02 9.830470614060209389e-01 -1.791566340059274343e-01 9.180116700000000296e-02 7.013157552314305820e-02 1.815441262722003180e-01 9.808788367228161720e-01 -4.265689100000000233e-02
9.963143202210374971e-01 2.723273075038020949e-02 -8.133974242871290505e-02 8.131196300000000099e-02 -4.235676071740505921e-02 9.807824380003051790e-01 -1.904513432131839934e-01 9.676402100000000561e-02 7.459008073477700618e-02 1.931946885554952364e-01 9.783210782610812783e-01 -4.263932299999999981e-02
9.957664055839269279e-01 2.607115844059194193e-02 -8.814510881513491769e-02 8.375869699999999307e-02 -4.368204561984385254e-02 9.779503572304326653e-01 -2.042179661130114621e-01 1.028865199999999952e-01 8.087734170292880387e-02 2.072037487364424280e-01 9.749489535912293503e-01 -4.198475200000000018e-02
9.954296700302189826e-01 2.809686476126850574e-02 -9.127068649964363567e-02 8.439163900000000440e-02 -4.700999524110280325e-02 9.760890151001835324e-01 -2.122269892077466580e-01 1.054526340000000034e-01 8.312540147849352412e-02 2.155476763765745429e-01 9.729487997000143551e-01 -4.282630199999999665e-02
9.950160508050625019e-01 2.827451686975597511e-02 -9.562222720727170389e-02 8.612575399999999881e-02 -4.909247837094479761e-02 9.735904853693527761e-01 -2.229607484865135381e-01 1.102682950000000023e-01 8.679278315445085323e-02 2.265438555645460927e-01 9.701262259614747974e-01 -4.275800700000000065e-02
9.946724563141454700e-01 2.855404563966674331e-02 -9.905236558302064898e-02 8.731228900000000126e-02 -5.109930354930610624e-02 9.710862054834817902e-01 -2.331961464014122576e-01 1.152303519999999942e-01 8.952969243083781781e-02 2.370152906402893944e-01 9.673717931467398223e-01 -4.245531899999999831e-02
9.944756094854685369e-01 2.722462103518118876e-02 -1.013759446219701515e-01 8.760234000000000076e-02 -5.131611574803098680e-02 9.685972171791844554e-01 -2.432819087751379172e-01 1.198476779999999992e-01 9.156920007863274258e-02 2.471401442142304450e-01 9.646433697044357602e-01 -4.181254999999999694e-02
9.940676240650998530e-01 2.551242228632424891e-02 -1.057292537316494030e-01 9.074266999999999750e-02 -5.193054491919189830e-02 9.654705183873508734e-01 -2.552839529411429775e-01 1.268648649999999933e-01 9.556556539864674571e-02 2.592600903223328257e-01 9.610678583097516103e-01 -4.081260800000000022e-02
9.939050440161590894e-01 2.447679818393021234e-02 -1.074879055052249816e-01 9.238765399999999961e-02 -5.229203741700214070e-02 9.630420521681035684e-01 -2.642263207529232383e-01 1.320858599999999994e-01 9.704795877305134877e-02 2.682366345347163006e-01 9.584522948960335631e-01 -4.034484599999999671e-02
9.938250715279975944e-01 2.403110795656078491e-02 -1.083246650248721465e-01 9.408661699999999739e-02 -5.287556955516910240e-02 9.608584571689389175e-01 -2.719470526244824882e-01 1.365397720000000037e-01 9.754948152905329462e-02 2.759955273864174163e-01 9.561958834444469479e-01 -4.017700300000000280e-02
9.940891266926736858e-01 2.529469865862352465e-02 -1.055792896886829368e-01 9.282772200000000140e-02 -5.366799339181937967e-02 9.598433113934544680e-01 -2.753553414381925690e-01 1.377033589999999974e-01 9.437454464363276285e-02 2.793939795217810773e-01 9.555273149053823412e-01 -4.066368599999999750e-02
9.940399036210202377e-01 2.194221150812646071e-02 -1.067858106830939791e-01 9.595959599999999423e-02 -5.190600443377331452e-02 9.566403303438835160e-01 -2.866095690364622861e-01 1.462472529999999937e-01 9.586676542386340927e-02 2.904441731446478769e-01 9.520775943028424448e-01 -3.880628600000000233e-02
9.942327267885252562e-01 2.142813734033236633e-02 -1.050814917708046692e-01 9.759341200000000438e-02 -5.143902898510061689e-02 9.550527546691345293e-01 -2.919387985451197820e-01 1.501067580000000068e-01 9.410266351025253773e-02 2.956603976338763595e-01 9.506469470793320609e-01 -3.844176600000000221e-02
9.945347004222081511e-01 2.036359463205487247e-02 -1.024014339243838612e-01 9.891820699999999411e-02 -5.015007884963471746e-02 9.534140220862977744e-01 -2.974670941139604952e-01 1.546215860000000053e-01 9.157346366433907758e-02 3.009767873157160323e-01 9.492245647103882966e-01 -3.788214899999999691e-02
9.948498929900991827e-01 1.846693294081729747e-02 -9.966274532315275159e-02 1.011589989999999994e-01 -4.810236872104122624e-02 9.515022687837634274e-01 -3.038578526593901930e-01 1.607212130000000017e-01 8.921800569959656424e-02 3.070869663256811655e-01 9.474902334968295925e-01 -3.696227099999999793e-02
9.952433576411746641e-01 1.746169886522164205e-02 -9.584230873607518797e-02 1.028685500000000030e-01 -4.631977282830405940e-02 9.503052018591315875e-01 -3.078546766976414384e-01 1.646240059999999894e-01 8.570377889133676264e-02 3.108297160700941308e-01 9.465937618067897796e-01 -3.666979100000000019e-02
9.956626155055426919e-01 1.679903865201091973e-02 -9.150818753002384898e-02 1.047316570000000058e-01 -4.465126003304017294e-02 9.491690253376705577e-01 -3.115837388520111273e-01 1.686040460000000074e-01 8.162242989597651155e-02 3.143182362509447381e-01 9.458022125677078007e-01 -3.631097800000000070e-02
9.961226446800541812e-01 1.520894152815279940e-02 -8.665082142257884978e-02 1.066508220000000062e-01 -4.192896170559654023e-02 9.479580104434568444e-01 -3.156225160003220398e-01 1.735394899999999907e-01 7.734105588822173805e-02 3.180319143319993436e-01 9.449201355354952536e-01 -3.555684199999999823e-02
9.966564882270965153e-01 1.617672561097956152e-02 -8.008843876202460799e-02 1.079915169999999952e-01 -4.069017311755124960e-02 9.482759675804420807e-01 -3.148285233600034427e-01 1.742185800000000118e-01 7.085304712216121403e-02 3.170347029236446623e-01 9.457636294844612435e-01 -3.646231400000000261e-02
9.971244172389470695e-01 1.487449118709769334e-02 -7.430777925503538606e-02 1.100617720000000022e-01 -3.783150187535786607e-02 9.473273623178767311e-01 -3.180245997870432828e-01 1.785721030000000098e-01 6.566333841455905540e-02 3.199212686205454292e-01 9.451659684269614337e-01 -3.581213999999999925e-02
9.975992570308417351e-01 1.389703328782473067e-02 -6.784242652875559221e-02 1.117203380000000024e-01 -3.499420158301309869e-02 9.465389543892671620e-01 -3.206858488914663408e-01 1.825135800000000086e-01 5.975891755277996237e-02 3.222900561442596512e-01 9.447528732337626689e-01 -3.528967499999999952e-02
9.979935984073942112e-01 1.209603593012392383e-02 -6.214872044248200694e-02 1.150552330000000067e-01 -3.165852890744433323e-02 9.453989874490283940e-01 -3.243740003110120451e-01 1.879700119999999919e-01 5.483169781501518597e-02 3.256907128628770964e-01 9.438850801181221106e-01 -3.421902699999999908e-02
9.983919365117159828e-01 1.078596519437685468e-02 -5.565252971079949484e-02 1.177794489999999944e-01 -2.842972502419930519e-02 9.446149760472788426e-01 -3.269469341686007668e-01 1.920393709999999865e-01 4.904377476738658315e-02 3.280033688577369544e-01 9.434026172184075687e-01 -3.359372499999999789e-02
9.987331718751674137e-01 9.150249477661329817e-03 -4.948054497137269192e-02 1.211118250000000063e-01 -2.500132508304049941e-02 9.436011059468381035e-01 -3.301391927657123526e-01 1.971090580000000037e-01 4.366904098167953552e-02 3.309580423413225336e-01 9.426344938889833491e-01 -3.246232100000000231e-02
9.990702339425595602e-01 8.356078889377005492e-03 -4.229472302254522198e-02 1.236117330000000014e-01 -2.189091618172078063e-02 9.434830064616470668e-01 -3.306971489245357221e-01 1.981977520000000048e-01 3.714102096986812707e-02 3.313155481767889876e-01 9.427887102090423133e-01 -3.275308400000000175e-02
9.993544538569607560e-01 6.930404529244855658e-03 -3.525117089284623279e-02 1.265994460000000044e-01 -1.830138495213289029e-02 9.425627683661521594e-01 -3.335273407065292850e-01 2.023871690000000056e-01 3.091496183224994726e-02 3.339571786666614694e-01 9.420811366076247140e-01 -3.170181100000000335e-02
9.995799505357964021e-01 5.950631068678819205e-03 -2.836392914846544780e-02 1.298881920000000134e-01 -1.515518997051279980e-02 9.415413893379521726e-01 -3.365562841197834443e-01 2.072761359999999997e-01 2.470309097688712027e-02 3.368447745675197114e-01 9.412360783261255470e-01 -3.029947699999999827e-02
9.997698419969107686e-01 4.743263836381663746e-03 -2.092282202884060416e-02 1.322593390000000035e-01 -1.157408635717982817e-02 9.404047417365163364e-01 -3.398602098576304353e-01 2.120301430000000042e-01 1.806387440358816349e-02 3.400241508593978557e-01 9.402431990043197407e-01 -2.848422200000000001e-02
9.998914402371673615e-01 3.884181342815390663e-03 -1.421340479052245372e-02 1.360805780000000076e-01 -8.512364581767038751e-03 9.396431739922376236e-01 -3.420500624455730665e-01 2.150072460000000130e-01 1.202694431974306137e-02 3.421339192554422870e-01 9.395742301198135582e-01 -2.804942399999999988e-02
9.999663983146438451e-01 2.966289487025532308e-03 -7.642209648942358685e-03 1.401117299999999899e-01 -5.416960380864606524e-03 9.388058743507246007e-01 -3.444041039604546772e-01 2.177751659999999923e-01 6.152949038580528968e-03 3.444339289490085387e-01 9.387903971637534539e-01 -2.760711700000000046e-02
9.999964898061722840e-01 1.843912127200858422e-03 -1.902725256347701389e-03 1.447178130000000007e-01 -2.392113360647249876e-03 9.370928612026498961e-01 -3.490719800796117656e-01 2.234388140000000134e-01 1.139372197218600433e-03 3.490753063038091741e-01 9.370939826719079102e-01 -2.619186800000000009e-02
9.999843512802915058e-01 1.194919098733984112e-03 5.465287081382654184e-03 1.474661979999999928e-01 7.973022306718589511e-04 9.365102928877849786e-01 -3.506391815305129334e-01 2.240131200000000100e-01 -5.537283060076759154e-03 3.506380519618235714e-01 9.364946849890446456e-01 -2.634259300000000095e-02
9.999422830150148656e-01 4.752463124715828116e-04 1.073334894906993915e-02 1.528126599999999891e-01 3.351797785279028111e-03 9.353618603753061089e-01 -3.536763430127227159e-01 2.263718399999999908e-01 -1.020764861888462556e-02 3.536919058957795348e-01 9.353062811793174669e-01 -2.654558799999999844e-02
9.998733125643193276e-01 1.531184330934623992e-04 1.591651269594771337e-02 1.578983959999999964e-01 5.546941377310111651e-03 9.339186571769344525e-01 -3.574425453386715357e-01 2.289776500000000048e-01 -1.491945920640231314e-02 3.574855498220551042e-01 9.337994920781502728e-01 -2.609743600000000163e-02
9.997653345069579256e-01 -1.506129866460440437e-03 2.161035610571804266e-02 1.617777649999999900e-01 9.245732688497610915e-03 9.318233434949648730e-01 -3.627943948642503580e-01 2.328463050000000034e-01 -1.959061880705752212e-02 3.629090631145633905e-01 9.316186019847748634e-01 -2.472095900000000068e-02
9.996417836617926822e-01 -2.030094906661637777e-03 2.668675836701881604e-02 1.664766370000000106e-01 1.168443547111617381e-02 9.301792278543431491e-01 -3.669197160633634880e-01 2.348157760000000038e-01 -2.407858644503502177e-02 3.671000991323318807e-01 9.298697429704017026e-01 -2.434125700000000156e-02
9.995008060544788853e-01 -2.530737059412452306e-03 3.149180951268174683e-02 1.713886860000000123e-01 1.406259943767546039e-02 9.282342149282781785e-01 -3.717303936101249984e-01 2.372398530000000005e-01 -2.829102319645590558e-02 3.719876847510131257e-01 9.278064347697090319e-01 -2.384791500000000078e-02
9.993314265203364632e-01 -1.354322165782910654e-03 3.653581503539576891e-02 1.754119249999999963e-01 1.497491733463151078e-02 9.268065908388039009e-01 -3.752403163688237120e-01 2.370003159999999887e-01 -3.335343789851857865e-02 3.755365614547073738e-01 9.262072333938687896e-01 -2.406928700000000171e-02
9.991853187311093842e-01 -2.790906716623339778e-03 4.026052249922350279e-02 1.812690050000000108e-01 1.799194348272170965e-02 9.237861084111834709e-01 -3.824859682082935586e-01 2.421462239999999932e-01 -3.612462874447186501e-02 3.828987290997716841e-01 9.230837310081105862e-01 -2.261538800000000016e-02
9.990091648111744105e-01 -3.190660470682001731e-03 4.439040784945244567e-02 1.863530130000000118e-01 2.019400837584384156e-02 9.213351219643712842e-01 -3.882445042246103206e-01 2.444472159999999950e-01 -3.965968543743444985e-02 3.887562381758753460e-01 9.204866629290974211e-01 -2.220128299999999874e-02
9.988559692834489967e-01 -2.405221493711015568e-03 4.775947588058061105e-02 1.922781169999999984e-01 2.095853470019056614e-02 9.197200904859607062e-01 -3.920149167821514458e-01 2.436163719999999977e-01 -4.298246677474989313e-02 3.925674083085124999e-01 9.187183123699533827e-01 -2.374964200000000136e-02
9.986424597638948741e-01 -2.604085053420362658e-03 5.202361288638375492e-02 1.961232719999999874e-01 2.316738105791737307e-02 9.167312959059364941e-01 -3.988320493159240865e-01 2.468856419999999885e-01 -4.665308148059474358e-02 3.994958696252778330e-01 9.155471261167871244e-01 -2.237054100000000073e-02
9.984507887908892210e-01 -2.875912766717515431e-03 5.556753988264512972e-02 2.012449649999999979e-01 2.519139165207059244e-02 9.138143089822758913e-01 -4.053502220128632483e-01 2.489600630000000092e-01 -4.961266118122584917e-02 4.061220725656310981e-01 9.124710658566183019e-01 -2.193003899999999839e-02
9.982806176030079026e-01 -2.164115557260686690e-03 5.857580662707180530e-02 2.069353009999999882e-01 2.606410546066120770e-02 9.114774086217495297e-01 -4.105235632442012506e-01 2.497463080000000002e-01 -5.250210400253324527e-02 4.113444422573799830e-01 9.099666361462227515e-01 -2.268578300000000103e-02
9.980980952959471741e-01 -2.235202070862002399e-03 6.160516243225615252e-02 2.122045760000000059e-01 2.775889528051412453e-02 9.085877352760096670e-01 -4.167706456059701026e-01 2.511520680000000061e-01 -5.504212840550137820e-02 4.176880788072770967e-01 9.069217347284593833e-01 -2.290406799999999965e-02
9.979595064385602399e-01 -2.179057766449103706e-03 6.381281388683522626e-02 2.184323669999999884e-01 2.901775734979240504e-02 9.057227115988355504e-01 -4.228762696728692316e-01 2.523427899999999835e-01 -5.687524300865853116e-02 4.238650981164917009e-01 9.039378216068862937e-01 -2.336239799999999950e-02
9.977405429155178362e-01 -1.525999286026733653e-03 6.716755428647552817e-02 2.225332260000000006e-01 3.024287281504374134e-02 9.029268303277887542e-01 -4.287289443437490855e-01 2.532753649999999745e-01 -5.999314682978948432e-02 4.297915894947125226e-01 9.009328565065588545e-01 -2.371185300000000148e-02
9.975910479352214644e-01 -1.090498579664334403e-03 6.936073739771166091e-02 2.284031659999999908e-01 3.117176212649879624e-02 9.002875969888358698e-01 -4.341780325557667020e-01 2.532074449999999755e-01 -6.197114106933599570e-02 4.352942148948399925e-01 8.981528400854997818e-01 -2.507729499999999945e-02
9.973232141916837934e-01 -4.331913450905180984e-04 7.311784173255697628e-02 2.313712089999999943e-01 3.267257184559600736e-02 8.972382417084707740e-01 -4.403362813406206389e-01 2.539440099999999978e-01 -6.541337388763157623e-02 4.415465433690431984e-01 8.948506805917323392e-01 -2.490785900000000094e-02
9.972273067308327077e-01 -1.101986969794761101e-03 7.440755563172357645e-02 2.384670530000000122e-01 3.425187347881210320e-02 8.944749232209121548e-01 -4.458042405497449345e-01 2.542107399999999906e-01 -6.606442214657662348e-02 4.471167603139719060e-01 8.920325637401232965e-01 -2.753330000000000014e-02
9.969943961543522581e-01 -8.115578423648454887e-04 7.746944824049578626e-02 2.420205769999999867e-01 3.585264593218552565e-02 8.912618774114917652e-01 -4.520695230300360024e-01 2.553561630000000249e-01 -6.867868531414750288e-02 4.534882658314450810e-01 8.886121937812404559e-01 -2.767371399999999856e-02
9.969334309075612577e-01 -1.915930505561394548e-04 7.825405823969570906e-02 2.492027880000000084e-01 3.603137868566013563e-02 8.888122078377893587e-01 -4.568529292327290214e-01 2.549157739999999839e-01 -6.946563242992369325e-02 4.582715597662779805e-01 8.860935071540099184e-01 -2.981145699999999954e-02
9.967284115489108975e-01 -5.941648346536806957e-05 8.082369752038411070e-02 2.534013689999999874e-01 3.758830406229915488e-02 8.856169285385219192e-01 -4.628928334762968388e-01 2.564430830000000161e-01 -7.155133128674263931e-02 4.644164643460393371e-01 8.827217877878730246e-01 -3.060821799999999954e-02
9.964650037154167972e-01 5.118733018960978931e-04 8.400734703677617543e-02 2.559843960000000029e-01 3.903552016967377913e-02 8.826519052282635336e-01 -4.684035037892005371e-01 2.573593849999999961e-01 -7.438900816328669618e-02 4.700269696332747826e-01 8.795117527821008085e-01 -3.133643400000000329e-02
9.963780279905879445e-01 1.200144516242819537e-03 8.502579015056153933e-02 2.622564139999999933e-01 3.927204784206848875e-02 8.803813657151438044e-01 -4.726376594811594334e-01 2.567875680000000216e-01 -7.542235474895674086e-02 4.742649160065272040e-01 8.771455169180563116e-01 -3.431398799999999666e-02
9.961879139134406369e-01 1.562191351990271232e-03 8.721926238490611272e-02 2.661842700000000006e-01 4.044679476796951556e-02 8.775980571211811077e-01 -4.776878760551976355e-01 2.574514450000000010e-01 -7.728969508146014966e-02 4.793946283546655640e-01 8.741893921450357707e-01 -3.554211599999999860e-02
9.960462236315529294e-01 1.915831438866297254e-03 8.881582054578074370e-02 2.710190120000000036e-01 4.127700150313342448e-02 8.753128928243424367e-01 -4.817920182012062624e-01 2.574550210000000061e-01 -7.866466510595973571e-02 4.835531710633061420e-01 8.717730216165147095e-01 -3.775689399999999918e-02
9.957499340346303018e-01 2.523956447442396445e-03 9.206355692607610941e-02 2.728426460000000220e-01 4.273399108452957673e-02 8.728378844531048397e-01 -4.861356122209272157e-01 2.579669649999999925e-01 -8.158354537538060891e-02 4.880037470217619133e-01 8.690204071347826797e-01 -3.934233300000000016e-02
9.956396415042110259e-01 2.920909012708559210e-03 9.323718440571621136e-02 2.782143950000000032e-01 4.325959837586959567e-02 8.710760070785077414e-01 -4.892394066717458689e-01 2.573432330000000046e-01 -8.264569809569347059e-02 4.911395506194781713e-01 8.671514460597828933e-01 -4.216503700000000243e-02
9.953799351022715181e-01 3.410277482007902095e-03 9.595392020805287858e-02 2.804234919999999964e-01 4.449142353209208783e-02 8.692167791232847662e-01 -4.924253284739025793e-01 2.571252880000000074e-01 -8.508406447676128415e-02 4.944194180026089680e-01 8.650492130937267321e-01 -4.430730599999999769e-02
9.951903673389904670e-01 3.830403448141016937e-03 9.788493635442410690e-02 2.839097680000000068e-01 4.530918056439203756e-02 8.679279188286620483e-01 -4.946192534407963248e-01 2.561617199999999817e-01 -8.685166038866792837e-02 4.966754027804999860e-01 8.635799519213953612e-01 -4.719245799999999963e-02
9.950583862071451513e-01 4.243439617122462398e-03 9.920081279429004972e-02 2.883576449999999958e-01 4.577057777876025746e-02 8.670008180057646729e-01 -4.962001972864715227e-01 2.548203470000000026e-01 -8.811278141467560054e-02 4.982886460652607430e-01 8.625222101220459958e-01 -5.060971200000000114e-02
9.947991319597228044e-01 4.273213076709615754e-03 1.017665303632935697e-01 2.906078400000000062e-01 4.724977501298703586e-02 8.657539718587283772e-01 -4.982344016344700255e-01 2.549695670000000081e-01 -9.023383962463428498e-02 5.004515959219605348e-01 8.610493913392881504e-01 -5.358817800000000020e-02
9.946224830251877425e-01 4.315455987085339840e-03 1.034770172571361918e-01 2.942094499999999835e-01 4.834788458559487190e-02 8.642331749512001116e-01 -5.007629193239715448e-01 2.565994859999999878e-01 -9.158929149692189575e-02 5.030729531125599507e-01 8.593771032147062838e-01 -5.550681400000000154e-02
9.944957402765163268e-01 4.609344084440934741e-03 1.046755774714185350e-01 2.982245090000000265e-01 4.876223646011047796e-02 8.638877883989034556e-01 -5.013183951847962616e-01 2.559076550000000116e-01 -9.273870210042831075e-02 5.036632237937991308e-01 8.589079637134384715e-01 -5.958904300000000126e-02
9.942133221929321252e-01 4.753034109280955544e-03 1.073185847877655558e-01 2.994942369999999965e-01 4.991213162801588082e-02 8.641998044041709903e-01 -5.006670322521149519e-01 2.540654840000000081e-01 -9.512438746420619207e-02 5.031263327779105232e-01 8.589617245110581223e-01 -6.346043199999999718e-02
9.939909453347542945e-01 5.048027062667079928e-03 1.093458641892597755e-01 3.019309940000000081e-01 5.070637593766143258e-02 8.640602457895775190e-01 -5.008280693864147759e-01 2.544786330000000096e-01 -9.700960793545147787e-02 5.033630986363913928e-01 8.586120933805791999e-01 -6.739719199999999466e-02
9.936916420865932187e-01 4.952544974939833422e-03 1.120374613489659443e-01 3.031281230000000271e-01 5.205690548615907881e-02 8.645044353061965836e-01 -4.999221538670988174e-01 2.539226110000000203e-01 -9.933276920762323936e-02 5.026007895280162341e-01 8.587930177448811486e-01 -7.087045899999999676e-02
9.935324272216715658e-01 4.816790923673246877e-03 1.134465274224440989e-01 3.063282070000000190e-01 5.263016645618541489e-02 8.657629508319608647e-01 -4.976791923976024989e-01 2.522037919999999822e-01 -1.006150169597359867e-01 5.004311256226308124e-01 8.599100574305772460e-01 -7.568462199999999307e-02
9.932723401594428791e-01 4.581287238793956690e-03 1.157111493392916080e-01 3.072257339999999726e-01 5.375101986623014028e-02 8.668164448556883173e-01 -4.957217755869572917e-01 2.517502899999999877e-01 -1.025713709449391775e-01 4.986063203921318188e-01 8.607385498091127962e-01 -7.962235099999999399e-02
9.930607347954135689e-01 4.240590981264877324e-03 1.175261434563518032e-01 3.092831369999999858e-01 5.460693763596236733e-02 8.684569396979243683e-01 -4.927480352599469260e-01 2.506489749999999961e-01 -1.041559377549618332e-01 4.957464687505553913e-01 8.621989209873432980e-01 -8.423164499999999388e-02
9.928258701393160024e-01 3.644580356143616029e-03 1.195136335994254062e-01 3.107130530000000168e-01 5.577567380711174333e-02 8.700084967592142116e-01 -4.898717074685321471e-01 2.507544460000000197e-01 -1.057632535121379447e-01 4.930232576672221034e-01 8.635636638984570679e-01 -8.865642499999999704e-02
9.925977106169171504e-01 3.179290439232030502e-03 1.214070714182568650e-01 3.118640180000000206e-01 5.666672812063761056e-02 8.720466882820856469e-01 -4.861311092497049846e-01 2.498884650000000041e-01 -1.074181865521684071e-01 4.894123676089007779e-01 8.654113863529261375e-01 -9.312926200000000432e-02
9.924432477103859451e-01 2.490357048836214920e-03 1.226792492470944324e-01 3.141195480000000262e-01 5.735967605355687948e-02 8.744154874737500860e-01 -4.817752825011625828e-01 2.493838220000000050e-01 -1.084724280040435945e-01 4.851714680273493951e-01 8.676649001631299152e-01 -9.830141800000000152e-02
9.922157889989464685e-01 2.083648480467509972e-03 1.245129971938987168e-01 3.149048090000000077e-01 5.804896094790838734e-02 8.768468466169411224e-01 -4.772524758561181857e-01 2.489474120000000068e-01 -1.101732553484110755e-01 4.807652919948945947e-01 8.699003321179946679e-01 -1.031095610000000024e-01
9.920279599181687225e-01 8.591935489432184214e-04 1.260150329406834468e-01 3.161554930000000097e-01 5.916728473179416053e-02 8.797284940692233768e-01 -4.717806790661982497e-01 2.474280600000000052e-01 -1.112643660749607633e-01 4.754755919173367928e-01 8.726644271040244760e-01 -1.080685029999999963e-01
9.918793882092239445e-01 4.847716131353811686e-04 1.271811473536019199e-01 3.178668619999999723e-01 5.940632350268131023e-02 8.824338811350703748e-01 -4.666704770529106483e-01 2.477495369999999919e-01 -1.124551820664138335e-01 4.704361916576780267e-01 8.752391796560698989e-01 -1.136364269999999982e-01
9.917376590454930474e-01 -3.266637425130940187e-04 1.282821457637992046e-01 3.193363249999999764e-01 5.997252784456225116e-02 8.851690642108022145e-01 -4.613881485995341980e-01 2.476348580000000132e-01 -1.134006681413231715e-01 4.652694069622158035e-01 8.778750864503044316e-01 -1.185567599999999971e-01
9.918027317256550290e-01 -7.462825780209236814e-04 1.277763061128395217e-01 3.194097879999999723e-01 5.918295179323915245e-02 8.889381301901367882e-01 -4.541876032116051176e-01 2.424867450000000035e-01 -1.132462783431202047e-01 4.580266845461922198e-01 8.816954330635128345e-01 -1.243002410000000058e-01
9.916481086354916874e-01 -1.678841404645060875e-03 1.289620491896353582e-01 3.206818399999999958e-01 5.978734031098756341e-02 8.919717425618297613e-01 -4.481203905311059166e-01 2.420831469999999985e-01 -1.142781806741341166e-01 4.520880356332722116e-01 8.846224649301299703e-01 -1.295042190000000037e-01
9.915527325896918986e-01 -2.855151724051457895e-03 1.296727673898704913e-01 3.222016389999999841e-01 6.032799055237120234e-02 8.951853358450930775e-01 -4.415922871199416400e-01 2.416303009999999918e-01 -1.148203468459655235e-01 4.456849364703058813e-01 8.877957114976573472e-01 -1.350187509999999924e-01
9.914866079768085427e-01 -3.658496880812430602e-03 1.301572956203968234e-01 3.239111299999999916e-01 6.038953581425222927e-02 8.985154821419699678e-01 -4.347677912579568926e-01 2.408684640000000043e-01 -1.153577486204608177e-01 4.389265812772750741e-01 8.910870025319986842e-01 -1.409435420000000050e-01
9.913793888456050585e-01 -4.901313623106941936e-03 1.309308386014638170e-01 3.251378540000000039e-01 6.097255707490702170e-02 9.017605253592206882e-01 -4.279138957636333673e-01 2.401515539999999893e-01 -1.159709215961562817e-01 4.322082044901859321e-01 8.942856441403428391e-01 -1.463841049999999866e-01
9.913602207756401219e-01 -5.654648757768693246e-03 1.310455554801474021e-01 3.270890410000000248e-01 6.082903875404759020e-02 9.049616332458089163e-01 -4.211226310676460249e-01 2.400166089999999919e-01 -1.162098993542835107e-01 4.254555996816875574e-01 8.974869313764757273e-01 -1.523122040000000066e-01
9.913049774831860228e-01 -6.562534287430973196e-03 1.314206024974260423e-01 3.287841080000000193e-01 6.088257358099190275e-02 9.082927925312694883e-01 -4.138810399980934474e-01 2.394956050000000003e-01 -1.166522775226239567e-01 4.182835595376354076e-01 9.007947102249824756e-01 -1.580755259999999940e-01
9.913372062640010141e-01 -7.883051672311163632e-03 1.311045421525019183e-01 3.315692539999999799e-01 6.106460439247714256e-02 9.114142175753803254e-01 -4.069339480700124301e-01 2.393120830000000088e-01 -1.162826623666474990e-01 4.114146102143055317e-01 9.040001996322429845e-01 -1.632174399999999914e-01
9.913218754093428009e-01 -8.932488357653787375e-03 1.311531546957366567e-01 3.335070609999999935e-01 6.114196193045945416e-02 9.145367412172757948e-01 -3.998552356228186055e-01 2.388837639999999984e-01 -1.163726764588565166e-01 4.044042032613235915e-01 9.071464272973664977e-01 -1.683865639999999886e-01
9.912396275514622213e-01 -9.968675778801734666e-03 1.316989987617807611e-01 3.344911340000000233e-01 6.137570930526107388e-02 9.177089265386855210e-01 -3.924835645711672316e-01 2.383983580000000047e-01 -1.169488053761751217e-01 3.971283818293910861e-01 9.102812890896169185e-01 -1.742206069999999996e-01
9.912185933832480256e-01 -1.066014733761517022e-02 1.318031160104934374e-01 3.362320360000000119e-01 6.110271328691609105e-02 9.208749042274368968e-01 -3.850400877740989269e-01 2.377462539999999902e-01 -1.172695977664807293e-01 3.897124222075160072e-01 9.134396911766198279e-01 -1.794897619999999971e-01
9.911990764653193509e-01 -1.183877898112790927e-02 1.318492856504499267e-01 3.382488490000000181e-01 6.123496935401401275e-02 9.240337929805980677e-01 -3.773749169699838202e-01 2.367049599999999920e-01 -1.173655372863384450e-01 3.821274561479784948e-01 9.166263894932132894e-01 -1.846774670000000118e-01
9.914852709707319134e-01 -1.403875734682827683e-02 1.294599194355192662e-01 3.441878859999999984e-01 6.151148572793940783e-02 9.267553368223875321e-01 -3.705953086518562478e-01 2.367566670000000040e-01 -1.147749736294274847e-01 3.754030620058658729e-01 9.197278110750942703e-01 -1.891808510000000110e-01
9.914357405630849218e-01 -1.499390416567073295e-02 1.297318587394704903e-01 3.455801609999999968e-01 6.158257042362934308e-02 9.296828975882357460e-01 -3.631766745703262078e-01 2.358849050000000058e-01 -1.151640540887041708e-01 3.680555566348816532e-01 9.226442152184347600e-01 -1.939716790000000080e-01
9.914942801024047014e-01 -1.619890699895087244e-02 1.291382512513376546e-01 3.486249739999999764e-01 6.155478317770408242e-02 9.326015936432907605e-01 -3.556195666747545281e-01 2.344779369999999974e-01 -1.146738906297336269e-01 3.605438433062388426e-01 9.256662659197461007e-01 -1.983488049999999892e-01
9.913858310939228646e-01 -1.739470778235117226e-02 1.298135510930137348e-01 3.493973309999999777e-01 6.203909780256091494e-02 9.352648669850599505e-01 -3.484691936559992653e-01 2.338726670000000063e-01 -1.153485338010681316e-01 3.535209367556392257e-01 9.282874894262871379e-01 -2.019656300000000071e-01
9.914068569845252421e-01 -1.834499662060663089e-02 1.295218322255170529e-01 3.522042630000000174e-01 6.178611925027443358e-02 9.383849132819134242e-01 -3.400238667989154973e-01 2.307138139999999893e-01 -1.153035966137046509e-01 3.451046444542374969e-01 9.314547036673648250e-01 -2.058876010000000034e-01
9.913837606221058696e-01 -1.927436203538438961e-02 1.295636451436129877e-01 3.539839390000000252e-01 6.180473295887237151e-02 9.409213763482461301e-01 -3.329371389839297923e-01 2.294590320000000072e-01 -1.154920523614227229e-01 3.380761193859321279e-01 9.340054193324015541e-01 -2.084342389999999934e-01
9.913105678424077860e-01 -2.052868915523876556e-02 1.299304852816706157e-01 3.554804329999999846e-01 6.218382074440319263e-02 9.435445010325821391e-01 -3.253566458654309490e-01 2.274627979999999938e-01 -1.159160494564526189e-01 3.306090553701503398e-01 9.366221874297373517e-01 -2.110536990000000113e-01
9.911352391941576911e-01 -2.167757243018025165e-02 1.310763917762236830e-01 3.557834029999999981e-01 6.279619342234607493e-02 9.458727723772789586e-01 -3.184043601569919169e-01 2.257926610000000056e-01 -1.170793565031986727e-01 3.238128801157458270e-01 9.388491055286479758e-01 -2.126536970000000026e-01
9.912280944572363639e-01 -2.303064652759533038e-02 1.301401324695692363e-01 3.600735369999999991e-01 6.274234969860423283e-02 9.486634916275892282e-01 -3.100015761367172495e-01 2.219403389999999865e-01 -1.163196557464563907e-01 3.154475692939665010e-01 9.417869019653830609e-01 -2.155567110000000119e-01
9.911152635113982257e-01 -2.415821820543538265e-02 1.307934055213426927e-01 3.613230590000000020e-01 6.303201895898909168e-02 9.512410016541167357e-01 -3.019395988571659806e-01 2.182237360000000015e-01 -1.171217273638220785e-01 3.075011175023779075e-01 9.443122172852065344e-01 -2.171356379999999919e-01
9.910497281162092831e-01 -2.483063865632282111e-02 1.311635459443928342e-01 3.641767499999999935e-01 6.275221096359297202e-02 9.538768345925616732e-01 -2.935662522274237185e-01 2.138366399999999945e-01 -1.178244304886233995e-01 2.991695569599182036e-01 9.468975550546309128e-01 -2.191566379999999870e-01
9.909469665538883643e-01 -2.643583087087982009e-02 1.316254395009304745e-01 3.663582499999999964e-01 6.344242693456404736e-02 9.562546867296334296e-01 -2.855731650072588779e-01 2.098048479999999882e-01 -1.183180795242188277e-01 2.913384989214038989e-01 9.492748343361493424e-01 -2.193878139999999866e-01
9.907976095674568828e-01 -2.768564303863199627e-02 1.324900073399900291e-01 3.678850229999999777e-01 6.393703524408506089e-02 9.584948685184198069e-01 -2.778482365393988851e-01 2.059341369999999893e-01 -1.192985850696050287e-01 2.837623868545557371e-01 9.514445624454404005e-01 -2.190647420000000067e-01
9.905147521166217661e-01 -2.888907260129404755e-02 1.343352050788791940e-01 3.670551779999999820e-01 6.477588338002696067e-02 9.603713264159752239e-01 -2.710922358356239181e-01 2.032157029999999975e-01 -1.211800758032627878e-01 2.772225403574852809e-01 9.531332815226094546e-01 -2.173299340000000024e-01
