9.997835981332572342e-01 -1.022884643226793476e-02 1.811429282038970814e-02 2.088040500000000119e-02 1.003166228295795069e-02 9.998898003080752828e-01 1.094317100835651320e-02 7.817348999999999479e-03 -1.822423264662799067e-02 -1.075908641765345973e-02 9.997760346217042793e-01 -1.302076299999999943e-02
9.997835981332572342e-01 -1.022884643226793476e-02 1.811429282038970814e-02 2.088040500000000119e-02 1.003166228295795069e-02 9.998898003080752828e-01 1.094317100835651320e-02 7.817348999999999479e-03 -1.822423264662799067e-02 -1.075908641765345973e-02 9.997760346217042793e-01 -1.302076299999999943e-02
9.997835981332572342e-01 -1.022884643226793476e-02 1.811429282038970814e-02 2.088040500000000119e-02 1.003166228295795069e-02 9.998898003080752828e-01 1.094317100835651320e-02 7.817348999999999479e-03 -1.822423264662799067e-02 -1.075908641765345973e-02 9.997760346217042793e-01 -1.302076299999999943e-02
9.997835981332572342e-01 -1.022884643226793476e-02 1.811429282038970814e-02 2.088040500000000119e-02 1.003166228295795069e-02 9.998898003080752828e-01 1.094317100835651320e-02 7.817348999999999479e-03 -1.822423264662799067e-02 -1.075908641765345973e-02 9.997760346217042793e-01 -1.302076299999999943e-02
9.997835981332572342e-01 -1.022884643226793476e-02 1.811429282038970814e-02 2.088040500000000119e-02 1.003166228295795069e-02 9.998898003080752828e-01 1.094317100835651320e-02 7.817348999999999479e-03 -1.822423264662799067e-02 -1.075908641765345973e-02 9.997760346217042793e-01 -1.302076299999999943e-02
9.997392341728689180e-01 -1.140855865236757409e-02 1.978151776080824820e-02 2.577830899999999925e-02 1.120451525174017034e-02 9.998831926534572645e-01 1.039518576567320142e-02 1.048484899999999921e-02 -1.989780122071795748e-02 -1.017083273900528696e-02 9.997502846551112876e-01 -1.583064299999999841e-02
9.996829339220971722e-01 -1.060823143880762487e-02 2.283630991750717348e-02 2.765297499999999978e-02 1.034012834639556205e-02 9.998766007625001784e-01 1.182645312034616772e-02 9.901837999999999612e-03 -2.295894968607688907e-02 -1.158657297773470901e-02 9.996692642849152044e-01 -1.856626899999999983e-02
9.996695191597464447e-01 -1.058321936710270028e-02 2.342750372423699906e-02 3.130030300000000154e-02 1.035687493165585171e-02 9.998987157947172300e-01 9.761828400741457551e-03 1.213744100000000055e-02 -2.352844245952959157e-02 -9.515966577456343861e-03 9.996778775063122069e-01 -2.107271399999999933e-02
9.996907073398946242e-01 -1.032151774957068731e-02 2.262644314969852397e-02 3.540022999999999781e-02 1.017862335960475172e-02 9.999275775443450254e-01 6.421471233381433746e-03 1.478053900000000052e-02 -2.269108381643658925e-02 -6.189179076673580193e-03 9.997233661256459403e-01 -2.377496100000000070e-02
9.997285197604636187e-01 -9.442455877091337699e-03 2.130086393931775179e-02 3.912429099999999854e-02 9.401359731455434174e-03 9.999537484658408415e-01 2.028636072242026925e-03 1.774402900000000144e-02 -2.131903404828446730e-02 -1.827828253150889665e-03 9.997710527071310693e-01 -2.617880699999999838e-02
9.998209334447132335e-01 -9.146069232661039466e-03 1.656654651198379360e-02 4.559208099999999958e-02 9.250490718180147398e-03 9.999377588975982833e-01 -6.237527741127220013e-03 2.453159200000000137e-02 -1.650846653130490574e-02 6.389659493262516560e-03 9.998433091161559316e-01 -2.759295499999999887e-02
9.998572817049963257e-01 -6.801285684155453440e-03 1.546475782345591889e-02 4.703630100000000258e-02 6.956964266500356014e-03 9.999254443850298379e-01 -1.003525383810207824e-02 2.499380099999999952e-02 -1.539535221066007896e-02 1.014140939135223934e-02 9.998300530319473856e-01 -3.011836099999999974e-02
9.999319737023095733e-01 -5.660109984863431233e-03 1.019858435092853462e-02 5.205601800000000251e-02 5.856411111287673256e-03 9.997961616741114499e-01 -1.932194479367196904e-02 3.134428000000000214e-02 -1.008714115591436387e-02 1.938035749601565993e-02 9.997612971737940279e-01 -3.131603100000000112e-02
9.999772033353692136e-01 -3.611561253768496779e-03 5.705211204131450421e-03 5.563129900000000211e-02 3.765358454292957319e-03 9.996234464641906570e-01 -2.718064301601426716e-02 3.495741299999999968e-02 -5.604898329510845344e-03 2.720150555325199018e-02 9.996142572064247167e-01 -3.306983399999999934e-02
9.999985505344829440e-01 -1.195371913550306127e-03 1.212441718807014211e-03 5.844394900000000198e-02 1.238221041642578344e-03 9.993517865450914917e-01 -3.597879288950501381e-02 3.922912499999999664e-02 -1.168647759268033517e-03 3.598024201033336172e-02 9.993518181537934808e-01 -3.437383100000000052e-02
9.999927374922046308e-01 1.209837970125793565e-03 -3.614035823394955334e-03 6.084043900000000310e-02 -1.370775212573036722e-03 9.989920813284263179e-01 -4.486582684421963618e-02 4.276144500000000209e-02 3.556112788331592875e-03 4.487045503652649370e-02 9.989864845565488150e-01 -3.559315899999999921e-02
9.999530395728264409e-01 3.759903278107095282e-03 -8.932064509660143925e-03 6.314731399999999606e-02 -4.241309750483381567e-03 9.985045643167683727e-01 -5.450363593542071478e-02 4.660222700000000301e-02 8.713778782245128196e-03 5.453896007369144622e-02 9.984736210303276627e-01 -3.698103900000000027e-02
9.998698484812059695e-01 6.237033569963597486e-03 -1.487902921622905397e-02 6.592965900000000157e-02 -7.191547154046836442e-03 9.978602856881664263e-01 -6.498562837937325865e-02 5.108169500000000335e-02 1.444187479870157054e-02 6.508417364135483940e-02 9.977752665774596297e-01 -3.803374600000000022e-02
9.997396615623461713e-01 8.751941643399090143e-03 -2.107160688405501289e-02 6.818239399999999339e-02 -1.031777837670076400e-02 9.971009787820414028e-01 -7.538687923812861791e-02 5.477482799999999763e-02 2.035073828083157690e-02 7.558466530563881514e-02 9.969316956652846118e-01 -3.907898800000000200e-02
9.995619823113619518e-01 1.116541172550151832e-02 -2.740761023476172981e-02 7.045778599999999448e-02 -1.350735405011677971e-02 9.961334953536896686e-01 -8.680789607521635642e-02 5.960014100000000231e-02 2.633239268174042413e-02 8.714007697633049943e-02 9.958479864317716368e-01 -4.011162399999999850e-02
9.993372944255809465e-01 1.380861767958327380e-02 -3.367928217671445346e-02 7.207387699999999453e-02 -1.704832575796198096e-02 9.950515677664997227e-01 -9.788632220224287306e-02 6.354110699999999945e-02 3.216094773183877931e-02 9.839562776470302252e-02 9.946275553581751527e-01 -4.097704600000000308e-02
9.990710322177792646e-01 1.562522840964844506e-02 -4.016123529533482950e-02 7.436043000000000514e-02 -1.996105074639573096e-02 9.937383393270163845e-01 -1.099348416321386523e-01 6.884545100000000195e-02 3.819200225702688856e-02 1.106343761618869825e-01 9.931270844030331002e-01 -4.145853199999999933e-02
9.987457148560546782e-01 1.803104685161305981e-02 -4.671058130770001926e-02 7.600945200000000512e-02 -2.360506248156642867e-02 9.922894609693770906e-01 -1.216734427652328143e-01 7.329398400000000646e-02 4.415651800028694285e-02 1.226234357638782413e-01 9.914704710275300537e-01 -4.194895900000000094e-02
9.983781171066423710e-01 1.980985194574170008e-02 -5.337326154998659616e-02 7.772367400000000648e-02 -2.678342243790950497e-02 9.907152634006121117e-01 -1.332888410466842866e-01 7.710477000000000303e-02 5.023727266789041607e-02 1.345021807664975311e-01 9.896390148958095212e-01 -4.247495899999999963e-02
9.980062862969921733e-01 2.142443902592399904e-02 -5.936704409106469821e-02 7.880306199999999317e-02 -2.988343083078972076e-02 9.889090013374807198e-01 -1.454852832264761087e-01 8.207783800000000018e-02 5.559166370479805969e-02 1.469693181794452796e-01 9.875776356522061317e-01 -4.263714300000000235e-02
9.975707133530486992e-01 2.274021090615551549e-02 -6.584492894849995615e-02 8.066949199999999542e-02 -3.290896976206611479e-02 9.869331899157024468e-01 -1.577335676132870235e-01 8.687486499999999556e-02 6.139765117240934822e-02 1.595172763394596405e-01 9.852840032091009226e-01 -4.283053099999999808e-02
9.970949662507120337e-01 2.391246894564538067e-02 -7.231750898928324123e-02 8.308015000000000538e-02 -3.592913646369420844e-02 9.848342582344237206e-01 -1.697367990767639501e-01 9.215587399999999874e-02 6.716193438596565479e-02 1.718420135961402362e-01 9.828324358367296343e-01 -4.345569800000000094e-02
9.966640789164705749e-01 2.473693848687449209e-02 -7.777401668860839390e-02 8.405417199999999645e-02 -3.856114835756622311e-02 9.826115065278053784e-01 -1.816250673131392379e-01 9.701925499999999869e-02 7.192879558931261630e-02 1.840182358176851440e-01 9.802874768411650175e-01 -4.334169599999999900e-02
9.961865733074271034e-01 2.534669675505884373e-02 -8.348566419220342094e-02 8.581972100000000159e-02 -4.116113498355985362e-02 9.802265507990616245e-01 -1.935501745683527175e-01 1.022429839999999951e-01 7.692900707061954557e-02 1.962484498593090598e-01 9.775318275119980749e-01 -4.333635000000000265e-02
9.957294033180977832e-01 2.588327298765758649e-02 -8.861721924790580407e-02 8.692440399999999678e-02 -4.360120816707691721e-02 9.779410955466483202e-01 -2.042795836284000965e-01 1.056836770000000036e-01 8.137499624673560916e-02 2.072710057399917427e-01 9.748932455224911253e-01 -4.343417299999999953e-02
9.953065828922768032e-01 2.631070725374407004e-02 -9.312654151801871838e-02 8.856903800000000271e-02 -4.597464750258445365e-02 9.753549254650587530e-01 -2.157987515210939289e-01 1.120326739999999988e-01 8.515361318413089409e-02 2.190673778883051870e-01 9.719868034633134535e-01 -4.314935599999999982e-02
9.949069015040646891e-01 2.674122550010738300e-02 -9.718623461341473202e-02 9.002424800000000116e-02 -4.823115819163178997e-02 9.729223034643275092e-01 -2.260441257833540885e-01 1.163773159999999945e-01 8.850995830456069580e-02 2.295802654420005529e-01 9.692568746212252284e-01 -4.344121399999999883e-02
9.945771094398894174e-01 2.609757020004592823e-02 -1.006741784562848047e-01 9.109674399999999339e-02 -4.930349258895030951e-02 9.706320672580870390e-01 -2.354624293360274012e-01 1.198015139999999978e-01 9.157258867546295977e-02 2.391491309621384675e-01 9.666551371421601146e-01 -4.336633899999999681e-02
9.943158137119906259e-01 2.521209344970095148e-02 -1.034428003591626316e-01 9.204080700000000226e-02 -5.023371805137011314e-02 9.677132063753576263e-01 -2.469974165400518895e-01 1.265808639999999874e-01 9.387564206436878333e-02 2.507897536794675419e-01 9.634790414307903283e-01 -4.234330399999999828e-02
9.940275713184035800e-01 2.451513310324407446e-02 -1.063400005067065140e-01 9.441982999999999626e-02 -5.124352627313437381e-02 9.651858587177932769e-01 -2.564963140988393286e-01 1.317068489999999870e-01 9.634982342449156800e-02 2.604136447656422160e-01 9.606775968793813680e-01 -4.208407599999999804e-02
9.940020385254378921e-01 2.439815103837743998e-02 -1.066052420530179401e-01 9.415827699999999856e-02 -5.195378558566252775e-02 9.631224832599100116e-01 -2.639997848532899538e-01 1.356261970000000039e-01 9.623279882967669674e-02 2.679548702023773488e-01 9.586132880177669069e-01 -4.184124599999999861e-02
9.939635237040658211e-01 2.364798457651148822e-02 -1.071320977637703203e-01 9.523327600000000559e-02 -5.219636671140030770e-02 9.608285464338405246e-01 -2.721838416584685949e-01 1.406041379999999896e-01 9.649897848125642275e-02 2.761327166116002707e-01 9.562628665637767922e-01 -4.129760300000000217e-02
9.938980954116316546e-01 2.286682029440182881e-02 -1.079059056157479490e-01 9.792721999999999538e-02 -5.243188849303681565e-02 9.586279127359249586e-01 -2.797917475420203526e-01 1.454998999999999876e-01 9.704366546140413829e-02 2.837421954048911510e-01 9.539774072485300849e-01 -4.099562400000000134e-02
9.939957498238286560e-01 2.176411307894123015e-02 -1.072323305447186320e-01 1.000935579999999991e-01 -5.188852898258841662e-02 9.565736706275758117e-01 -2.868351324752763665e-01 1.505843249999999911e-01 9.633291178090601370e-02 2.906770304719197284e-01 9.519594708094661906e-01 -4.077875999999999723e-02
9.942093567462985115e-01 2.053329032198221438e-02 -1.054805145354558854e-01 1.014377699999999966e-01 -5.080639383188162439e-02 9.547553967611026593e-01 -2.930202086910544956e-01 1.554605809999999866e-01 9.469142149060320868e-02 2.966825177594772933e-01 9.502699712986758529e-01 -3.982932899999999665e-02
9.945024412980574269e-01 1.908545776150365192e-02 -1.029594073129680570e-01 1.027868609999999933e-01 -4.927792778433529031e-02 9.528694938500610334e-01 -2.993516552872396708e-01 1.609064040000000029e-01 9.239361496058932921e-02 3.027795782280608416e-01 9.485715296816323860e-01 -3.897484400000000154e-02
9.948126885341982417e-01 1.908493635922279413e-02 -9.991736553535038312e-02 1.044615660000000057e-01 -4.865735052373636876e-02 9.518630324255302755e-01 -3.026371255178125219e-01 1.638572809999999935e-01 8.933183627000321203e-02 3.059289667648985578e-01 9.478540448417103192e-01 -3.876039399999999663e-02
9.952307033529189662e-01 1.807435856328130225e-02 -9.586013074360030806e-02 1.055947909999999934e-01 -4.684075013687522687e-02 9.505288518762534666e-01 -3.070844279305388613e-01 1.683601439999999894e-01 8.556746595680528311e-02 3.101100116302881182e-01 9.468421143233931581e-01 -3.784927400000000219e-02
9.957267112108781904e-01 1.757657012195696505e-02 -9.066080059163661442e-02 1.066084209999999949e-01 -4.496812977627204916e-02 9.497526709442202231e-01 -3.097543080228977730e-01 1.714259830000000040e-01 8.066091919630549723e-02 3.125074850576667340e-01 9.464844889893015978e-01 -3.799319999999999781e-02
9.961741341876648725e-01 1.646747134282902647e-02 -8.582491924277761697e-02 1.083789690000000056e-01 -4.271051286414258297e-02 9.485469719726268290e-01 -3.137426557745098266e-01 1.761649700000000041e-01 7.624241907454214207e-02 3.162079447912936048e-01 9.456212926877906044e-01 -3.712351199999999740e-02
9.966364031291988779e-01 1.511408218190638669e-02 -8.054467379964654061e-02 1.104231249999999970e-01 -4.002344137644053140e-02 9.474283355436969867e-01 -3.174549938956489625e-01 1.809137020000000096e-01 7.151226536811371159e-02 3.196108783015660371e-01 9.448464861411202120e-01 -3.604351399999999872e-02
9.970291803741920811e-01 1.239474496312166843e-02 -7.602094303325893088e-02 1.143713219999999975e-01 -3.635637448426581875e-02 9.458340428929642441e-01 -3.226083962625739820e-01 1.876707519999999962e-01 6.790454709904672481e-02 3.244138307810708888e-01 9.434747685450968202e-01 -3.528160600000000008e-02
9.974921083681846934e-01 1.096649895943043254e-02 -6.992302656326136734e-02 1.162979229999999975e-01 -3.322304999739673914e-02 9.448701289569175765e-01 -3.257555346480062730e-01 1.921784729999999886e-01 6.249578139414067868e-02 3.272616312761255641e-01 9.428648376105798201e-01 -3.443307100000000259e-02
9.979408543473377025e-01 1.123782778127058526e-02 -6.314873277639251881e-02 1.184528839999999944e-01 -3.130352164545659177e-02 9.446503182343441996e-01 -3.265820965581925917e-01 1.945250179999999940e-01 5.598339715574750242e-02 3.278863941771763546e-01 9.430569292234648460e-01 -3.452084200000000297e-02
9.983245636524210598e-01 1.005490106825174430e-02 -5.698214257739731003e-02 1.216757890000000064e-01 -2.827463851772610975e-02 9.439765449905233030e-01 -3.287990683144440540e-01 1.982278379999999895e-01 5.048376397313382447e-02 3.298593358876813486e-01 9.426792710688204346e-01 -3.384158000000000305e-02
9.986942769289407495e-01 8.932815126795829244e-03 -5.029856899843865303e-02 1.243390439999999958e-01 -2.510754812917335987e-02 9.432993240433980020e-01 -3.309924414336523069e-01 2.017416210000000099e-01 4.448991184888378969e-02 3.318231307084829607e-01 9.422919174388050267e-01 -3.323810499999999696e-02
9.989887701337958337e-01 6.714732308232174325e-03 -4.445615274171629827e-02 1.290550829999999871e-01 -2.126023811936650701e-02 9.418022775878246433e-01 -3.354943698566248966e-01 2.092277559999999870e-01 3.961615102043435088e-02 3.361002563230423568e-01 9.409926558044495737e-01 -3.194586900000000174e-02
9.992917761818992384e-01 5.691541056034508245e-03 -3.719613441787124331e-02 1.314908270000000046e-01 -1.795186209113696502e-02 9.408597814991405128e-01 -3.383202657318214457e-01 2.133957890000000024e-01 3.307078321850982772e-02 3.387483991368769876e-01 9.402956159525137636e-01 -3.047255999999999923e-02
9.995541060077542950e-01 5.441565735788378780e-03 -2.935947079533606993e-02 1.334676890000000005e-01 -1.506665210910409884e-02 9.408184593627760828e-01 -3.385758740909864395e-01 2.141675200000000001e-01 2.577954920595639313e-02 3.388672540753906448e-01 9.404809402418223829e-01 -3.093554800000000021e-02
9.997495663112443420e-01 4.110848483821786734e-03 -2.199785410493073842e-02 1.362531780000000026e-01 -1.136914761510940744e-02 9.399793820726258797e-01 -3.410417918098459511e-01 2.175683680000000120e-01 1.927555817569520311e-02 3.412064803064377427e-01 9.397907164118550760e-01 -2.960125499999999993e-02
9.998767312131391360e-01 3.263188343640477818e-03 -1.535818935818170430e-02 1.402604130000000004e-01 -8.340733659797851252e-03 9.391245142995786610e-01 -3.434757324813456081e-01 2.211500560000000115e-01 1.330242611496684768e-02 3.435614912114198227e-01 9.390359669448457014e-01 -2.897636199999999856e-02
9.999578142337497422e-01 1.837078230988190399e-03 -8.999716464142239886e-03 1.443402020000000008e-01 -4.840858006259449522e-03 9.380816947570892461e-01 -3.463802824287642856e-01 2.245855029999999919e-01 7.806141596522406939e-03 3.464092364606355945e-01 9.380510140968530974e-01 -2.812893699999999969e-02
9.999959171001112646e-01 1.075206477546103130e-03 -2.647586474122867652e-03 1.488809729999999998e-01 -1.932319993132574710e-03 9.370036335656493076e-01 -3.493142665626675081e-01 2.278884650000000123e-01 2.105213184324947109e-03 3.493179563317649894e-01 9.370018855165914706e-01 -2.783701200000000126e-02
9.999916295689542656e-01 1.437217559347222368e-04 4.089026300282006671e-03 1.522607800000000122e-01 1.307861103688653806e-03 9.357231539168676671e-01 -3.527328574476773504e-01 2.311929460000000103e-01 -3.876891971797152229e-03 3.527352528000665677e-01 9.357151335426354688e-01 -2.698857299999999834e-02
9.999560982693406208e-01 -3.268622708611070102e-04 9.364544570491083880e-03 1.572770330000000105e-01 3.639335320694695244e-03 9.344808556941301969e-01 -3.559947830791765355e-01 2.333992870000000108e-01 -8.634626360206360679e-03 3.560132350099112220e-01 9.344410199287044305e-01 -2.633584799999999851e-02
9.998860968607419242e-01 -6.353303509490089256e-04 1.507944494788541687e-02 1.618549970000000005e-01 6.013047306183860047e-03 9.331657289390267174e-01 -3.593961123826864279e-01 2.354298830000000065e-01 -1.384328597857961696e-02 3.594458494530714532e-01 9.330632587045077919e-01 -2.578222399999999942e-02
9.997884614826649807e-01 -1.557978989670984280e-03 2.050865640633899034e-02 1.663428690000000043e-01 8.917628648340765116e-03 9.313649402816137624e-01 -3.639777794227502805e-01 2.387258859999999983e-01 -1.853397381609830225e-02 3.640836726848564742e-01 9.311818142011206723e-01 -2.513092399999999893e-02
9.996543450176725853e-01 -1.533777058614317450e-03 2.624572375116636380e-02 1.702564659999999952e-01 1.108829795101896193e-02 9.297597528944246958e-01 -3.679997982964768877e-01 2.405078860000000041e-01 -2.383778798121793940e-02 3.681636177375933183e-01 9.294553837804855334e-01 -2.450105500000000075e-02
9.995356215840225378e-01 -2.933763340814850989e-03 3.033041736115112824e-02 1.765519829999999957e-01 1.404829248401054734e-02 9.276311943724758757e-01 -3.732331881081551450e-01 2.439199240000000102e-01 -2.704046343769313937e-02 3.734859572457228105e-01 9.272416368333126213e-01 -2.439766599999999841e-02
9.993893864678903283e-01 -2.949579571618588317e-03 3.481600487827791329e-02 1.815360930000000095e-01 1.588825393211282244e-02 9.258177815640555863e-01 -3.776360665068940192e-01 2.453622669999999950e-01 -3.111940877205546588e-02 3.779586423408800022e-01 9.252993283675917668e-01 -2.482689199999999971e-02
9.992191833047341376e-01 -3.383423405408056937e-03 3.936465625253048745e-02 1.863367860000000042e-01 1.821658078697586253e-02 9.235592062879858233e-01 -3.830229087993787251e-01 2.472860070000000021e-01 -3.505966200994716647e-02 3.834409275582946197e-01 9.228997102464508995e-01 -2.385004199999999838e-02
9.990307370609807780e-01 -2.947038200183519849e-03 4.391925970733382562e-02 1.905370949999999897e-01 1.976987986391239016e-02 9.215015234119405818e-01 -3.878712340450619078e-01 2.485961020000000132e-01 -3.932859338394966570e-02 3.883635633209163163e-01 9.206666087282195932e-01 -2.375790700000000172e-02
9.988944075419807778e-01 -3.793324538950293076e-03 4.685694473925283710e-02 1.973050389999999876e-01 2.197041261220181868e-02 9.188573095367621457e-01 -3.939778492257052789e-01 2.507637440000000106e-01 -4.156036033295187893e-02 3.945717366966431938e-01 9.179247687306352210e-01 -2.395343200000000020e-02
9.987222521434870881e-01 -3.732173512390302150e-03 5.039775743338619635e-02 2.025925520000000091e-01 2.357756063732982174e-02 9.164902257530057605e-01 -3.993616966280035818e-01 2.518683669999999819e-01 -4.469856494155104859e-02 4.000396692580349134e-01 9.154071778788323011e-01 -2.412487199999999860e-02
9.985274017993535089e-01 -3.633537273842078405e-03 5.412786031898860623e-02 2.073719350000000072e-01 2.531118985486788958e-02 9.137027565517163996e-01 -4.055941522481871786e-01 2.540941540000000165e-01 -4.798303370945999208e-02 4.063669155783654618e-01 9.124492086682756131e-01 -2.369381099999999865e-02
9.983064061713067261e-01 -3.714249563635774534e-03 5.805621196313833637e-02 2.115389560000000002e-01 2.734046566738847911e-02 9.108364480389955498e-01 -4.118609763752770214e-01 2.557333709999999871e-01 -5.134995943932348789e-02 4.127507350373650907e-01 9.093954103643225872e-01 -2.285537099999999933e-02
9.981835801632287231e-01 -3.484869777006439906e-03 6.014479175420242574e-02 2.187241460000000082e-01 2.830628840545724306e-02 9.083980853127940902e-01 -4.171470635600313392e-01 2.559830550000000149e-01 -5.318171047668686369e-02 4.180918251804106034e-01 9.068466967399102518e-01 -2.454678299999999910e-02
9.980417574162352423e-01 -2.908545396522762769e-03 6.248352436593913178e-02 2.251725049999999950e-01 2.909770930736402250e-02 9.058453569848677889e-01 -4.226079892075178535e-01 2.567383050000000000e-01 -5.537123591339355305e-02 4.235985476753122425e-01 9.041561240409697886e-01 -2.605040700000000112e-02
9.978317640978152658e-01 -2.552260907908594431e-03 6.576668245928093959e-02 2.295529540000000035e-01 3.057721427851807505e-02 9.028393557580025597e-01 -4.288894165882859988e-01 2.580898999999999832e-01 -5.828211153010433299e-02 4.299704450991169158e-01 9.009598280816185634e-01 -2.638843700000000070e-02
9.975911550064543443e-01 -2.294510362436106773e-03 6.932981086866592257e-02 2.325593679999999885e-01 3.230239796365545063e-02 8.998409190582555839e-01 -4.350205460368414268e-01 2.590843440000000220e-01 -6.138764157944123084e-02 4.362121681138557139e-01 8.977474599522536902e-01 -2.609014499999999862e-02
9.974869414937064249e-01 -1.526092478072425124e-03 7.083412024779740801e-02 2.397276459999999887e-01 3.268516274314491044e-02 8.969369606011032836e-01 -4.409487145282419696e-01 2.600733940000000133e-01 -6.286081200545522163e-02 4.421558093584243010e-01 8.947327861236624713e-01 -2.775586400000000162e-02
9.973261029521641730e-01 -1.549428656250372016e-03 7.306328517859288219e-02 2.451159209999999866e-01 3.414337624920760900e-02 8.938282474070257111e-01 -4.471076984302438939e-01 2.611694629999999906e-01 -6.461326666060342172e-02 4.484068057112025052e-01 8.914911454205933783e-01 -2.836756400000000136e-02
9.970241505379024982e-01 -5.942894874443258035e-04 7.708754804881887135e-02 2.471973899999999891e-01 3.547518094288340529e-02 8.913363920265777729e-01 -4.519523733604156046e-01 2.603625359999999778e-01 -6.844234640369606382e-02 4.533421258487324579e-01 8.887049916309170960e-01 -2.865689600000000115e-02
9.968535181425305369e-01 -2.348981364351243606e-04 7.926542871722297434e-02 2.520004809999999984e-01 3.660989042919665648e-02 8.883120276939340254e-01 -4.577788301975677654e-01 2.609533969999999758e-01 -7.030490231571245863e-02 4.592403360737782880e-01 8.855255696100600149e-01 -2.956471999999999919e-02
9.967275790098175658e-01 -5.060784006966773108e-05 8.083396983987785334e-02 2.579946519999999910e-01 3.765448933919648272e-02 8.851673919479778885e-01 -4.637465122937521333e-01 2.626097199999999909e-01 -7.152812505463916615e-02 4.652727003283788076e-01 8.822726572071166729e-01 -3.104233899999999866e-02
9.965856024225414611e-01 -1.223135149588626402e-04 8.256586512296829050e-02 2.634772659999999878e-01 3.901811751569470021e-02 8.819903410203925320e-01 -4.696494701926779425e-01 2.643586700000000178e-01 -7.276485105895269534e-02 4.712674648075503847e-01 8.789836477797711156e-01 -3.233391000000000043e-02
9.963999399356398001e-01 1.049192708250306499e-03 8.477062516529054736e-02 2.673844989999999977e-01 3.932224659884632489e-02 8.801362496317923778e-01 -4.730897832404569736e-01 2.622303369999999800e-01 -7.510606246284487475e-02 4.747200030320441466e-01 8.769264496538937692e-01 -3.476320199999999999e-02
9.962120427963797598e-01 1.600085515452910612e-03 8.694254145012809964e-02 2.716214359999999939e-01 4.022518398503663328e-02 8.779447675268773343e-01 -4.770690932617069335e-01 2.610354420000000064e-01 -7.709410068762691248e-02 4.787592556792197862e-01 8.745547865860923142e-01 -3.662800799999999662e-02
9.960897054333627265e-01 2.083686681698511400e-03 8.832302632659999597e-02 2.769872549999999878e-01 4.087187484641398999e-02 8.754386599314306627e-01 -4.815980092815997926e-01 2.620360549999999900e-01 -7.832489116631977111e-02 4.833247468806799452e-01 8.719302727148030563e-01 -3.939367800000000142e-02
9.958657073100539714e-01 2.158301403679070696e-03 9.081208476241967031e-02 2.803528900000000212e-01 4.240080079803743712e-02 8.730816137842918323e-01 -4.857269477427640925e-01 2.621053760000000010e-01 -8.033470666860723086e-02 4.875693154894671921e-01 8.693805251428176062e-01 -4.125464000000000214e-02
9.956453739783122092e-01 2.614894519438318299e-03 9.318503958382519381e-02 2.834171349999999867e-01 4.353343395137316413e-02 8.708735563516663003e-01 -4.895754170460385191e-01 2.623343770000000075e-01 -8.243257489602205668e-02 4.915001639613696960e-01 8.669673923637257751e-01 -4.285296100000000191e-02
9.954439568596961108e-01 2.995402196089153035e-03 9.530139724681435665e-02 2.869620319999999780e-01 4.457603762468496933e-02 8.689332837800248788e-01 -4.929177671873326005e-01 2.623101469999999935e-01 -8.428704302082332123e-02 4.949201712447638402e-01 8.648408630920831897e-01 -4.529699699999999857e-02
9.953124068030881899e-01 3.016586795674968541e-03 9.666495263511026836e-02 2.917382720000000207e-01 4.548202460894955335e-02 8.674861555359054677e-01 -4.953777905710001761e-01 2.619602979999999803e-01 -8.534985823839932872e-02 4.974521787645913573e-01 8.632825328599241788e-01 -4.830984800000000245e-02
9.951656030910661643e-01 3.247365306492847048e-03 9.815740951635175404e-02 2.957884969999999836e-01 4.624486853129670949e-02 8.662249321439964289e-01 -4.975095768592318612e-01 2.615143360000000139e-01 -8.664199073727286982e-02 4.996436945971549082e-01 8.618870830279261597e-01 -5.183245999999999687e-02
9.948345282109626320e-01 3.678121719999236788e-03 1.014432496516366050e-01 2.964669169999999965e-01 4.773871003693108683e-02 8.649820504959024881e-01 -4.995268440073205585e-01 2.619142529999999858e-01 -8.958391062730637622e-02 5.017893220670573973e-01 8.603384213297705640e-01 -5.439272500000000288e-02
9.945748750089435930e-01 4.099269047009506534e-03 1.039423589987473334e-01 2.987645859999999987e-01 4.879826302436961194e-02 8.640679245021692934e-01 -5.010043426681228818e-01 2.617506980000000039e-01 -9.186701000222376179e-02 5.033585380618806893e-01 8.591802108018186113e-01 -5.711052600000000173e-02
9.946855438953764450e-01 3.415223926003126825e-03 1.029028911697548593e-01 3.060778080000000068e-01 4.893284138321443710e-02 8.636787867733564106e-01 -5.016617688362035032e-01 2.609956259999999806e-01 -9.058833147665505681e-02 5.040310402378394006e-01 8.589216871618955418e-01 -6.218421500000000102e-02
9.944066392907580099e-01 3.448143634417095982e-03 1.055629955994836222e-01 3.076217470000000009e-01 5.023162845502698176e-02 8.637576626212681852e-01 -5.013975306738152060e-01 2.593815030000000132e-01 -9.290973704201457850e-02 5.038956345995861952e-01 8.587531485789521302e-01 -6.600161599999999906e-02
9.941823936893970926e-01 3.270154006068171082e-03 1.076599933624246136e-01 3.105031249999999909e-01 5.147102246638506073e-02 8.636024856168715846e-01 -5.015391118174394869e-01 2.594824139999999946e-01 -9.461554800499545614e-02 5.041627246526043660e-01 8.584100681763796592e-01 -6.916916400000000520e-02
9.939494250763040162e-01 3.559996403897838085e-03 1.097809947854775647e-01 3.120738860000000225e-01 5.216241637873443582e-02 8.642784090980903944e-01 -5.003018227874105328e-01 2.592796390000000062e-01 -9.666241621238502724e-02 5.030011510846452705e-01 8.588633298141826744e-01 -7.369577900000000292e-02
9.937647139131433605e-01 3.376251648375551417e-03 1.114463741264609953e-01 3.144899609999999845e-01 5.296580916758913266e-02 8.652655208002253406e-01 -4.985079754362384818e-01 2.580572959999999916e-01 -9.811379332362399341e-02 5.013024829772156910e-01 8.596915168364334114e-01 -7.829297300000000182e-02
9.935590469334698582e-01 3.394321395740473868e-03 1.132647290153351582e-01 3.165768380000000271e-01 5.366008268528449365e-02 8.662806218036402939e-01 -4.966673734137432850e-01 2.577420180000000172e-01 -9.980488857196984087e-02 4.995461568961978016e-01 8.605188094094027296e-01 -8.229868899999999432e-02
9.933436893359590680e-01 3.275141749727990270e-03 1.151416010959761260e-01 3.187954430000000117e-01 5.428563470244851530e-02 8.683175755887952985e-01 -4.930290638375682821e-01 2.554887829999999971e-01 -1.015942159838739145e-01 4.959978441184152986e-01 8.623599909020049914e-01 -8.750209999999999932e-02
9.931060316952958766e-01 2.633160857756566137e-03 1.171899154122023057e-01 3.198148009999999819e-01 5.555041901590337949e-02 8.697839178547205341e-01 -4.902959179806113399e-01 2.557771500000000087e-01 -1.032209317802329773e-01 4.934257823677132837e-01 8.636413819041039996e-01 -9.183233999999999841e-02
9.928886837971865331e-01 2.083391521362595866e-03 1.190282364284176442e-01 3.210755590000000104e-01 5.647922241404841615e-02 8.719145936037213662e-01 -4.863898013901628570e-01 2.549206319999999804e-01 -1.047957967811449231e-01 4.896535519534462866e-01 8.655964648936470551e-01 -9.706184299999999487e-02
9.926440750797935753e-01 1.724141554908398960e-03 1.210568773134337583e-01 3.221317229999999809e-01 5.730980107575460447e-02 8.740859176036419598e-01 -4.823788918968747175e-01 2.546402220000000272e-01 -1.066458011814743201e-01 4.857682945426738397e-01 8.675573970104015764e-01 -1.014050249999999959e-01
9.924147780729316581e-01 1.074453276652016787e-03 1.229298735564717804e-01 3.227255339999999806e-01 5.819498627703209581e-02 8.767177178853616804e-01 -4.774718700804261862e-01 2.535142899999999755e-01 -1.082878194196831012e-01 4.810040422865899390e-01 8.700050916341182106e-01 -1.063620900000000064e-01
9.923268905585057587e-01 3.927861403577662114e-04 1.236413684554459325e-01 3.256982860000000035e-01 5.849009721459139804e-02 8.795344094278410019e-01 -4.722267793764418076e-01 2.526824180000000197e-01 -1.089323221193555791e-01 4.758351272777861518e-01 8.727626715472071028e-01 -1.125516889999999964e-01
9.922779611728849147e-01 -2.128888367444597973e-04 1.240338762150322294e-01 3.287686409999999726e-01 5.847182382574020454e-02 8.827117566883870836e-01 -4.662628018860108248e-01 2.509530480000000119e-01 -1.093868986171303292e-01 4.699147893846766233e-01 8.759078702286449136e-01 -1.181702460000000066e-01
9.920140768030482059e-01 -1.247049457009593437e-03 1.261210382618526415e-01 3.285003599999999913e-01 5.978594168526889241e-02 8.851240246586388194e-01 -4.614987563893307443e-01 2.521864469999999803e-01 -1.110572492068912787e-01 4.653535278041254775e-01 8.781300482040534927e-01 -1.227613540000000031e-01
9.919389039125888763e-01 -2.461340906417242708e-03 1.266931438777732788e-01 3.305167560000000226e-01 6.045920816978650469e-02 8.878653120113454422e-01 -4.561138803790987795e-01 2.526147659999999906e-01 -1.113637959669756677e-01 4.600968697219519066e-01 8.808569551407805509e-01 -1.277518270000000122e-01
9.917971915643001291e-01 -3.058529456946196962e-03 1.277848825281298339e-01 3.319810329999999809e-01 6.061439657433978501e-02 8.914128754314516456e-01 -4.491202293851389582e-01 2.510603370000000223e-01 -1.125354421197856114e-01 4.531817857246606129e-01 8.842861772946087884e-01 -1.340969059999999879e-01
9.916568278914886791e-01 -3.831666460511948952e-03 1.288489581965095443e-01 3.329522610000000271e-01 6.094412339342986096e-02 8.947271059496570977e-01 -4.424355542932298380e-01 2.499912830000000086e-01 -1.135893899974679405e-01 4.465968251242797282e-01 8.874957612681407815e-01 -1.398337629999999998e-01
9.914727066168910197e-01 -4.912977114102417414e-03 1.302218671715795750e-01 3.331445160000000016e-01 6.176826208001323648e-02 8.976198382261120212e-01 -4.364210212885526463e-01 2.505231199999999880e-01 -1.147456048543516322e-01 4.407431096214718957e-01 8.902690365770361547e-01 -1.448255179999999864e-01
9.914262977718999448e-01 -5.799544450377905336e-03 1.305383521057016105e-01 3.351365330000000142e-01 6.178846688948780308e-02 9.010722101112398352e-01 -4.292447524719344432e-01 2.497285599999999883e-01 -1.151350574141113137e-01 4.336303004281570339e-01 8.937050302559763626e-01 -1.512303650000000055e-01
9.914550443535333768e-01 -6.906830658355032904e-03 1.302658463151032953e-01 3.375861050000000252e-01 6.185361053300638540e-02 9.040944193711683008e-01 -4.228326048520161806e-01 2.499851290000000004e-01 -1.148521914896031421e-01 4.272769319214025363e-01 8.967961850709829097e-01 -1.565460860000000010e-01
9.914010070006509245e-01 -7.830300874331962840e-03 1.306243840418504498e-01 3.393047149999999790e-01 6.196245611514626661e-02 9.073022251957834072e-01 -4.158885982892035482e-01 2.499573079999999892e-01 -1.152592614511908503e-01 4.204061828077667595e-01 8.999855243873251531e-01 -1.625147160000000035e-01
9.914840660174859543e-01 -8.714953991319218662e-03 1.299361243471683636e-01 3.426292839999999784e-01 6.149111297185444469e-02 9.108555123921568963e-01 -4.081189514961343079e-01 2.478365299999999993e-01 -1.147962972352168098e-01 4.126333543495370737e-01 9.036346192014410583e-01 -1.676699219999999990e-01
9.914798946744656227e-01 -9.801373281450011243e-03 1.298905367534842203e-01 3.447506430000000233e-01 6.155930450114948521e-02 9.140416584196455752e-01 -4.009218112086181951e-01 2.472993579999999969e-01 -1.147957772988419251e-01 4.055018862536421964e-01 9.068572929403462268e-01 -1.736593539999999880e-01
9.914712041719717650e-01 -1.077153262126086947e-02 1.298800422804423094e-01 3.468954859999999751e-01 6.150761409129101159e-02 9.172822361429259219e-01 -3.934591626400767983e-01 2.463252989999999976e-01 -1.148984974078302995e-01 3.980920412939986108e-01 9.101214545058259331e-01 -1.789571940000000139e-01
9.914584035001768880e-01 -1.166207616386349261e-02 1.299008472198266984e-01 3.492669760000000068e-01 6.138145250437885420e-02 9.205180612896562975e-01 -3.858481775620887788e-01 2.457267049999999897e-01 -1.150762852082616999e-01 3.905259208030636975e-01 9.133712026134752637e-01 -1.850373740000000045e-01
9.914136781061357873e-01 -1.325231188028249199e-02 1.300895656610900619e-01 3.503854570000000113e-01 6.205847566562508466e-02 9.233607451652876552e-01 -3.788847844475464188e-01 2.455021890000000095e-01 -1.150984989568602374e-01 3.837047178725229712e-01 9.162548908574759121e-01 -1.891159269999999892e-01
9.914210639450626861e-01 -1.452967881838449632e-02 1.298967374473832259e-01 3.528924580000000200e-01 6.219019285464728181e-02 9.265399301839415402e-01 -3.710204006351113248e-01 2.440928219999999871e-01 -1.149637067893237302e-01 3.759157434960277433e-01 9.194948068983789247e-01 -1.945231709999999947e-01
9.914006178571627137e-01 -1.555732894312931297e-02 1.299337693926841120e-01 3.545508090000000223e-01 6.225245499759252815e-02 9.294314392688522997e-01 -3.637056935839778071e-01 2.433329369999999992e-01 -1.151062411826946075e-01 3.686667454691091028e-01 9.224073850669270991e-01 -1.989505890000000110e-01
9.913375859442840055e-01 -1.639732649133560788e-02 1.303108528791666609e-01 3.560307320000000164e-01 6.233475352509302431e-02 9.320495655496492393e-01 -3.569285444758880654e-01 2.430655210000000066e-01 -1.156034999345832009e-01 3.619595765312013658e-01 9.249978895977158944e-01 -2.027987689999999898e-01
9.913467990076564318e-01 -1.737101481084979068e-02 1.301144570818880686e-01 3.585910800000000065e-01 6.207791759614769700e-02 9.354025973758340884e-01 -3.480923914271455977e-01 2.395851169999999863e-01 -1.156626830235195358e-01 3.531575125450178709e-01 9.283867271179702119e-01 -2.072813960000000066e-01
9.913215616821332565e-01 -1.838051673309861259e-02 1.301680373544929492e-01 3.604183200000000142e-01 6.219069417325143179e-02 9.379371132499905173e-01 -3.411836589676058296e-01 2.391360849999999982e-01 -1.158183012409761542e-01 3.463179582304369841e-01 9.309403809615069969e-01 -2.104993759999999881e-01
9.913040600418775439e-01 -1.951851883971852941e-02 1.301356521741575956e-01 3.630252780000000068e-01 6.235930133781331097e-02 9.405241579979605193e-01 -3.339545264836026872e-01 2.375541180000000085e-01 -1.158774269698355369e-01 3.391656463212792127e-01 9.335625775888403144e-01 -2.136885079999999992e-01
9.912198067983869487e-01 -2.039077246034433702e-02 1.306426844834372158e-01 3.642215730000000207e-01 6.229581030416589393e-02 9.435261644011294635e-01 -3.253883973177905675e-01 2.335255300000000089e-01 -1.166298702267812709e-01 3.306699162139843384e-01 9.365120820800555412e-01 -2.166044560000000008e-01
9.910891732591240455e-01 -2.148981660422660117e-02 1.314550814189495709e-01 3.655048009999999903e-01 6.264416512247864000e-02 9.461446981784198407e-01 -3.176254377170921184e-01 2.307509329999999914e-01 -1.175498159277741372e-01 3.230300262996977367e-01 9.390599783209605533e-01 -2.190380990000000139e-01
9.910945938310498082e-01 -2.303594752676450808e-02 1.311520156170332407e-01 3.684014380000000255e-01 6.310199534812886701e-02 9.485605585879566259e-01 -3.102434606472607159e-01 2.287017110000000020e-01 -1.172588771136373331e-01 3.157565704982998600e-01 9.415668557915581882e-01 -2.213855680000000048e-01
9.910304980827380206e-01 -2.410055195301988654e-02 1.314447232316305614e-01 3.704167600000000116e-01 6.323698528644117189e-02 9.510828899543078974e-01 -3.023944776745177698e-01 2.254884239999999929e-01 -1.177269534208823104e-01 3.079943178562256634e-01 9.440761963986358252e-01 -2.230281080000000027e-01
9.909143129773563263e-01 -2.517461758275220049e-02 1.321176103559858761e-01 3.720459640000000068e-01 6.349436141633717223e-02 9.535303093928860774e-01 -2.945308390261343057e-01 2.217527330000000074e-01 -1.185634446401818975e-01 3.002435473056319637e-01 9.464652777024550323e-01 -2.239315209999999945e-01
9.907501604421564689e-01 -2.637235720247890075e-02 1.331113006450843350e-01 3.731392029999999749e-01 6.394461569983692084e-02 9.559289757249093133e-01 -2.865499598543436166e-01 2.175932680000000063e-01 -1.196879513854311877e-01 2.924111696654397852e-01 9.487731563171716287e-01 -2.241051350000000109e-01
9.906696764280351619e-01 -2.796203221236206321e-02 1.333855950263248824e-01 3.760823010000000077e-01 6.461612799871777058e-02 9.580964951759476378e-01 -2.790624695906250285e-01 2.140688299999999877e-01 -1.199931173377258437e-01 2.850775871339590872e-01 9.509639431153289468e-01 -2.241090089999999979e-01
9.904728724484413993e-01 -2.931299662233740125e-02 1.345519868777577399e-01 3.770323400000000214e-01 6.525043585942015556e-02 9.603339070134744304e-01 -2.711109877160850501e-01 2.095033229999999913e-01 -1.212677597875426866e-01 2.773076545450095520e-01 9.530973691952236981e-01 -2.237555380000000038e-01
