0.99999139 -0.00237365 -0.00340467 0.00073505 0.00236664 0.99999507 -0.00206149 -0.00320454 0.00340955 0.00205341 0.99999208 0.70062977
0.99997171 -0.00144549 -0.00738121 -0.00820878 0.00141887 0.99999247 -0.00361103 -0.00654828 0.00738638 0.00360046 0.99996624 1.41112435
0.99993343 -0.00188071 -0.01138445 -0.02002929 0.00182458 0.99998614 -0.00493902 -0.01471601 0.01139358 0.00491792 0.99992300 2.13287425
0.99986562 -0.00042750 -0.01638797 -0.03667920 0.00033548 0.99998416 -0.00561772 -0.01759004 0.01639011 0.00561147 0.99984993 2.88346553
0.99977992 -0.00178406 -0.02090307 -0.04996535 0.00166159 0.99998136 -0.00587466 -0.02441335 0.02091316 0.00583864 0.99976425 3.64431930
0.99969177 0.00040334 -0.02482347 -0.09246635 -0.00057967 0.99997465 -0.00709651 -0.03249460 0.02481998 0.00710871 0.99966666 4.43118477
0.99954738 0.00316270 -0.02991707 -0.11894186 -0.00341048 0.99996028 -0.00823477 -0.03098679 0.02988983 0.00833308 0.99951846 5.22040939
0.99941331 0.00314994 -0.03410457 -0.15062897 -0.00336425 0.99997494 -0.00622831 -0.04516557 0.03408410 0.00633939 0.99939886 6.03784514
0.99924824 0.00225518 -0.03870223 -0.18194498 -0.00240523 0.99998977 -0.00383078 -0.04800183 0.03869319 0.00392098 0.99924345 6.85852814
0.99912985 0.00226081 -0.04164641 -0.22433940 -0.00229437 0.99999708 -0.00075799 -0.06235298 0.04164458 0.00085288 0.99913212 7.68010426
0.99900475 0.00389453 -0.04443355 -0.26230747 -0.00396483 0.99999102 -0.00149406 -0.06946293 0.04442734 0.00166874 0.99901122 8.52507496
0.99890121 0.00295017 -0.04677244 -0.29721767 -0.00302562 0.99999423 -0.00154227 -0.07689516 0.04676762 0.00168209 0.99890438 9.36634636
0.99882274 -0.00000431 -0.04850912 -0.34457922 -0.00009568 0.99999788 -0.00205893 -0.08644264 0.04850903 0.00206115 0.99882062 10.23094177
0.99873453 0.00009813 -0.05029251 -0.38630944 -0.00017006 0.99999897 -0.00142588 -0.09133993 0.05029232 0.00143263 0.99873351 11.08661270
0.99866290 -0.00166523 -0.05166857 -0.43452761 0.00157681 0.99999722 -0.00175203 -0.09973975 0.05167134 0.00166822 0.99866275 11.96553707
0.99856362 0.00015694 -0.05357865 -0.49524400 -0.00035715 0.99999299 -0.00372737 -0.11353467 0.05357769 0.00374115 0.99855668 12.86490631
0.99850492 0.00073418 -0.05465704 -0.54874378 -0.00109145 0.99997823 -0.00650696 -0.11906186 0.05465107 0.00655688 0.99848398 13.75511742
0.99838813 0.00456716 -0.05657109 -0.60060567 -0.00504321 0.99995304 -0.00827511 -0.12897351 0.05653064 0.00854707 0.99836428 14.64591599
0.99829964 0.00546669 -0.05803404 -0.65544313 -0.00592799 0.99995217 -0.00777950 -0.14692210 0.05798874 0.00811030 0.99828429 15.57557774
0.99822210 0.00460935 -0.05942550 -0.70894700 -0.00497339 0.99996975 -0.00597958 -0.16510318 0.05939614 0.00626450 0.99821483 16.49280548
0.99817619 0.00509016 -0.06015299 -0.77056980 -0.00537528 0.99997507 -0.00457904 -0.17615460 0.06012818 0.00489403 0.99817867 17.41199493
0.99808623 0.00474590 -0.06165510 -0.83175307 -0.00503129 0.99997733 -0.00447446 -0.18914789 0.06163246 0.00477610 0.99808749 18.35733795
0.99799381 0.00455408 -0.06314751 -0.88906688 -0.00487884 0.99997565 -0.00498963 -0.20351197 0.06312325 0.00528771 0.99799173 19.28494453
0.99795681 0.00349540 -0.06379639 -0.95664346 -0.00389218 0.99997384 -0.00609615 -0.21144056 0.06377341 0.00633200 0.99794432 20.22662544
0.99788031 0.00322415 -0.06499615 -1.01791251 -0.00351582 0.99998425 -0.00437370 -0.22563130 0.06498102 0.00459294 0.99787593 21.17739296
0.99788801 0.00456718 -0.06479708 -1.08437884 -0.00463283 0.99998890 -0.00086292 -0.23800814 0.06479242 0.00116129 0.99789809 22.12756157
0.99794654 0.00528973 -0.06383348 -1.14583814 -0.00511845 0.99998285 0.00284646 -0.24809812 0.06384744 -0.00251388 0.99795650 23.07828140
0.99803614 0.00420846 -0.06249914 -1.20827365 -0.00386659 0.99997690 0.00559000 -0.25661287 0.06252122 -0.00533737 0.99802936 24.05389595
0.99813973 0.00438797 -0.06080972 -1.27009034 -0.00401142 0.99997203 0.00631301 -0.26084128 0.06083572 -0.00605734 0.99812941 25.02681160
0.99822128 0.00431254 -0.05946161 -1.33047819 -0.00408346 0.99998377 0.00397356 -0.27335563 0.05947778 -0.00372369 0.99822268 25.99103165
0.99830127 0.00608177 -0.05794461 -1.39661515 -0.00614969 0.99998060 -0.00099391 -0.27713725 0.05793744 0.00134856 0.99831930 26.95777893
0.99833399 0.00483425 -0.05749675 -1.45004356 -0.00508613 0.99997810 -0.00423519 -0.28392264 0.05747502 0.00452057 0.99833671 27.97030830
0.99842538 0.00256685 -0.05603726 -1.51406765 -0.00273485 0.99999199 -0.00292152 -0.29624754 0.05602931 0.00307017 0.99842440 28.95851135
0.99840744 0.00058408 -0.05641138 -1.56402803 -0.00048019 0.99999816 0.00185516 -0.30639315 0.05641236 -0.00182512 0.99840589 29.94784164
0.99833023 -0.00280433 -0.05769653 -1.61711824 0.00310331 0.99998222 0.00509291 -0.31620517 0.05768122 -0.00526345 0.99832118 30.97031021
0.99821268 -0.00972037 -0.05896567 -1.66076303 0.01000115 0.99994000 0.00446853 -0.32650527 0.05891870 -0.00505027 0.99825001 31.97171021
0.99809970 -0.01263225 -0.06031100 -1.72069764 0.01270101 0.99991905 0.00075692 -0.33137929 0.06029656 -0.00152149 0.99817935 32.98412705
0.99802493 -0.01224842 -0.06161337 -1.78183305 0.01207909 0.99992218 -0.00311993 -0.33976764 0.06164679 0.00236953 0.99809522 33.98774719
0.99788424 -0.01159651 -0.06397311 -1.84530258 0.01136834 0.99992766 -0.00392950 -0.34743786 0.06401405 0.00319392 0.99794389 35.02146149
0.99782921 -0.01163896 -0.06481816 -1.90842736 0.01151424 0.99993107 -0.00229743 -0.36072943 0.06484043 0.00154611 0.99789445 36.04350662
0.99777437 -0.00854135 -0.06613127 -1.98283064 0.00857530 0.99996321 0.00022954 -0.37217420 0.06612688 -0.00079612 0.99781091 37.08611679
0.99771082 -0.00809986 -0.06713801 -2.05841541 0.00823697 0.99996452 0.00176556 -0.38961434 0.06712132 -0.00231454 0.99774214 38.11206055
0.99766694 -0.00651190 -0.06795788 -2.13732982 0.00680573 0.99996846 0.00409295 -0.39799336 0.06792908 -0.00454590 0.99767980 39.15892410
0.99766115 -0.00728059 -0.06796489 -2.20865154 0.00781072 0.99994109 0.00753755 -0.40604067 0.06790601 -0.00805077 0.99765924 40.18880844
0.99766297 -0.00086963 -0.06832155 -2.29277968 0.00151725 0.99995441 0.00942776 -0.41129360 0.06831023 -0.00950939 0.99761881 41.22599411
0.99763647 -0.00122476 -0.06870200 -2.36176801 0.00183356 0.99995961 0.00879913 -0.41362098 0.06868845 -0.00890430 0.99759842 42.25425720
0.99763267 -0.00119640 -0.06875779 -2.43168712 0.00169536 0.99997265 0.00719880 -0.42141354 0.06874729 -0.00729833 0.99760741 43.29056168
0.99764645 0.00122384 -0.06855695 -2.51119041 -0.00089372 0.99998786 0.00484566 -0.42454445 0.06856205 -0.00477299 0.99763544 44.31803131
0.99758242 0.00077071 -0.06948894 -2.58497977 -0.00043722 0.99998832 0.00481424 -0.43105346 0.06949184 -0.00477222 0.99757111 45.34418106
0.99748492 -0.00151588 -0.07086273 -2.65639663 0.00194810 0.99997992 0.00603066 -0.43674153 0.07085217 -0.00615354 0.99746785 46.36519241
0.99743473 -0.00123942 -0.07157107 -2.73030329 0.00176391 0.99997205 0.00726559 -0.45009139 0.07156006 -0.00737319 0.99740904 47.37270737
0.99740783 0.00118571 -0.07194588 -2.80363488 -0.00090862 0.99999204 0.00388401 -0.45774648 0.07194991 -0.00380857 0.99740097 48.37435532
0.99735256 0.00194664 -0.07269165 -2.89158583 -0.00199455 0.99999784 -0.00058648 -0.46347198 0.07269035 0.00072991 0.99735429 49.39607620
0.99733510 0.00277225 -0.07290410 -2.97104502 -0.00290537 0.99999430 -0.00172005 -0.47468260 0.07289892 0.00192728 0.99733747 50.39366531
0.99734491 0.00151400 -0.07280688 -3.04942203 -0.00139328 0.99999757 0.00170894 -0.48954055 0.07280929 -0.00160296 0.99734459 51.39870834
0.99726948 -0.00046035 -0.07384692 -3.10925651 0.00081876 0.99998803 0.00482328 -0.49799675 0.07384382 -0.00487057 0.99725792 52.40653992
0.99724383 -0.00254104 -0.07415042 -3.17870736 0.00296515 0.99997987 0.00561006 -0.50896013 0.07413467 -0.00581447 0.99723129 53.39622879
0.99724196 -0.00575553 -0.07399557 -3.24900961 0.00610908 0.99997098 0.00455244 -0.52144331 0.07396722 -0.00499193 0.99724818 54.36621857
0.99717524 -0.00837159 -0.07464224 -3.32436442 0.00862901 0.99995788 0.00312682 -0.53101212 0.07461292 -0.00376208 0.99720547 55.36142349
0.99708003 -0.01012184 -0.07568986 -3.39135647 0.01048330 0.99993546 0.00437973 -0.53929240 0.07564064 -0.00516042 0.99712179 56.32928467
0.99698764 -0.01363829 -0.07635216 -3.47152591 0.01431859 0.99986245 0.00836967 -0.54336959 0.07622751 -0.00943771 0.99704578 57.30807495
0.99692089 -0.01400277 -0.07715344 -3.54569578 0.01509596 0.99979350 0.01360399 -0.55235338 0.07694701 -0.01472681 0.99692642 58.29956818
0.99685329 -0.01243359 -0.07828744 -3.61453056 0.01370596 0.99978224 0.01573620 -0.55330604 0.07807474 -0.01675969 0.99680663 59.27098465
0.99676682 -0.01109369 -0.07957911 -3.69442439 0.01207111 0.99985737 0.01181183 -0.55609024 0.07943673 -0.01273425 0.99675857 60.23018646
0.99670627 -0.00987183 -0.08049326 -3.77941847 0.01025414 0.99993802 0.00433759 -0.56050009 0.08044545 -0.00514870 0.99674571 61.17320251
0.99663978 -0.00825891 -0.08149195 -3.85718560 0.00824807 0.99996587 -0.00046971 -0.57246435 0.08149305 -0.00020402 0.99667389 62.11585236
0.99656264 -0.00334519 -0.08277506 -3.94540882 0.00337103 0.99999430 0.00017246 -0.58315903 0.08277401 -0.00045090 0.99656824 63.05704498
0.99652340 -0.00009949 -0.08331333 -4.03212070 0.00029595 0.99999721 0.00234571 -0.59587467 0.08331287 -0.00236221 0.99652064 63.97353363
0.99643199 0.00169006 -0.08438263 -4.11260605 -0.00133814 0.99999017 0.00422687 -0.60919321 0.08438895 -0.00409887 0.99642446 64.87180328
0.99631052 0.00261943 -0.08578167 -4.19460344 -0.00231368 0.99999061 0.00366353 -0.61652553 0.08579046 -0.00345154 0.99630722 65.78466797
0.99615989 0.00408994 -0.08745712 -4.27479935 -0.00372977 0.99998388 0.00428129 -0.62257516 0.08747322 -0.00393865 0.99615909 66.65530395
0.99604248 0.00555884 -0.08870439 -4.35656118 -0.00511553 0.99997327 0.00522427 -0.64059788 0.08873106 -0.00474982 0.99604430 67.51049042
0.99588612 0.00487126 -0.09048268 -4.43727112 -0.00436697 0.99997382 0.00577049 -0.65333545 0.09050842 -0.00535162 0.99588131 68.38967895
0.99576489 0.00441797 -0.09183008 -4.51165867 -0.00383302 0.99997123 0.00654527 -0.65460694 0.09185635 -0.00616556 0.99575318 69.22380829
0.99563861 0.00756458 -0.09298674 -4.60060549 -0.00670935 0.99993230 0.00950648 -0.66835505 0.09305235 -0.00884114 0.99562196 70.05382538
0.99553903 0.00901106 -0.09391929 -4.68529701 -0.00776559 0.99987711 0.01361816 -0.67275840 0.09403046 -0.01282807 0.99548667 70.86219788
0.99533989 0.01220412 -0.09565330 -4.76879072 -0.01079399 0.99982552 0.01524563 -0.67531007 0.09582267 -0.01414210 0.99529795 71.65516663
0.99517790 0.01480182 -0.09696315 -4.84990645 -0.01378700 0.99984303 0.01112770 -0.68019527 0.09711264 -0.00973721 0.99522576 72.42741394
0.99506015 0.01486776 -0.09815423 -4.92969132 -0.01454510 0.99988621 0.00400205 -0.69292706 0.09820256 -0.00255461 0.99516317 73.17727661
0.99494675 0.01382614 -0.09944750 -5.00765324 -0.01406653 0.99989959 -0.00171647 -0.69993609 0.09941378 0.00310668 0.99504133 73.90261078
0.99486042 0.01465591 -0.10018954 -5.08074570 -0.01502018 0.99988304 -0.00288235 -0.70770621 0.10013558 0.00437240 0.99496419 74.62316132
0.99471848 0.01743423 -0.10114932 -5.15282822 -0.01746876 0.99984726 0.00054448 -0.71751249 0.10114336 0.00122535 0.99487111 75.31404114
0.99459289 0.01770575 -0.10233033 -5.22584200 -0.01750419 0.99984268 0.00286739 -0.73400134 0.10236500 -0.00106068 0.99474634 75.98364258
0.99454245 0.01443658 -0.10332909 -5.29849577 -0.01456466 0.99989381 -0.00048511 -0.74354738 0.10331112 0.00198742 0.99464711 76.64540100
0.99460805 0.00652942 -0.10349977 -5.34815121 -0.00714689 0.99995880 -0.00559612 -0.75784290 0.10345896 0.00630564 0.99461373 77.27465057
0.99472927 0.00235270 -0.10250928 -5.40351772 -0.00342090 0.99994166 -0.01024599 -0.77388155 0.10247919 0.01054266 0.99467928 77.89688873
0.99504245 0.00487074 -0.09933178 -5.46678781 -0.00590622 0.99993122 -0.01013303 -0.79172200 0.09927560 0.01066947 0.99500277 78.49437714
0.99544292 0.00970975 -0.09486368 -5.53800583 -0.01044393 0.99991921 -0.00724582 -0.80188912 0.09478566 0.00820355 0.99546390 79.08194733
0.99587688 0.00849361 -0.09031668 -5.58189678 -0.00890563 0.99995169 -0.00415996 -0.81216472 0.09027698 0.00494714 0.99590441 79.66023254
0.99639088 0.00482978 -0.08474597 -5.61860275 -0.00483056 0.99998831 0.00019590 -0.82774079 0.08474592 0.00021417 0.99640257 80.21504974
0.99703773 0.00026760 -0.07691354 -5.64085579 0.00000809 0.99999358 0.00358405 -0.84130907 0.07691400 -0.00357405 0.99703132 80.75135040
0.99781641 0.00394830 -0.06593051 -5.67905950 -0.00372465 0.99998689 0.00351478 -0.84954315 0.06594353 -0.00326153 0.99781803 81.28527832
0.99865144 0.00914571 -0.05110431 -5.70094490 -0.00902028 0.99995571 0.00268446 -0.85094088 0.05112659 -0.00221986 0.99868971 81.80413055
0.99937009 0.01408138 -0.03257504 -5.72303534 -0.01396959 0.99989573 0.00365669 -0.86245883 0.03262313 -0.00319933 0.99946260 82.31304169
0.99986308 0.01273036 -0.01057124 -5.71087170 -0.01268715 0.99991093 0.00414447 -0.86771375 0.01062306 -0.00400979 0.99993553 82.80272675
0.99983693 0.00890237 0.01571189 -5.68192005 -0.00898212 0.99994710 0.00501263 -0.87240505 -0.01566643 -0.00515294 0.99986400 83.27314758
0.99893322 0.00796176 0.04548663 -5.64087486 -0.00827769 0.99994288 0.00676136 -0.88179392 -0.04543020 -0.00713067 0.99894207 83.74759674
0.99688535 0.00761407 0.07849604 -5.58084488 -0.00827262 0.99993323 0.00806780 -0.88496739 -0.07842937 -0.00869204 0.99688178 84.21248627
0.99319839 0.00734323 0.11620256 -5.50357103 -0.00839274 0.99992827 0.00854505 -0.88875771 -0.11613148 -0.00946219 0.99318878 84.66862488
0.98750226 0.00761808 0.15742060 -5.40574217 -0.00900481 0.99992667 0.00809772 -0.88765174 -0.15734737 -0.00941406 0.98749845 85.09808350
0.97921800 0.00736546 0.20267674 -5.30242586 -0.00934482 0.99991752 0.00881091 -0.90132827 -0.20259512 -0.01052178 0.97920606 85.49412537
0.96774411 0.00932993 0.25176238 -5.16281414 -0.01135229 0.99991390 0.00658156 -0.90576142 -0.25167930 -0.00922734 0.96776670 85.91286469
0.95237271 0.01049265 0.30475584 -5.00312042 -0.01225012 0.99991753 0.00385521 -0.91303384 -0.30469026 -0.00740490 0.95242271 86.30574799
0.93260536 0.01104690 0.36072872 -4.82698822 -0.01253190 0.99991989 0.00177780 -0.91970217 -0.36068019 -0.00617860 0.93266909 86.67774963
0.90838868 0.01150415 0.41796850 -4.62932205 -0.01270137 0.99991933 0.00008268 -0.92632449 -0.41793383 -0.00538388 0.90846152 87.02903748
0.87922214 0.01171954 0.47626786 -4.41521025 -0.01256567 0.99992006 -0.00140801 -0.93556309 -0.47624629 -0.00474667 0.87929912 87.36431122
0.84602702 0.01125489 0.53302120 -4.15710306 -0.01037254 0.99993539 -0.00465031 -0.92966896 -0.53303910 -0.00159449 0.84608910 87.68315888
0.81015568 0.01060198 0.58611891 -3.87645626 -0.00901164 0.99994354 -0.00563120 -0.94410968 -0.58614551 -0.00071974 0.81020548 87.96987152
0.76992705 0.00943805 0.63806211 -3.59705544 -0.00810328 0.99995460 -0.00501313 -0.94852912 -0.63808046 -0.00131065 0.76996858 88.25322723
0.72696688 0.00869767 0.68661744 -3.30646324 -0.00978245 0.99994948 -0.00230945 -0.96212435 -0.68660284 -0.00503791 0.72701524 88.51068878
0.68227530 0.00776430 0.73105412 -2.98896790 -0.00896919 0.99995725 -0.00224950 -0.96508861 -0.73104033 -0.00502219 0.68231577 88.73960114
0.63641597 0.00651212 0.77131855 -2.66119003 -0.00522454 0.99997782 -0.00413188 -0.96783024 -0.77132835 -0.00140019 0.63643587 88.94134521
0.59028303 0.00389221 0.80718696 -2.32016563 0.00023028 0.99998752 -0.00499028 -0.97744560 -0.80719632 0.00313156 0.59027477 89.11930847
0.54416484 0.00618612 0.83895552 -1.97256088 -0.00089476 0.99997653 -0.00679307 -0.97752261 -0.83897785 0.00294588 0.54415760 89.29299927
0.49739389 0.00873247 0.86748087 -1.62907028 -0.00513067 0.99996146 -0.00712428 -0.99390340 -0.86750965 -0.00090719 0.49741952 89.44629669
0.44998112 0.01202319 0.89295713 -1.28050232 -0.00656198 0.99992689 -0.01015675 -0.99337912 -0.89301396 -0.00128922 0.45002712 89.61399078
0.40807309 0.01013028 0.91289305 -0.91648483 0.00071353 0.99993459 -0.01141513 -0.99379146 -0.91294898 0.00530959 0.40803917 89.72239685
0.36824988 0.00291517 0.92972229 -0.54311371 0.01551789 0.99983651 -0.00928144 -0.99561775 -0.92959734 0.01784522 0.36814444 89.81626129
0.33300252 -0.00111196 0.94292528 -0.16879654 0.01981403 0.99978675 -0.00581849 -1.00452471 -0.94271773 0.02062073 0.33295354 89.91120911
0.30007510 0.00348724 0.95390921 0.21523666 0.01721548 0.99981066 -0.00907058 -1.00689053 -0.95376022 0.01914386 0.29995825 90.01705170
0.26887659 0.01062376 0.96311604 0.58408737 0.00757907 0.99988487 -0.01314522 -1.01940012 -0.96314482 0.01083397 0.26876512 90.11958313
0.24040754 0.01449181 0.97056386 0.96916199 0.00344538 0.99986951 -0.01578280 -1.03649330 -0.97066593 0.00713827 0.24032624 90.20550537
0.21487047 0.01614705 0.97650906 1.36781311 0.00434614 0.99983761 -0.01748912 -1.05274606 -0.97663288 0.00800194 0.21476540 90.27197266
0.19086639 0.01747134 0.98146053 1.78722382 0.01142793 0.99973428 -0.02001905 -1.06590223 -0.98154950 0.01503703 0.19061601 90.33634186
0.17121562 0.02404431 0.98494014 2.20333099 0.01775238 0.99946457 -0.02748484 -1.06628442 -0.98507363 0.02219086 0.17069710 90.37753296
0.15190065 0.03072583 0.98791807 2.63638306 0.02001186 0.99921620 -0.03415421 -1.06736910 -0.98819316 0.02495812 0.15116671 90.42413330
0.13437031 0.03155323 0.99042870 3.08161926 0.01780943 0.99925458 -0.03425059 -1.07904732 -0.99077114 0.02224123 0.13370820 90.47817230
0.11902448 0.02700328 0.99252405 3.55158234 0.01612647 0.99944567 -0.02912549 -1.10273826 -0.99276035 0.01947255 0.11852303 90.52931213
0.10401010 0.02397734 0.99428717 4.03404999 0.01633297 0.99953337 -0.02581241 -1.12216616 -0.99444212 0.01892441 0.10356995 90.57737732
0.09074498 0.02157474 0.99564044 4.52474976 0.01884996 0.99954898 -0.02337747 -1.13826561 -0.99569575 0.02088917 0.09029737 90.61089325
0.07919642 0.02073072 0.99664345 5.03423309 0.02231497 0.99949634 -0.02256328 -1.15498745 -0.99660924 0.02402700 0.07869392 90.63744354
0.06926236 0.02145385 0.99736776 5.55522919 0.02540921 0.99940644 -0.02326225 -1.16771126 -0.99727484 0.02695353 0.06867612 90.66436005
0.06160429 0.02187813 0.99786084 6.10340881 0.02781671 0.99933376 -0.02362773 -1.18596506 -0.99771296 0.02921278 0.06095467 90.68684387
0.05613199 0.02219117 0.99817671 6.66237640 0.02982885 0.99926942 -0.02389287 -1.19960511 -0.99797767 0.03111562 0.05542905 90.71208954
0.05084137 0.02331855 0.99843447 7.23720551 0.03083601 0.99921408 -0.02490696 -1.21461761 -0.99823058 0.03205404 0.05008236 90.73051453
0.04458304 0.02386989 0.99872047 7.85092926 0.03121610 0.99919305 -0.02527468 -1.23255372 -0.99851786 0.03230298 0.04380194 90.76034546
0.04014673 0.02377612 0.99891087 8.46288300 0.03324650 0.99913151 -0.02511757 -1.25089765 -0.99864053 0.03421868 0.03932139 90.77760315
0.03730451 0.02363608 0.99902438 9.09962463 0.03509042 0.99907271 -0.02494753 -1.27135611 -0.99868766 0.03598684 0.03644052 90.80033112
0.03414809 0.02332100 0.99914465 9.75034332 0.03566977 0.99906233 -0.02453817 -1.28988421 -0.99878004 0.03647719 0.03328422 90.82049561
0.03180823 0.02277738 0.99923442 10.41654205 0.03742519 0.99901206 -0.02396365 -1.30883038 -0.99879307 0.03815878 0.03092436 90.83719635
0.03114373 0.02246920 0.99926233 11.11051178 0.04225984 0.99882370 -0.02377644 -1.32619977 -0.99862114 0.04296915 0.03015755 90.84893799
0.03213576 0.02196809 0.99924206 11.81340027 0.04534281 0.99869705 -0.02341434 -1.34840465 -0.99845447 0.04606088 0.03109780 90.86871338
0.03477881 0.02181547 0.99915690 12.53165436 0.04738055 0.99860155 -0.02345258 -1.36535823 -0.99827126 0.04815626 0.03369654 90.88613129
0.03838635 0.02198078 0.99902119 13.27834320 0.04984492 0.99847135 -0.02388392 -1.39121735 -0.99801902 0.05071295 0.03723204 90.92173767
0.04282691 0.02139254 0.99885345 14.03704071 0.05011068 0.99846639 -0.02353280 -1.41047382 -0.99782502 0.05106107 0.04168924 90.95044708
0.04707809 0.01954777 0.99869992 14.80989838 0.05204066 0.99840272 -0.02199511 -1.43333507 -0.99753467 0.05300849 0.04598562 90.98199463
0.05112475 0.01810614 0.99852813 15.61730194 0.05167477 0.99844836 -0.02075045 -1.45610893 -0.99735449 0.05265957 0.05010979 91.02117920
0.05519854 0.01596617 0.99834774 16.41861725 0.04874685 0.99863673 -0.01866600 -1.47684217 -0.99728475 0.04969664 0.05434499 91.06940460
0.05938177 0.01459200 0.99812869 17.23251343 0.04797136 0.99869620 -0.01745426 -1.50094867 -0.99708202 0.04891805 0.05860435 91.12011719
0.06303549 0.01601563 0.99788277 18.06614685 0.04465819 0.99882444 -0.01885176 -1.52031255 -0.99701162 0.04575197 0.06224616 91.19042969
0.06642950 0.01980058 0.99759464 18.89803314 0.04292326 0.99882084 -0.02268316 -1.54863715 -0.99686745 0.04432685 0.06550127 91.24612427
0.06796475 0.02490555 0.99737681 19.73193359 0.03732319 0.99892513 -0.02748754 -1.57692075 -0.99698935 0.03909347 0.06696214 91.30933380
0.06723349 0.02831227 0.99733549 20.57981873 0.03389365 0.99895556 -0.03064314 -1.60892653 -0.99716141 0.03586358 0.06620367 91.38758850
0.06751181 0.02774391 0.99733266 21.41836548 0.03154025 0.99905435 -0.02992684 -1.64260566 -0.99721982 0.03347654 0.06657292 91.44450378
0.06728837 0.02592604 0.99739667 22.26169968 0.02885382 0.99919366 -0.02791934 -1.67557573 -0.99731627 0.03065735 0.06648604 91.51145935
0.06716001 0.02474700 0.99743527 23.10393524 0.02953001 0.99920511 -0.02677925 -1.71321833 -0.99730512 0.03125277 0.06637585 91.56892395
0.06773458 0.02367611 0.99742241 23.94892883 0.02695509 0.99931004 -0.02555143 -1.75151110 -0.99733918 0.02861633 0.06704966 91.63148499
0.06797720 0.02407713 0.99739631 24.78925705 0.02538396 0.99934339 -0.02585417 -1.78245079 -0.99736390 0.02707536 0.06732140 91.69466400
0.06792465 0.02498514 0.99737755 25.62092209 0.02240871 0.99939598 -0.02656181 -1.81386268 -0.99743877 0.02415415 0.06732373 91.75738525
0.06695471 0.02628490 0.99740973 26.45317078 0.01950084 0.99942751 -0.02764714 -1.84568775 -0.99756543 0.02130143 0.06640380 91.81613159
0.06387774 0.02595395 0.99762018 27.27988434 0.01647025 0.99949819 -0.02705740 -1.87873292 -0.99782181 0.01815942 0.06341821 91.87494659
0.06013397 0.02460414 0.99788704 28.10572052 0.01416528 0.99957447 -0.02549936 -1.91396976 -0.99808980 0.01566873 0.05975986 91.92622375
0.05541601 0.02231308 0.99821400 28.93422317 0.01218579 0.99966069 -0.02302192 -1.94252062 -0.99838899 0.01343981 0.05512531 91.97172546
0.04927931 0.02010352 0.99858269 29.76473618 0.01022382 0.99973488 -0.02063125 -1.97481608 -0.99873271 0.01122602 0.04906071 92.01663208
0.04196041 0.02062655 0.99890634 30.60474396 0.01006172 0.99972745 -0.02106616 -2.00023842 -0.99906861 0.01093466 0.04174143 92.05347443
0.03335936 0.02139586 0.99921438 31.41997147 0.00984001 0.99971534 -0.02173510 -2.02858329 -0.99939498 0.01055735 0.03313932 92.07736969
0.02343886 0.02176684 0.99948828 32.23429108 0.01000863 0.99970773 -0.02200633 -2.05730319 -0.99967517 0.01051931 0.02321415 92.09774780
0.01327482 0.02102291 0.99969086 33.05469513 0.01144236 0.99971030 -0.02117526 -2.08449697 -0.99984641 0.01171992 0.01303043 92.09960938
0.00233637 0.01995340 0.99979818 33.86356735 0.00976965 0.99975274 -0.01997533 -2.11619759 -0.99994955 0.00981435 0.00214086 92.10095215
-0.00857738 0.01908169 0.99978113 34.66179276 0.01178977 0.99975035 -0.01897995 -2.14164662 -0.99989371 0.01162439 -0.00880020 92.09024048
-0.01991752 0.01942593 0.99961289 35.47726059 0.01138247 0.99975083 -0.01920181 -2.16979837 -0.99973683 0.01099561 -0.02013367 92.07967377
-0.03086413 0.01999364 0.99932360 36.26712418 0.01165915 0.99973910 -0.01964186 -2.19680214 -0.99945559 0.01104504 -0.03108919 92.05004883
-0.04159650 0.02086700 0.99891656 37.07654953 0.01109650 0.99972987 -0.02042192 -2.22731399 -0.99907287 0.01023500 -0.04181681 92.01963806
-0.05208470 0.02207875 0.99839857 37.85665512 0.01147618 0.99970279 -0.02150890 -2.25261116 -0.99857673 0.01033752 -0.05232260 91.97720337
-0.06094189 0.02283200 0.99788015 38.63970184 0.01244629 0.99967800 -0.02211303 -2.27686143 -0.99806371 0.01107230 -0.06120644 91.91194153
-0.07079308 0.02321592 0.99722082 39.41653442 0.01323479 0.99966298 -0.02233323 -2.30827594 -0.99740322 0.01161697 -0.07107648 91.86572266
-0.07997749 0.02390203 0.99651006 40.17758942 0.01395694 0.99964132 -0.02285698 -2.33017063 -0.99669895 0.01208019 -0.08028240 91.79853058
-0.08860989 0.02315375 0.99579726 40.93172073 0.01524412 0.99964423 -0.02188671 -2.36165690 -0.99594975 0.01324068 -0.08893133 91.72904968
-0.09573420 0.02216390 0.99516015 41.67555618 0.01646246 0.99965060 -0.02068022 -2.38781071 -0.99527079 0.01440298 -0.09606562 91.64691162
-0.10102704 0.02042061 0.99467409 42.43296051 0.01968044 0.99963471 -0.01852355 -2.41530609 -0.99468901 0.01770424 -0.10139202 91.57012939
-0.10465868 0.01849653 0.99433618 43.16059113 0.02250804 0.99961498 -0.01622564 -2.44276857 -0.99425346 0.02068241 -0.10503470 91.48446655
-0.10748755 0.01766310 0.99404952 43.87666702 0.02446659 0.99958636 -0.01511588 -2.46339965 -0.99390533 0.02269624 -0.10787525 91.40376282
-0.10885802 0.01665368 0.99391780 44.58513641 0.02453593 0.99960005 -0.01406161 -2.48928308 -0.99375446 0.02285598 -0.10922310 91.32179260
-0.10961557 0.01728164 0.99382381 45.26654434 0.02593276 0.99955822 -0.01452106 -2.50846362 -0.99363571 0.02418086 -0.11001531 91.24371338
-0.10881487 0.01830863 0.99389341 45.93773651 0.02610532 0.99953818 -0.01555451 -2.53043008 -0.99371919 0.02425334 -0.10924257 91.17411041
-0.10598832 0.01975872 0.99417105 46.58719635 0.02682696 0.99949545 -0.01700452 -2.55375481 -0.99400543 0.02486831 -0.10646491 91.10767365
-0.10083655 0.02051738 0.99469142 47.22319031 0.02704508 0.99947440 -0.01787435 -2.57132363 -0.99453535 0.02509912 -0.10133845 91.05173492
-0.09270704 0.02112625 0.99546928 47.85135269 0.02666096 0.99946908 -0.01872823 -2.59676600 -0.99533642 0.02480392 -0.09322106 90.99349976
-0.08141006 0.02106596 0.99645804 48.44516373 0.02575546 0.99948721 -0.01902579 -2.61907768 -0.99634786 0.02411534 -0.08191088 90.94972229
-0.06772728 0.02164706 0.99746901 49.02260590 0.02542372 0.99947739 -0.01996440 -2.63710999 -0.99737989 0.02400723 -0.06824223 90.92204285
-0.05054970 0.02286640 0.99845974 49.57270813 0.02387481 0.99947983 -0.02168104 -2.66118836 -0.99843614 0.02274207 -0.05106934 90.90806580
-0.02952082 0.02522824 0.99924574 50.11763382 0.02224269 0.99945048 -0.02457629 -2.68803215 -0.99931666 0.02150040 -0.03006575 90.90414429
-0.00483161 0.02799195 0.99959647 50.65236282 0.02031521 0.99940459 -0.02788838 -2.71203661 -0.99978195 0.02017226 -0.00539739 90.91927338
0.02357633 0.02966585 0.99928179 51.17217636 0.01839221 0.99937759 -0.03010263 -2.73520994 -0.99955284 0.01908871 0.02301604 90.94624329
0.05690578 0.02948164 0.99794417 51.69155121 0.01636112 0.99940214 -0.03045768 -2.75097728 -0.99824548 0.01806070 0.05638940 90.99662781
0.09488028 0.02662612 0.99513254 52.22684860 0.01503904 0.99948982 -0.02817660 -2.78274679 -0.99537508 0.01763924 0.09443145 91.06645203
0.13757084 0.02312615 0.99022192 52.74020004 0.01313781 0.99959685 -0.02517032 -2.80121660 -0.99040480 0.01647205 0.13721156 91.15251160
0.18235407 0.01851991 0.98305850 53.24833679 0.00981954 0.99973843 -0.02065563 -2.82674789 -0.98318389 0.01341983 0.18212452 91.28138733
0.23051088 0.01552003 0.97294597 53.73637772 0.00569054 0.99983420 -0.01729714 -2.84204483 -0.97305311 0.00952377 0.23038434 91.42875671
0.28340720 0.01466391 0.95888755 54.20224381 0.00264528 0.99986733 -0.01607244 -2.84945130 -0.95899602 0.00709157 0.28333081 91.57661438
0.33711208 0.01329113 0.94137070 54.69302368 0.00155170 0.99989114 -0.01467305 -2.87894154 -0.94146324 0.00640719 0.33705475 91.79225159
0.39609283 0.01402443 0.91810336 55.13971710 0.00360092 0.99985194 -0.01682670 -2.89107799 -0.91820341 0.00997096 0.39598368 92.00020599
0.45478665 0.01750935 0.89042828 55.55548096 0.00438816 0.99975053 -0.02190032 -2.90386605 -0.89058961 0.01386731 0.45459636 92.26245880
0.51338411 0.02120360 0.85789694 55.93444824 0.00525218 0.99959835 -0.02784888 -2.91783476 -0.85814286 0.01880300 0.51306654 92.54132080
0.57195064 0.02582711 0.81988135 56.30741882 0.00097668 0.99948206 -0.03216606 -2.92788982 -0.82028746 0.01919816 0.57162918 92.83802795
0.62838656 0.02845613 0.77738059 56.66182327 -0.00273979 0.99940547 -0.03436871 -2.94490480 -0.77789641 0.01946697 0.62809092 93.15955353
0.68034645 0.02795152 0.73235744 56.98770142 -0.00390890 0.99939663 -0.03451218 -2.97775078 -0.73288023 0.02061752 0.68004521 93.52188873
0.72720313 0.02921878 0.68580017 57.23996735 -0.00616621 0.99933138 -0.03603842 -2.96933460 -0.68639463 0.02197846 0.72689707 93.88023376
0.77201402 0.02503747 0.63511218 57.50631714 -0.00772999 0.99951980 -0.03000696 -2.99057198 -0.63555850 0.01825639 0.77183683 94.27223969
0.81351096 0.01966656 0.58121696 57.76367188 -0.00795135 0.99971075 -0.02269783 -3.00802827 -0.58149523 0.01384348 0.81343202 94.68762207
0.85005026 0.01991748 0.52632485 57.98316193 -0.01193019 0.99975647 -0.01856528 -2.99522901 -0.52656645 0.00950226 0.85008087 95.11522675
0.88111694 0.01409190 0.47268843 58.17042160 -0.01087877 0.99989541 -0.00953051 -3.02602434 -0.47277329 0.00325523 0.88117808 95.53643036
0.90637931 0.01475975 0.42220693 58.33276749 -0.01449345 0.99988759 -0.00384060 -3.03864169 -0.42221615 -0.00263820 0.90649135 95.98909760
0.92643315 0.01670344 0.37608857 58.47817230 -0.01791572 0.99983946 -0.00027397 -3.04871464 -0.37603277 -0.00648409 0.92658368 96.44539642
0.94130431 0.02296382 0.33677715 58.59348679 -0.02514608 0.99968154 0.00211891 -3.05350041 -0.33662125 -0.01046317 0.94158200 96.90398407
0.95305144 0.02682287 0.30161811 58.70643616 -0.02855018 0.99959149 0.00131915 -3.05493545 -0.30145951 -0.00986847 0.95342791 97.36925507
0.96226556 0.02828310 0.27063826 58.82168961 -0.02985342 0.99955286 0.00168661 -3.05785513 -0.27046954 -0.00970244 0.96267964 97.85732269
0.96823164 0.02240479 0.24904924 58.92970276 -0.02364523 0.99971843 0.00198990 -3.06350756 -0.24893453 -0.00781552 0.96848878 98.33075714
0.97217704 0.01926517 0.23345374 59.04062271 -0.02048372 0.99978628 0.00279605 -3.07200432 -0.23334998 -0.00750026 0.97236389 98.82320404
0.97499615 0.02363643 0.22096115 59.13599396 -0.02476519 0.99969056 0.00233906 -3.07356596 -0.22083749 -0.00775272 0.97527981 99.33109283
0.97699114 0.02906149 0.21129067 59.23319626 -0.03031322 0.99953684 0.00268689 -3.07234144 -0.21111473 -0.00902997 0.97741958 99.84802246
0.97810879 0.03635221 0.20489439 59.33234024 -0.03748117 0.99929600 0.00163032 -3.07278109 -0.20469088 -0.00927431 0.97878273 100.37046051
0.97838037 0.04297647 0.20229898 59.42578888 -0.04352362 0.99905087 -0.00174507 -3.08418083 -0.20218197 -0.00709744 0.97932225 100.89202118
0.97838491 0.04412402 0.20202981 59.52294159 -0.04418948 0.99901439 -0.00418851 -3.09221435 -0.20201550 -0.00482962 0.97937042 101.47502136
0.97810681 0.04185532 0.20385092 59.65735626 -0.04107806 0.99912355 -0.00804461 -3.09400797 -0.20400897 -0.00050531 0.97896889 102.01885223
0.97731549 0.04060401 0.20785991 59.77943039 -0.03842903 0.99915623 -0.01449275 -3.10121608 -0.20827298 0.00617613 0.97805124 102.57996368
0.97644986 0.04082441 0.21184673 59.91005707 -0.03764329 0.99911004 -0.01902929 -3.10825849 -0.21243505 0.01060654 0.97711762 103.15247345
0.97528487 0.04545374 0.21622531 60.02878571 -0.04238814 0.99892439 -0.01879676 -3.11737919 -0.21684712 0.00916681 0.97616254 103.73853302
0.97385162 0.04864011 0.22191703 60.16431045 -0.04646498 0.99880707 -0.01501502 -3.12860346 -0.22238263 0.00431103 0.97494994 104.38726044
0.97286910 0.04570031 0.22679772 60.30944824 -0.04456374 0.99895516 -0.01013183 -3.14569473 -0.22702378 -0.00025001 0.97388918 104.99934387
0.97217407 0.04115269 0.23061662 60.46645737 -0.04119262 0.99914043 -0.00464374 -3.15470076 -0.23060949 -0.00498518 0.97303361 105.63117981
0.97136222 0.03883080 0.23440905 60.62168884 -0.03989234 0.99920396 -0.00021319 -3.16120195 -0.23423073 -0.00914404 0.97213803 106.27326202
0.97083413 0.03435853 0.23727744 60.78750610 -0.03547249 0.99937056 0.00042567 -3.16823793 -0.23711346 -0.00883008 0.97144183 106.91819000
0.97091462 0.03100628 0.23740980 60.95698929 -0.03132950 0.99950620 -0.00241226 -3.18485594 -0.23736736 -0.00509584 0.97140659 107.58780670
0.97107228 0.03045621 0.23683550 61.12107468 -0.02905492 0.99953356 -0.00940559 -3.19400692 -0.23701149 0.00225227 0.97150424 108.24832153
0.97118036 0.03284335 0.23607208 61.27645874 -0.02992781 0.99942521 -0.01592385 -3.20321465 -0.23645938 0.00839981 0.97160507 108.91984558
0.97173193 0.03585602 0.23334823 61.43656540 -0.03213974 0.99928902 -0.01971010 -3.21089959 -0.23388905 0.01165319 0.97219346 109.60568237
0.97232129 0.03418973 0.23113279 61.60378265 -0.03149559 0.99938621 -0.01533712 -3.22855663 -0.23151530 0.00763295 0.97280132 110.32331085
0.97274496 0.03015584 0.22990839 61.77498245 -0.02918215 0.99954495 -0.00763491 -3.24280667 -0.23003401 0.00071760 0.97318233 111.04893494
0.97331608 0.03047063 0.22743649 61.94417572 -0.03084419 0.99952238 -0.00191232 -3.25581455 -0.22738613 -0.00515380 0.97379104 111.78190613
0.97360911 0.03408148 0.22566290 62.10337830 -0.03444193 0.99940396 -0.00234061 -3.26804066 -0.22560817 -0.00549343 0.97420264 112.52529907
0.97387642 0.04007747 0.22351402 62.26864243 -0.03948844 0.99919476 -0.00710621 -3.27623415 -0.22361883 -0.00190564 0.97467481 113.28973389
0.97475687 0.04082281 0.21950523 62.43540192 -0.03902745 0.99915981 -0.01251102 -3.28226590 -0.21983154 0.00362847 0.97553110 114.04807281
0.97569193 0.03954031 0.21555004 62.60520935 -0.03710132 0.99919359 -0.01535127 -3.29594421 -0.21598321 0.00698092 0.97637212 114.82238007
0.97662809 0.03715800 0.21169994 62.77411270 -0.03501775 0.99929070 -0.01385132 -3.30977941 -0.21206447 0.00611433 0.97723655 115.60724640
0.97753382 0.03352147 0.20809598 62.95102692 -0.03174981 0.99942561 -0.01184889 -3.32426715 -0.20837364 0.00497568 0.97803664 116.40334320
0.97790331 0.03205673 0.20658531 63.11930466 -0.03090393 0.99948357 -0.00880565 -3.34607267 -0.20676090 0.00222678 0.97838897 117.21582794
0.97830237 0.02896476 0.20514753 63.29725647 -0.02822624 0.99958026 -0.00652608 -3.35835743 -0.20525045 0.00059393 0.97870930 118.03262329
0.97846280 0.02411763 0.20500949 63.46328735 -0.02351626 0.99970903 -0.00536964 -3.36992741 -0.20507934 0.00043294 0.97874526 118.85820770
0.97858523 0.02480457 0.20434205 63.63764191 -0.02450324 0.99969173 -0.00400514 -3.37706852 -0.20437840 -0.00108767 0.97889136 119.69579315
0.97833515 0.03023478 0.20480769 63.80260086 -0.02966469 0.99954276 -0.00585400 -3.38858008 -0.20489104 -0.00034838 0.97878473 120.52691650
0.97803391 0.03614848 0.20528748 63.97168350 -0.03505207 0.99934518 -0.00897616 -3.40920591 -0.20547753 0.00158324 0.97866055 121.38229370
0.97751497 0.04451960 0.20611282 64.13542938 -0.04322308 0.99900717 -0.01079114 -3.41594434 -0.20638860 0.00163967 0.97846873 122.22262573
0.97666395 0.05027447 0.20880615 64.31005096 -0.04925201 0.99873535 -0.01009658 -3.43485331 -0.20904968 -0.00042316 0.97790493 123.06890106
0.97580627 0.05270741 0.21218873 64.47314453 -0.05214638 0.99860543 -0.00824334 -3.45253897 -0.21232730 -0.00302097 0.97719394 123.94859314
0.97521903 0.05332599 0.21471885 64.65564728 -0.05259024 0.99857433 -0.00914201 -3.46792483 -0.21490024 -0.00237666 0.97663311 124.80984497
0.97488437 0.05165044 0.21663957 64.84101105 -0.05026959 0.99866498 -0.01188354 -3.48447204 -0.21696414 0.00069470 0.97617933 125.65251160
0.97488075 0.04602555 0.21792009 65.03622436 -0.04486260 0.99894023 -0.01028397 -3.50839901 -0.21816247 0.00024918 0.97591243 126.51255035
0.97508264 0.03949448 0.21829802 65.23090362 -0.03784990 0.99921480 -0.01171193 -3.52972054 -0.21858917 0.00315755 0.97581187 127.36917114
0.97484577 0.03821110 0.21958058 65.42537689 -0.03651985 0.99926376 -0.01175760 -3.55456781 -0.21986819 0.00344280 0.97552351 128.20765686
0.97441172 0.04077097 0.22104191 65.61505127 -0.03980365 0.99916850 -0.00883054 -3.57186174 -0.22121815 -0.00019370 0.97522433 129.06192017
0.97406133 0.04274459 0.22221032 65.80085754 -0.04311046 0.99906517 -0.00320600 -3.58666730 -0.22213963 -0.00645675 0.97499349 129.92237854
0.97372117 0.04614412 0.22301976 65.99484253 -0.04758257 0.99886673 0.00107760 -3.60501385 -0.22271729 -0.01166113 0.97481333 130.76974487
0.97347135 0.04604421 0.22412821 66.17978668 -0.04606568 0.99892521 -0.00513592 -3.62377167 -0.22412380 -0.00532494 0.97454613 131.61413574
0.97374650 0.04123916 0.22386846 66.37679291 -0.03775807 0.99909053 -0.01981016 -3.64144039 -0.22448182 0.01083723 0.97441801 132.44094849
0.97402189 0.03860677 0.22313869 66.57501221 -0.03302711 0.99904274 -0.02868476 -3.66372109 -0.22403251 0.02056996 0.97436457 133.26664734
0.97425906 0.03601992 0.22253506 66.76446533 -0.03237541 0.99927556 -0.02000490 -3.68022561 -0.22309442 0.01228529 0.97471942 134.11355591
0.97471224 0.02945440 0.22151408 66.96443939 -0.03045864 0.99953540 0.00111818 -3.70718765 -0.22137823 -0.00783692 0.97515653 134.97418213
0.97505324 0.02583902 0.22046205 67.16215515 -0.03015299 0.99941361 0.01622460 -3.72657251 -0.21991355 -0.02246744 0.97526060 135.82312012
0.97503272 0.03084992 0.21990787 67.33510590 -0.03404859 0.99936215 0.01076927 -3.73875856 -0.21943537 -0.01798795 0.97546120 136.65643310
0.97520105 0.03887406 0.21788004 67.50975037 -0.03870327 0.99923797 -0.00505306 -3.74569559 -0.21791044 -0.00350492 0.97596248 137.46305847
0.97540514 0.03879646 0.21697843 67.68134308 -0.03679190 0.99923481 -0.01327213 -3.75209093 -0.21732731 0.00496266 0.97608617 138.30555725
0.97605498 0.03464998 0.21474647 67.86585236 -0.03235813 0.99937575 -0.01417970 -3.76872110 -0.21510374 0.00689137 0.97656689 139.13496399
0.97658997 0.03403020 0.21240052 68.03754425 -0.03217984 0.99940808 -0.01216357 -3.79976177 -0.21268873 0.00504381 0.97710699 139.97152710
0.97741363 0.03410076 0.20856588 68.21261597 -0.03200207 0.99939758 -0.01342960 -3.81760001 -0.20889819 0.00645173 0.97791611 140.78297424
0.97837905 0.03535630 0.20377530 68.38125610 -0.03296990 0.99934235 -0.01509501 -3.83863354 -0.20417499 0.00805019 0.97890131 141.60836792
0.97881130 0.04012369 0.20079473 68.53865814 -0.03790016 0.99917033 -0.01490725 -3.86686134 -0.20122627 0.00698123 0.97951991 142.42222595
0.97891014 0.04631006 0.19897317 68.68569946 -0.04419054 0.99890926 -0.01508235 -3.88423944 -0.19945461 0.00597154 0.97988887 143.24572754
0.97923857 0.04773487 0.19701067 68.84350586 -0.04601235 0.99885214 -0.01331408 -3.90285468 -0.19742008 0.00397273 0.98031094 144.06364441
0.97949438 0.04631756 0.19607510 68.99972534 -0.04555341 0.99892652 -0.00840763 -3.92708564 -0.19625404 -0.00069666 0.98055284 144.87747192
0.97982129 0.04487924 0.19477188 69.15420532 -0.04403834 0.99899241 -0.00864764 -3.94556951 -0.19496373 -0.00010429 0.98081045 145.68402100
0.98046335 0.04300159 0.19194395 69.31352997 -0.04159993 0.99907013 -0.01132833 -3.96723604 -0.19225260 0.00312216 0.98134051 146.48315430
0.98159842 0.03830411 0.18707575 69.46945190 -0.03613246 0.99923434 -0.01500579 -3.98786354 -0.18750729 0.00797015 0.98223087 147.28274536
0.98291193 0.03564061 0.18059312 69.61917114 -0.03327225 0.99931619 -0.01612770 -4.00200272 -0.18104443 0.00984337 0.98342566 148.09359741
0.98412048 0.03379206 0.17425550 69.75798035 -0.03241707 0.99941681 -0.01073162 -4.01777744 -0.17451652 0.00491236 0.98464199 148.89471435
0.98516991 0.03161106 0.16864457 69.89389038 -0.03162418 0.99949643 -0.00260874 -4.03130436 -0.16864211 -0.00276319 0.98567348 149.73234558
0.98577455 0.02874807 0.16559613 70.01799774 -0.03020128 0.99952421 0.00626377 -4.03380585 -0.16533727 -0.01117588 0.98617376 150.55970764
0.98628358 0.03528402 0.16124435 70.14558411 -0.03738213 0.99925105 0.00999593 -4.06007338 -0.16077089 -0.01588647 0.98686389 151.37220764
0.98690320 0.03815326 0.15673670 70.26061249 -0.03942836 0.99920972 0.00503308 -4.06316471 -0.15642081 -0.01114704 0.98762760 152.17602539
