0.99998766 -0.00286812 -0.00405550 0.00302601 0.00286038 0.99999408 -0.00191340 -0.00239475 0.00406097 0.00190178 0.99998995 0.26309961
0.99996301 -0.00164077 -0.00844349 0.00044980 0.00161217 0.99999295 -0.00339222 -0.00277948 0.00844899 0.00337848 0.99995860 0.52707106
0.99991449 -0.00215522 -0.01289838 -0.00174522 0.00208823 0.99998427 -0.00520510 -0.00267288 0.01290939 0.00517772 0.99990326 0.80301636
0.99983300 -0.00070418 -0.01826113 -0.00619845 0.00059511 0.99998196 -0.00597743 -0.00388203 0.01826501 0.00596556 0.99981538 1.08490622
0.99973193 -0.00174467 -0.02308753 -0.01195617 0.00159741 0.99997827 -0.00639517 -0.00608915 0.02309819 0.00635658 0.99971299 1.37478936
0.99960784 -0.00029471 -0.02800150 -0.02121687 0.00007167 0.99996827 -0.00796569 -0.00819634 0.02800296 0.00796056 0.99957614 1.67142200
0.99950679 0.00261444 -0.03129446 -0.04015449 -0.00287719 0.99996097 -0.00835386 -0.01137011 0.03127140 0.00843978 0.99947530 1.96547580
0.99934645 0.00266313 -0.03604963 -0.05015311 -0.00290581 0.99997346 -0.00668119 -0.01445731 0.03603088 0.00678157 0.99932767 2.26854467
0.99918546 0.00193463 -0.04030722 -0.06483679 -0.00209448 0.99999011 -0.00392385 -0.01787035 0.04029923 0.00400508 0.99917963 2.57463622
0.99906654 0.00157920 -0.04316901 -0.07795640 -0.00163228 0.99999795 -0.00119432 -0.02181260 0.04316704 0.00126367 0.99906707 2.90191865
0.99893169 0.00329275 -0.04609374 -0.09552704 -0.00337688 0.99999277 -0.00174731 -0.02481692 0.04608765 0.00190109 0.99893559 3.21703482
0.99884356 0.00243716 -0.04801661 -0.11185145 -0.00252321 0.99999532 -0.00173147 -0.02867386 0.04801217 0.00185062 0.99884504 3.52574039
0.99878925 -0.00065231 -0.04918946 -0.12750441 0.00053402 0.99999693 -0.00241791 -0.02937386 0.04919088 0.00238871 0.99878654 3.86283851
0.99866203 -0.00065672 -0.05170804 -0.14418928 0.00058054 0.99999872 -0.00148816 -0.03300035 0.05170896 0.00145615 0.99866114 4.19547176
0.99853627 -0.00185418 -0.05405438 -0.15974613 0.00176285 0.99999694 -0.00173722 -0.03631081 0.05405744 0.00163938 0.99853648 4.53312540
0.99845968 0.00036100 -0.05548089 -0.18106918 -0.00059386 0.99999108 -0.00418064 -0.03907070 0.05547889 0.00420715 0.99845100 4.86469984
0.99839208 0.00118675 -0.05667320 -0.20641334 -0.00157578 0.99997550 -0.00682037 -0.04285121 0.05666372 0.00689871 0.99836949 5.20417690
0.99825229 0.00513845 -0.05887245 -0.22935809 -0.00564711 0.99994812 -0.00847697 -0.04683262 0.05882584 0.00879461 0.99822952 5.54723597
0.99811099 0.00604572 -0.06113837 -0.24819790 -0.00654696 0.99994656 -0.00800151 -0.05169336 0.06108673 0.00838667 0.99809723 5.89543295
0.99807241 0.00488126 -0.06186798 -0.27097505 -0.00528711 0.99996556 -0.00639794 -0.05720348 0.06183462 0.00671271 0.99806384 6.23570728
0.99793582 0.00550478 -0.06398277 -0.29143429 -0.00583017 0.99997100 -0.00489991 -0.06052738 0.06395394 0.00526282 0.99793897 6.58782387
0.99786381 0.00487613 -0.06514626 -0.31473023 -0.00519530 0.99997531 -0.00473078 -0.06632055 0.06512158 0.00505912 0.99786451 6.93673706
0.99772387 0.00493372 -0.06725131 -0.33527413 -0.00530574 0.99997159 -0.00535421 -0.07333273 0.06722298 0.00569885 0.99772170 7.29516983
0.99767619 0.00357099 -0.06804013 -0.35998115 -0.00400851 0.99997215 -0.00629490 -0.07670818 0.06801576 0.00655301 0.99766273 7.64820194
0.99757890 0.00327451 -0.06946668 -0.38135052 -0.00361850 0.99998180 -0.00482661 -0.07932453 0.06944961 0.00506629 0.99757260 8.00740719
0.99761942 0.00464463 -0.06880354 -0.41012377 -0.00473631 0.99998810 -0.00116942 -0.08488664 0.06879729 0.00149251 0.99762954 8.35807991
0.99773725 0.00571744 -0.06699029 -0.43998075 -0.00557150 0.99998168 0.00236505 -0.08758601 0.06700259 -0.00198646 0.99775082 8.72211552
0.99779656 0.00439422 -0.06620208 -0.46358511 -0.00404357 0.99997708 0.00542973 -0.09068141 0.06622442 -0.00515007 0.99779146 9.08985710
0.99788955 0.00455105 -0.06477449 -0.48631003 -0.00417031 0.99997323 0.00601197 -0.09161627 0.06480012 -0.00572916 0.99788182 9.45920563
0.99804077 0.00512288 -0.06235691 -0.51380664 -0.00491241 0.99998171 0.00352813 -0.09540331 0.06237385 -0.00321489 0.99804768 9.82394981
0.99809598 0.00590229 -0.06139682 -0.53978407 -0.00600194 0.99998095 -0.00143884 -0.09605831 0.06138716 0.00180461 0.99811240 10.19719028
0.99820143 0.00509085 -0.05973259 -0.56432009 -0.00536592 0.99997572 -0.00444558 -0.09904703 0.05970851 0.00475810 0.99820452 10.57514668
0.99829742 0.00257065 -0.05827228 -0.58629066 -0.00279326 0.99998911 -0.00373902 -0.10128675 0.05826204 0.00389542 0.99829372 10.95669651
0.99827042 0.00048790 -0.05878717 -0.60696006 -0.00042740 0.99999937 0.00104170 -0.10374968 0.05878764 -0.00101477 0.99827000 11.33942604
0.99818996 -0.00342143 -0.06004250 -0.62687922 0.00372132 0.99998115 0.00488352 -0.10911106 0.06002466 -0.00509811 0.99818388 11.72425461
0.99804863 -0.01100272 -0.06146445 -0.64560181 0.01126687 0.99992871 0.00395275 -0.11119399 0.06141658 -0.00463754 0.99810145 12.11229515
0.99794865 -0.01319478 -0.06264487 -0.66745824 0.01320547 0.99991277 -0.00024342 -0.11196145 0.06264262 -0.00058433 0.99803585 12.48886013
0.99782750 -0.01336383 -0.06451121 -0.68992615 0.01313675 0.99990594 -0.00394292 -0.11609872 0.06455784 0.00308689 0.99790919 12.87788296
0.99773310 -0.01215364 -0.06618873 -0.71704632 0.01186612 0.99991838 -0.00473532 -0.11870673 0.06624087 0.00393919 0.99779589 13.25754166
0.99768110 -0.01253866 -0.06689703 -0.74407619 0.01234964 0.99991850 -0.00323838 -0.12393228 0.06693218 0.00240471 0.99775463 13.64332771
0.99762109 -0.00925835 -0.06831131 -0.77176666 0.00924319 0.99995714 -0.00053790 -0.12798971 0.06831336 -0.00009479 0.99766391 14.04151726
0.99742997 -0.00926440 -0.07104669 -0.79310834 0.00934974 0.99995591 0.00086876 -0.13380145 0.07103551 -0.00153080 0.99747261 14.44203854
0.99737456 -0.00768674 -0.07200623 -0.82539982 0.00792480 0.99996404 0.00302091 -0.13578798 0.07198042 -0.00358362 0.99739961 14.82695007
0.99728779 -0.00770548 -0.07319629 -0.85091299 0.00818814 0.99994665 0.00629630 -0.13874708 0.07314387 -0.00687857 0.99729768 15.22919941
0.99727786 -0.00133039 -0.07372310 -0.88390291 0.00198052 0.99995979 0.00874617 -0.14178808 0.07370850 -0.00886837 0.99724040 15.62511253
0.99720914 -0.00185646 -0.07463570 -0.91160625 0.00247894 0.99996291 0.00824850 -0.14421286 0.07461762 -0.00841049 0.99717675 16.01325035
0.99719329 -0.00174672 -0.07484985 -0.94020075 0.00219937 0.99997979 0.00596545 -0.14325166 0.07483791 -0.00611333 0.99717697 16.40140915
0.99715870 0.00045148 -0.07532804 -0.97371829 -0.00016001 0.99999248 0.00387538 -0.14556131 0.07532922 -0.00385231 0.99715128 16.79573822
0.99710379 -0.00020460 -0.07605252 -1.00286794 0.00057908 0.99998782 0.00490198 -0.15279968 0.07605059 -0.00493183 0.99709176 17.17757225
0.99698635 -0.00202553 -0.07755069 -1.03152728 0.00250676 0.99997820 0.00610852 -0.15601701 0.07753663 -0.00628451 0.99696970 17.56308746
0.99690567 -0.00159556 -0.07859093 -1.06098247 0.00217529 0.99997105 0.00729143 -0.15928428 0.07857702 -0.00743982 0.99688028 17.95711517
0.99690871 0.00082949 -0.07856418 -1.09255528 -0.00054671 0.99999330 0.00362082 -0.16209814 0.07856665 -0.00356668 0.99690248 18.33517647
0.99683997 0.00114472 -0.07942778 -1.12393510 -0.00117667 0.99999924 -0.00035550 -0.16578105 0.07942731 0.00044783 0.99684056 18.71609497
0.99683666 0.00202868 -0.07945162 -1.15538812 -0.00217217 0.99999616 -0.00171968 -0.16958354 0.07944783 0.00188682 0.99683724 19.09700394
0.99674371 0.00057195 -0.08063281 -1.18181670 -0.00043207 0.99999837 0.00175219 -0.17335683 0.08063368 -0.00171164 0.99674233 19.47342682
0.99677801 -0.00107972 -0.08020243 -1.21498942 0.00147324 0.99998717 0.00484748 -0.17662303 0.08019617 -0.00495002 0.99676681 19.84328461
0.99677887 -0.00279424 -0.08015032 -1.24815381 0.00324466 0.99997967 0.00548997 -0.18065134 0.08013335 -0.00573234 0.99676767 20.21188164
0.99671448 -0.00654234 -0.08073073 -1.27551234 0.00692678 0.99996596 0.00448293 -0.18457757 0.08069866 -0.00502741 0.99672587 20.57781982
0.99672576 -0.00925371 -0.08032509 -1.30670774 0.00951624 0.99995055 0.00288621 -0.18593377 0.08029441 -0.00364116 0.99676454 20.94075966
0.99659955 -0.01074174 -0.08169431 -1.33502865 0.01110021 0.99993065 0.00393497 -0.18820436 0.08164637 -0.00482841 0.99664967 21.31106377
0.99642269 -0.01376020 -0.08338155 -1.36408281 0.01450735 0.99985980 0.00836129 -0.19243973 0.08325481 -0.00954103 0.99648262 21.68580246
0.99639265 -0.01461554 -0.08359475 -1.39532518 0.01573730 0.99979454 0.01277583 -0.18991731 0.08339085 -0.01404529 0.99641793 22.06419754
0.99636109 -0.01313673 -0.08421404 -1.42596793 0.01446417 0.99978027 0.01517201 -0.19095844 0.08399622 -0.01633489 0.99633218 22.43403435
0.99619979 -0.01202841 -0.08626289 -1.45659578 0.01305784 0.99984999 0.01137935 -0.19413519 0.08611307 -0.01246251 0.99620742 22.80014992
0.99624731 -0.01030500 -0.08593658 -1.49661624 0.01065417 0.99993674 0.00360541 -0.19483420 0.08589399 -0.00450746 0.99629409 23.16003609
0.99616878 -0.00855871 -0.08703171 -1.52804542 0.00847300 0.99996319 -0.00135411 -0.19668472 0.08704009 0.00061150 0.99620462 23.52142143
0.99613862 -0.00385472 -0.08770968 -1.56522334 0.00381401 0.99999253 -0.00063177 -0.20039162 0.08771146 0.00029481 0.99614588 23.87259865
0.99606247 -0.00121928 -0.08864571 -1.60100353 0.00139730 0.99999713 0.00194620 -0.20599614 0.08864308 -0.00206241 0.99606132 24.23320580
0.99590100 0.00052103 -0.09044844 -1.62871611 -0.00022290 0.99999451 0.00330615 -0.21004072 0.09044967 -0.00327243 0.99589565 24.58087921
0.99575165 0.00175144 -0.09206294 -1.66181338 -0.00146515 0.99999388 0.00317725 -0.21422406 0.09206794 -0.00302887 0.99574812 24.91622353
0.99552423 0.00298201 -0.09445963 -1.69114959 -0.00264445 0.99998966 0.00369849 -0.21766606 0.09446968 -0.00343214 0.99552182 25.25246048
0.99537432 0.00328275 -0.09601662 -1.72195256 -0.00286695 0.99998591 0.00446809 -0.22189461 0.09602993 -0.00417214 0.99536970 25.58161354
0.99512404 0.00304618 -0.09858431 -1.75223756 -0.00252792 0.99998232 0.00538148 -0.22656403 0.09859896 -0.00510603 0.99511415 25.92071724
0.99508707 0.00318923 -0.09895223 -1.78720307 -0.00262773 0.99997970 0.00580419 -0.22836326 0.09896874 -0.00551565 0.99507526 26.23237419
0.99495438 0.00615549 -0.10013934 -1.82146907 -0.00529916 0.99994710 0.00881516 -0.23162869 0.10018830 -0.00824003 0.99493437 26.53839111
0.99486360 0.00723623 -0.10096564 -1.85621130 -0.00596197 0.99989880 0.01291675 -0.23560074 0.10104889 -0.01224845 0.99480606 26.87057877
0.99466225 0.01018568 -0.10268033 -1.88913608 -0.00869487 0.99985035 0.01495613 -0.23897187 0.10281730 -0.01398351 0.99460196 27.16825104
0.99452884 0.01308491 -0.10363967 -1.92381513 -0.01201866 0.99986830 0.01090590 -0.24054338 0.10376872 -0.00960062 0.99455512 27.45743752
0.99437808 0.01292254 -0.10509631 -1.95617568 -0.01266394 0.99991492 0.00312757 -0.24027911 0.10512779 -0.00177906 0.99445713 27.75664520
0.99424523 0.01198298 -0.10645578 -1.98910594 -0.01231895 0.99992100 -0.00249895 -0.24466337 0.10641743 0.00379600 0.99431430 28.03950500
0.99424957 0.01316131 -0.10627592 -2.02219272 -0.01364853 0.99989941 -0.00385844 -0.24602146 0.10621445 0.00528676 0.99432919 28.31126595
0.99415596 0.01587498 -0.10677977 -2.05155110 -0.01595988 0.99987263 0.00005951 -0.25224468 0.10676712 0.00164503 0.99428269 28.57272720
0.99403394 0.01598585 -0.10789341 -2.08237457 -0.01584772 0.99987213 0.00213759 -0.25675672 0.10791379 -0.00041497 0.99416017 28.82867050
0.99398780 0.01290572 -0.10872766 -2.11089015 -0.01311781 0.99991319 -0.00123558 -0.26033348 0.10870228 0.00265442 0.99407081 29.08039665
0.99406293 0.00472470 -0.10870404 -2.13175273 -0.00547171 0.99996342 -0.00657468 -0.26302788 0.10866900 0.00713044 0.99405242 29.32952881
0.99417430 0.00068437 -0.10778219 -2.15782571 -0.00188841 0.99993695 -0.01106945 -0.27074444 0.10776782 0.01120850 0.99411290 29.56284904
0.99448241 0.00321218 -0.10485429 -2.18087316 -0.00440454 0.99992822 -0.01114204 -0.27660799 0.10481098 0.01154240 0.99442518 29.79333496
0.99492421 0.00837489 -0.10027801 -2.20865178 -0.00922648 0.99992518 -0.00803152 -0.28185406 0.10020325 0.00891596 0.99492704 30.01641846
0.99546986 0.00687501 -0.09482877 -2.23150492 -0.00740175 0.99995907 -0.00520404 -0.28518745 0.09478911 0.00588236 0.99548000 30.24327087
0.99604554 0.00313685 -0.08878877 -2.24898005 -0.00322203 0.99999448 -0.00081600 -0.28985777 0.08878572 0.00109885 0.99605014 30.45640182
0.99677486 -0.00106244 -0.08024187 -2.26205492 0.00130614 0.99999469 0.00298471 -0.29685074 0.08023827 -0.00307990 0.99677095 30.66871071
0.99754229 0.00268531 -0.07001549 -2.27369785 -0.00249040 0.99999278 0.00287092 -0.29946828 0.07002269 -0.00268950 0.99754177 30.87189484
0.99852080 0.00792438 -0.05379040 -2.29105377 -0.00780227 0.99996649 0.00247982 -0.30251735 0.05380825 -0.00205646 0.99854917 31.06852531
0.99928149 0.01280425 -0.03567284 -2.29769921 -0.01271208 0.99991525 0.00280934 -0.30190709 0.03570579 -0.00235384 0.99935957 31.26510239
0.99985466 0.01120378 -0.01285029 -2.29887199 -0.01116243 0.99993230 0.00328449 -0.30324361 0.01288622 -0.00314057 0.99991204 31.45333862
0.99987119 0.00753682 0.01417054 -2.29169965 -0.00759748 0.99996218 0.00423180 -0.30562496 -0.01413811 -0.00433892 0.99989064 31.63727188
0.99902233 0.00648055 0.04373096 -2.27714229 -0.00673502 0.99996122 0.00567431 -0.30748621 -0.04369249 -0.00596329 0.99902723 31.80976868
0.99699456 0.00627004 0.07721742 -2.25213552 -0.00686532 0.99994871 0.00744604 -0.31129307 -0.07716677 -0.00795378 0.99698647 31.99577713
0.99329092 0.00605858 0.11548351 -2.22467613 -0.00703130 0.99994314 0.00801744 -0.31313685 -0.11542836 -0.00877565 0.99327704 32.17329788
0.98764891 0.00630579 0.15655625 -2.18692803 -0.00763953 0.99993946 0.00791900 -0.31334051 -0.15649684 -0.00901720 0.98763730 32.33696747
0.97934883 0.00608797 0.20208613 -2.14263368 -0.00774316 0.99994263 0.00740097 -0.31234363 -0.20202948 -0.00881292 0.97933979 32.50344467
0.96806072 0.00783170 0.25059351 -2.09345841 -0.00966922 0.99993463 0.00610233 -0.31943589 -0.25052933 -0.00833047 0.96807317 32.65558624
0.95303371 0.00905775 0.30272876 -2.03348970 -0.01060371 0.99993778 0.00346351 -0.32160479 -0.30267855 -0.00651089 0.95307046 32.80290222
0.93384566 0.01018911 0.35753107 -1.96171427 -0.01121604 0.99993678 0.00079877 -0.31967932 -0.35750033 -0.00475601 0.93390090 32.95048904
0.90990187 0.01127915 0.41467018 -1.88479578 -0.01198074 0.99992781 -0.00090925 -0.32249928 -0.41465051 -0.00414073 0.90997132 33.08956146
0.88236173 0.01096449 0.47044400 -1.78909469 -0.01052835 0.99993824 -0.00355835 -0.31937504 -0.47045396 -0.00181325 0.88242268 33.21263504
0.84976919 0.01027354 0.52705482 -1.69296730 -0.00841882 0.99994705 -0.00591769 -0.32192829 -0.52708771 0.00059149 0.84981068 33.33115005
0.81411225 0.00959540 0.58062826 -1.58883834 -0.00694427 0.99995285 -0.00678840 -0.32605341 -0.58066602 0.00149448 0.81414049 33.44440842
0.77595927 0.00829933 0.63072841 -1.47445083 -0.00596965 0.99996528 -0.00581365 -0.32824710 -0.63075476 0.00074593 0.77598188 33.54921341
0.73472724 0.00796939 0.67831583 -1.35919368 -0.00768994 0.99996459 -0.00341891 -0.33155945 -0.67831906 -0.00270425 0.73476251 33.64367294
0.68925378 0.00696385 0.72448653 -1.24595106 -0.00677536 0.99997204 -0.00316598 -0.33293000 -0.72448832 -0.00272649 0.68928169 33.73372269
0.64394989 0.00551749 0.76504778 -1.11612284 -0.00310979 0.99998461 -0.00459429 -0.33447534 -0.76506135 0.00057936 0.64395713 33.81886673
0.59871763 0.00309139 0.80095421 -0.98467880 0.00261344 0.99997969 -0.00581311 -0.33488107 -0.80095591 0.00557366 0.59869739 33.88846207
0.55212110 0.00498711 0.83374901 -0.85026914 0.00193393 0.99997176 -0.00726205 -0.33465168 -0.83376168 0.00562194 0.55209587 33.96286774
0.50494695 0.00844893 0.86310903 -0.71270353 -0.00172363 0.99995997 -0.00878018 -0.33592007 -0.86314866 0.00294585 0.50494130 34.02866364
0.46140327 0.00996698 0.88713454 -0.58168322 -0.00196397 0.99994592 -0.01021295 -0.33962128 -0.88718835 0.00296999 0.46139789 34.07646942
0.41929455 0.00759539 0.90781848 -0.44624883 0.00511130 0.99992940 -0.01072680 -0.34103322 -0.90783586 0.00913783 0.41922613 34.12040710
0.37991275 -0.00019348 0.92502230 -0.30246928 0.02014792 0.99976447 -0.00806577 -0.34228751 -0.92480288 0.02170156 0.37982717 34.15910721
0.34479147 -0.00384078 0.93867145 -0.16249882 0.02408966 0.99969848 -0.00475810 -0.34449819 -0.93837015 0.02425283 0.34478003 34.19637299
0.31263569 0.00018369 0.94987309 -0.02061349 0.02174227 0.99973659 -0.00734946 -0.34692007 -0.94962424 0.02295011 0.31254935 34.23413849
0.28178019 0.00831270 0.95944298 0.12481091 0.01066697 0.99987353 -0.01179579 -0.35140547 -0.95941969 0.01355817 0.28165588 34.27578735
0.25066188 0.01209544 0.96799913 0.25937194 0.00613939 0.99988197 -0.01408361 -0.35823700 -0.96805523 0.00947315 0.25055804 34.31470490
0.22367693 0.01424731 0.97455921 0.40872231 0.00748984 0.99983851 -0.01633591 -0.36226869 -0.97463456 0.01095325 0.22353409 34.34390640
0.20099792 0.01503477 0.97947628 0.56643707 0.01501252 0.99971751 -0.01842618 -0.36706442 -0.97947663 0.01840803 0.20071543 34.36487579
0.17945299 0.02117761 0.98353858 0.72713292 0.02127617 0.99945088 -0.02540221 -0.36713022 -0.98353645 0.02548444 0.17890387 34.38846207
0.16046717 0.02847486 0.98663036 0.89411330 0.02324162 0.99919764 -0.03261761 -0.36618677 -0.98676751 0.02816495 0.15967662 34.40911484
0.14339248 0.02885894 0.98924504 1.06024408 0.02070550 0.99926848 -0.03215264 -0.37150103 -0.98944928 0.02509327 0.14269005 34.42843246
0.12748588 0.02485709 0.99152886 1.24107206 0.01820887 0.99945877 -0.02739709 -0.37963554 -0.99167323 0.02154737 0.12696426 34.45578384
0.11442960 0.02101355 0.99320909 1.41940331 0.01945508 0.99953712 -0.02338889 -0.38763949 -0.99324084 0.02199934 0.11396782 34.46899414
0.10065101 0.01887922 0.99474265 1.60592473 0.02183673 0.99953718 -0.02117972 -0.39156649 -0.99468213 0.02385368 0.10019217 34.48678970
0.09106561 0.01755911 0.99569008 1.78545761 0.02565892 0.99947122 -0.01997256 -0.39720160 -0.99551428 0.02736715 0.09056691 34.49151230
0.08084290 0.01754937 0.99657235 1.97658658 0.02882634 0.99938558 -0.01993733 -0.40343753 -0.99630993 0.03033932 0.08028734 34.50576401
0.07276073 0.01813950 0.99718445 2.17074704 0.03104392 0.99930893 -0.02044330 -0.40850613 -0.99686617 0.03244399 0.07214732 34.51819611
0.06649873 0.01896701 0.99760622 2.37834597 0.03246337 0.99924886 -0.02116219 -0.40976068 -0.99725827 0.03379292 0.06583305 34.53316116
0.06086410 0.01962746 0.99795307 2.59752107 0.03357827 0.99920049 -0.02169990 -0.41695753 -0.99758111 0.03483028 0.06015638 34.54673386
0.05470719 0.01935874 0.99831476 2.81923985 0.03424995 0.99918730 -0.02125254 -0.42589846 -0.99791486 0.03535490 0.05399969 34.56042099
0.05059438 0.01943192 0.99853022 3.04308605 0.03613313 0.99912052 -0.02127423 -0.43197933 -0.99806543 0.03715638 0.04984775 34.57001495
0.04825532 0.01930867 0.99864839 3.27198839 0.03753309 0.99907195 -0.02113048 -0.43797147 -0.99812960 0.03850202 0.04748582 34.57855988
0.04554255 0.01945899 0.99877286 3.51466298 0.03780033 0.99906066 -0.02118824 -0.44167921 -0.99824697 0.03871891 0.04476421 34.58894730
0.04273143 0.01903865 0.99890518 3.75407100 0.03999738 0.99898428 -0.02075118 -0.44699994 -0.99828565 0.04084032 0.04192653 34.59719849
0.04267464 0.01859425 0.99891598 3.99202728 0.04479942 0.99878553 -0.02050569 -0.45335725 -0.99808411 0.04562593 0.04178981 34.60429764
0.04415144 0.01814605 0.99886004 4.25869083 0.04847159 0.99861857 -0.02028420 -0.45896727 -0.99784826 0.04931191 0.04321088 34.61171341
0.04692576 0.01806986 0.99873493 4.52239227 0.05076155 0.99850139 -0.02045068 -0.46606976 -0.99760776 0.05165700 0.04593818 34.62165070
0.05044654 0.01802546 0.99856408 4.78587103 0.05340902 0.99835773 -0.02071991 -0.47372878 -0.99729766 0.05437758 0.04940097 34.63801575
0.05565712 0.01772120 0.99829266 5.07641649 0.05396919 0.99832738 -0.02073072 -0.47966766 -0.99699028 0.05503086 0.05460762 34.64781952
0.06098022 0.01609757 0.99800916 5.35777617 0.05566020 0.99825928 -0.01950254 -0.48633459 -0.99658585 0.05673866 0.05997808 34.65989685
0.06444269 0.01447816 0.99781638 5.63846493 0.05553741 0.99829304 -0.01807189 -0.49290359 -0.99637480 0.05658074 0.06352861 34.68163300
0.06879722 0.01215070 0.99755667 5.91600418 0.05271325 0.99848473 -0.01579742 -0.50023770 -0.99623705 0.05367128 0.06805247 34.69998932
0.07224279 0.01099299 0.99732649 6.22427797 0.05201285 0.99853713 -0.01477396 -0.50697058 -0.99602994 0.05294111 0.07156533 34.72455215
0.07629636 0.01203611 0.99701254 6.51818657 0.04925496 0.99866086 -0.01582524 -0.51427072 -0.99586787 0.05031522 0.07560135 34.74980927
0.08025767 0.01576324 0.99664950 6.80469942 0.04752742 0.99867717 -0.01962257 -0.52397436 -0.99564042 0.04894304 0.07940231 34.76794434
0.08165983 0.02134913 0.99643158 7.10927773 0.04171140 0.99882140 -0.02481868 -0.53106600 -0.99578704 0.04358924 0.08067309 34.79574203
0.08046343 0.02498428 0.99644439 7.42383671 0.03843261 0.99886466 -0.02814841 -0.53855801 -0.99601635 0.04056088 0.07941187 34.82596207
0.08085326 0.02432584 0.99642913 7.72307873 0.03629569 0.99896723 -0.02733295 -0.54965109 -0.99606494 0.03837604 0.07988684 34.84996033
0.08060519 0.02232036 0.99649616 8.02428818 0.03358721 0.99912066 -0.02509597 -0.56242639 -0.99618006 0.03549240 0.07978463 34.87831879
0.08023095 0.02081240 0.99655900 8.32350731 0.03442341 0.99912777 -0.02363741 -0.57412809 -0.99618172 0.03620141 0.07944454 34.90684891
0.08016104 0.02035432 0.99657409 8.62352085 0.03212263 0.99921944 -0.02299218 -0.58479446 -0.99626419 0.03385565 0.07944463 34.93518829
0.08115042 0.02063099 0.99648832 8.92786598 0.03048523 0.99926661 -0.02317112 -0.59616435 -0.99623554 0.03225852 0.08046197 34.95638657
0.08092651 0.02156377 0.99648678 9.23281765 0.02730973 0.99934262 -0.02384344 -0.60620159 -0.99634586 0.02914335 0.08028440 34.98408890
0.07906066 0.02313678 0.99660127 9.51332092 0.02452439 0.99938290 -0.02514688 -0.61631984 -0.99656809 0.02642917 0.07844446 35.01129150
0.07578352 0.02287384 0.99686190 9.81205845 0.02163292 0.99946382 -0.02457812 -0.62734503 -0.99688960 0.02342765 0.07524806 35.03522110
0.07077598 0.02189068 0.99725200 10.10775471 0.01881060 0.99955209 -0.02327618 -0.63722122 -0.99731486 0.02040630 0.07033250 35.06349564
0.06468662 0.01982723 0.99770864 10.40713406 0.01664739 0.99964202 -0.02094499 -0.64732653 -0.99776676 0.01796411 0.06433339 35.08857346
0.05953695 0.01780621 0.99806728 10.70186424 0.01475878 0.99971590 -0.01871602 -0.65723485 -0.99811699 0.01584455 0.05925724 35.10579681
0.05045428 0.01848358 0.99855532 11.00123024 0.01318928 0.99972921 -0.01917173 -0.66735154 -0.99863928 0.01413752 0.05019683 35.12936783
0.03966602 0.01912289 0.99902999 11.28355885 0.01323951 0.99971903 -0.01966174 -0.67752934 -0.99912528 0.01400657 0.03940169 35.14735413
0.02832618 0.01962048 0.99940616 11.58503437 0.01372918 0.99970540 -0.02001549 -0.68637735 -0.99950445 0.01428799 0.02804846 35.15932083
0.01675426 0.01832445 0.99969171 11.86341953 0.01482282 0.99971762 -0.01857335 -0.69592303 -0.99974976 0.01512943 0.01647790 35.16849518
0.00503702 0.01742365 0.99983551 12.15166187 0.01327556 0.99975891 -0.01748920 -0.70532149 -0.99989919 0.01336147 0.00480449 35.17388153
-0.00697705 0.01642407 0.99984077 12.43488789 0.01481875 0.99975701 -0.01631929 -0.71396124 -0.99986585 0.01470253 -0.00721874 35.17279434
-0.01780094 0.01718481 0.99969386 12.71342659 0.01496214 0.99974490 -0.01691926 -0.72153586 -0.99972959 0.01465638 -0.01805353 35.16713333
-0.02928047 0.01772033 0.99941415 13.01005363 0.01528613 0.99973386 -0.01727816 -0.73098785 -0.99945435 0.01477126 -0.02954355 35.15969849
-0.03960880 0.01897314 0.99903512 13.29296589 0.01487606 0.99972010 -0.01839636 -0.73892176 -0.99910452 0.01413305 -0.03987996 35.14844894
-0.05124018 0.01985663 0.99848894 13.56435299 0.01486799 0.99970668 -0.01911786 -0.74751222 -0.99857568 0.01386592 -0.05152038 35.13916397
-0.05942830 0.02047805 0.99802251 13.83247375 0.01598770 0.99968085 -0.01956007 -0.75666225 -0.99810454 0.01479367 -0.05973673 35.11822891
-0.06825290 0.02096239 0.99744780 14.11094952 0.01649329 0.99966631 -0.01988042 -0.76413703 -0.99753171 0.01509430 -0.06857587 35.09400940
-0.07739616 0.02144343 0.99676979 14.37127209 0.01715954 0.99964924 -0.02017298 -0.77301461 -0.99685274 0.01554280 -0.07773697 35.06957245
-0.08628986 0.02094918 0.99604979 14.63033867 0.01838895 0.99964206 -0.01943166 -0.78083521 -0.99610035 0.01663955 -0.08664421 35.04620361
-0.09456189 0.01950655 0.99532786 14.89976215 0.02020424 0.99963969 -0.01767154 -0.79081833 -0.99531394 0.01843879 -0.09492193 35.02483749
-0.10010737 0.01787469 0.99481607 15.15450764 0.02284584 0.99961631 -0.01566199 -0.79908216 -0.99471432 0.02115953 -0.10047732 34.99864960
-0.10416998 0.01590015 0.99443240 15.41435432 0.02576982 0.99957965 -0.01328298 -0.80738086 -0.99422559 0.02424266 -0.10453594 34.97154617
-0.10745583 0.01434147 0.99410642 15.66738319 0.02750649 0.99955608 -0.01144683 -0.81612021 -0.99382928 0.02611435 -0.10780261 34.94330215
-0.10971078 0.01342109 0.99387294 15.91579533 0.02789217 0.99955664 -0.01041891 -0.82298523 -0.99357213 0.02657821 -0.11003648 34.91626740
-0.10971078 0.01342109 0.99387294 15.91579533 0.02789217 0.99955664 -0.01041891 -0.82298523 -0.99357213 0.02657821 -0.11003648 34.91626740
-0.10971078 0.01342109 0.99387294 15.91579533 0.02789217 0.99955664 -0.01041891 -0.82298523 -0.99357213 0.02657821 -0.11003648 34.91626740
-0.10971078 0.01342109 0.99387294 15.91579533 0.02789217 0.99955664 -0.01041891 -0.82298523 -0.99357213 0.02657821 -0.11003648 34.91626740
-0.10971078 0.01342109 0.99387294 15.91579533 0.02789217 0.99955664 -0.01041891 -0.82298523 -0.99357213 0.02657821 -0.11003648 34.91626740
-0.10971078 0.01342109 0.99387294 15.91579533 0.02789217 0.99955664 -0.01041891 -0.82298523 -0.99357213 0.02657821 -0.11003648 34.91626740
-0.10971078 0.01342109 0.99387294 15.91579533 0.02789217 0.99955664 -0.01041891 -0.82298523 -0.99357213 0.02657821 -0.11003648 34.91626740
-0.10971078 0.01342109 0.99387294 15.91579533 0.02789217 0.99955664 -0.01041891 -0.82298523 -0.99357213 0.02657821 -0.11003648 34.91626740
-0.10971078 0.01342109 0.99387294 15.91579533 0.02789217 0.99955664 -0.01041891 -0.82298523 -0.99357213 0.02657821 -0.11003648 34.91626740
-0.10971078 0.01342109 0.99387294 15.91579533 0.02789217 0.99955664 -0.01041891 -0.82298523 -0.99357213 0.02657821 -0.11003648 34.91626740
-0.10971078 0.01342109 0.99387294 15.91579533 0.02789217 0.99955664 -0.01041891 -0.82298523 -0.99357213 0.02657821 -0.11003648 34.91626740
-0.10971078 0.01342109 0.99387294 15.91579533 0.02789217 0.99955664 -0.01041891 -0.82298523 -0.99357213 0.02657821 -0.11003648 34.91626740
-0.10971078 0.01342109 0.99387294 15.91579533 0.02789217 0.99955664 -0.01041891 -0.82298523 -0.99357213 0.02657821 -0.11003648 34.91626740
-0.10971078 0.01342109 0.99387294 15.91579533 0.02789217 0.99955664 -0.01041891 -0.82298523 -0.99357213 0.02657821 -0.11003648 34.91626740
-0.10971078 0.01342109 0.99387294 15.91579533 0.02789217 0.99955664 -0.01041891 -0.82298523 -0.99357213 0.02657821 -0.11003648 34.91626740
-0.10971078 0.01342109 0.99387294 15.91579533 0.02789217 0.99955664 -0.01041891 -0.82298523 -0.99357213 0.02657821 -0.11003648 34.91626740
-0.10971078 0.01342109 0.99387294 15.91579533 0.02789217 0.99955664 -0.01041891 -0.82298523 -0.99357213 0.02657821 -0.11003648 34.91626740
-0.10971078 0.01342109 0.99387294 15.91579533 0.02789217 0.99955664 -0.01041891 -0.82298523 -0.99357213 0.02657821 -0.11003648 34.91626740
-0.10971078 0.01342109 0.99387294 15.91579533 0.02789217 0.99955664 -0.01041891 -0.82298523 -0.99357213 0.02657821 -0.11003648 34.91626740
-0.10971078 0.01342109 0.99387294 15.91579533 0.02789217 0.99955664 -0.01041891 -0.82298523 -0.99357213 0.02657821 -0.11003648 34.91626740
-0.10971078 0.01342109 0.99387294 15.91579533 0.02789217 0.99955664 -0.01041891 -0.82298523 -0.99357213 0.02657821 -0.11003648 34.91626740
-0.10971078 0.01342109 0.99387294 15.91579533 0.02789217 0.99955664 -0.01041891 -0.82298523 -0.99357213 0.02657821 -0.11003648 34.91626740
-0.10971078 0.01342109 0.99387294 15.91579533 0.02789217 0.99955664 -0.01041891 -0.82298523 -0.99357213 0.02657821 -0.11003648 34.91626740
-0.10971078 0.01342109 0.99387294 15.91579533 0.02789217 0.99955664 -0.01041891 -0.82298523 -0.99357213 0.02657821 -0.11003648 34.91626740
-0.10971078 0.01342109 0.99387294 15.91579533 0.02789217 0.99955664 -0.01041891 -0.82298523 -0.99357213 0.02657821 -0.11003648 34.91626740
-0.10971078 0.01342109 0.99387294 15.91579533 0.02789217 0.99955664 -0.01041891 -0.82298523 -0.99357213 0.02657821 -0.11003648 34.91626740
-0.10971078 0.01342109 0.99387294 15.91579533 0.02789217 0.99955664 -0.01041891 -0.82298523 -0.99357213 0.02657821 -0.11003648 34.91626740
-0.10971078 0.01342109 0.99387294 15.91579533 0.02789217 0.99955664 -0.01041891 -0.82298523 -0.99357213 0.02657821 -0.11003648 34.91626740
-0.10971078 0.01342109 0.99387294 15.91579533 0.02789217 0.99955664 -0.01041891 -0.82298523 -0.99357213 0.02657821 -0.11003648 34.91626740
-0.10971078 0.01342109 0.99387294 15.91579533 0.02789217 0.99955664 -0.01041891 -0.82298523 -0.99357213 0.02657821 -0.11003648 34.91626740
-0.10971078 0.01342109 0.99387294 15.91579533 0.02789217 0.99955664 -0.01041891 -0.82298523 -0.99357213 0.02657821 -0.11003648 34.91626740
-0.10971078 0.01342109 0.99387294 15.91579533 0.02789217 0.99955664 -0.01041891 -0.82298523 -0.99357213 0.02657821 -0.11003648 34.91626740
-0.10971078 0.01342109 0.99387294 15.91579533 0.02789217 0.99955664 -0.01041891 -0.82298523 -0.99357213 0.02657821 -0.11003648 34.91626740
-0.10971078 0.01342109 0.99387294 15.91579533 0.02789217 0.99955664 -0.01041891 -0.82298523 -0.99357213 0.02657821 -0.11003648 34.91626740
-0.10971078 0.01342109 0.99387294 15.91579533 0.02789217 0.99955664 -0.01041891 -0.82298523 -0.99357213 0.02657821 -0.11003648 34.91626740
-0.10971078 0.01342109 0.99387294 15.91579533 0.02789217 0.99955664 -0.01041891 -0.82298523 -0.99357213 0.02657821 -0.11003648 34.91626740
-0.10971078 0.01342109 0.99387294 15.91579533 0.02789217 0.99955664 -0.01041891 -0.82298523 -0.99357213 0.02657821 -0.11003648 34.91626740
-0.10971078 0.01342109 0.99387294 15.91579533 0.02789217 0.99955664 -0.01041891 -0.82298523 -0.99357213 0.02657821 -0.11003648 34.91626740
-0.10971078 0.01342109 0.99387294 15.91579533 0.02789217 0.99955664 -0.01041891 -0.82298523 -0.99357213 0.02657821 -0.11003648 34.91626740
-0.10971078 0.01342109 0.99387294 15.91579533 0.02789217 0.99955664 -0.01041891 -0.82298523 -0.99357213 0.02657821 -0.11003648 34.91626740
-0.10971078 0.01342109 0.99387294 15.91579533 0.02789217 0.99955664 -0.01041891 -0.82298523 -0.99357213 0.02657821 -0.11003648 34.91626740
-0.10971078 0.01342109 0.99387294 15.91579533 0.02789217 0.99955664 -0.01041891 -0.82298523 -0.99357213 0.02657821 -0.11003648 34.91626740
-0.10971078 0.01342109 0.99387294 15.91579533 0.02789217 0.99955664 -0.01041891 -0.82298523 -0.99357213 0.02657821 -0.11003648 34.91626740
-0.10971078 0.01342109 0.99387294 15.91579533 0.02789217 0.99955664 -0.01041891 -0.82298523 -0.99357213 0.02657821 -0.11003648 34.91626740
-0.10971078 0.01342109 0.99387294 15.91579533 0.02789217 0.99955664 -0.01041891 -0.82298523 -0.99357213 0.02657821 -0.11003648 34.91626740
-0.10971078 0.01342109 0.99387294 15.91579533 0.02789217 0.99955664 -0.01041891 -0.82298523 -0.99357213 0.02657821 -0.11003648 34.91626740
-0.10971078 0.01342109 0.99387294 15.91579533 0.02789217 0.99955664 -0.01041891 -0.82298523 -0.99357213 0.02657821 -0.11003648 34.91626740
-0.10971078 0.01342109 0.99387294 15.91579533 0.02789217 0.99955664 -0.01041891 -0.82298523 -0.99357213 0.02657821 -0.11003648 34.91626740
-0.10971078 0.01342109 0.99387294 15.91579533 0.02789217 0.99955664 -0.01041891 -0.82298523 -0.99357213 0.02657821 -0.11003648 34.91626740
-0.10971078 0.01342109 0.99387294 15.91579533 0.02789217 0.99955664 -0.01041891 -0.82298523 -0.99357213 0.02657821 -0.11003648 34.91626740
-0.10971078 0.01342109 0.99387294 15.91579533 0.02789217 0.99955664 -0.01041891 -0.82298523 -0.99357213 0.02657821 -0.11003648 34.91626740
-0.10971078 0.01342109 0.99387294 15.91579533 0.02789217 0.99955664 -0.01041891 -0.82298523 -0.99357213 0.02657821 -0.11003648 34.91626740
-0.10971078 0.01342109 0.99387294 15.91579533 0.02789217 0.99955664 -0.01041891 -0.82298523 -0.99357213 0.02657821 -0.11003648 34.91626740
-0.10971078 0.01342109 0.99387294 15.91579533 0.02789217 0.99955664 -0.01041891 -0.82298523 -0.99357213 0.02657821 -0.11003648 34.91626740
-0.10971078 0.01342109 0.99387294 15.91579533 0.02789217 0.99955664 -0.01041891 -0.82298523 -0.99357213 0.02657821 -0.11003648 34.91626740
-0.10971078 0.01342109 0.99387294 15.91579533 0.02789217 0.99955664 -0.01041891 -0.82298523 -0.99357213 0.02657821 -0.11003648 34.91626740
-0.10971078 0.01342109 0.99387294 15.91579533 0.02789217 0.99955664 -0.01041891 -0.82298523 -0.99357213 0.02657821 -0.11003648 34.91626740
-0.10971078 0.01342109 0.99387294 15.91579533 0.02789217 0.99955664 -0.01041891 -0.82298523 -0.99357213 0.02657821 -0.11003648 34.91626740
-0.10971078 0.01342109 0.99387294 15.91579533 0.02789217 0.99955664 -0.01041891 -0.82298523 -0.99357213 0.02657821 -0.11003648 34.91626740
-0.10971078 0.01342109 0.99387294 15.91579533 0.02789217 0.99955664 -0.01041891 -0.82298523 -0.99357213 0.02657821 -0.11003648 34.91626740
-0.10971078 0.01342109 0.99387294 15.91579533 0.02789217 0.99955664 -0.01041891 -0.82298523 -0.99357213 0.02657821 -0.11003648 34.91626740
-0.10971078 0.01342109 0.99387294 15.91579533 0.02789217 0.99955664 -0.01041891 -0.82298523 -0.99357213 0.02657821 -0.11003648 34.91626740
-0.10971078 0.01342109 0.99387294 15.91579533 0.02789217 0.99955664 -0.01041891 -0.82298523 -0.99357213 0.02657821 -0.11003648 34.91626740
-0.10971078 0.01342109 0.99387294 15.91579533 0.02789217 0.99955664 -0.01041891 -0.82298523 -0.99357213 0.02657821 -0.11003648 34.91626740
-0.10971078 0.01342109 0.99387294 15.91579533 0.02789217 0.99955664 -0.01041891 -0.82298523 -0.99357213 0.02657821 -0.11003648 34.91626740
-0.10971078 0.01342109 0.99387294 15.91579533 0.02789217 0.99955664 -0.01041891 -0.82298523 -0.99357213 0.02657821 -0.11003648 34.91626740
-0.10971078 0.01342109 0.99387294 15.91579533 0.02789217 0.99955664 -0.01041891 -0.82298523 -0.99357213 0.02657821 -0.11003648 34.91626740
-0.10971078 0.01342109 0.99387294 15.91579533 0.02789217 0.99955664 -0.01041891 -0.82298523 -0.99357213 0.02657821 -0.11003648 34.91626740
-0.10971078 0.01342109 0.99387294 15.91579533 0.02789217 0.99955664 -0.01041891 -0.82298523 -0.99357213 0.02657821 -0.11003648 34.91626740
-0.10971078 0.01342109 0.99387294 15.91579533 0.02789217 0.99955664 -0.01041891 -0.82298523 -0.99357213 0.02657821 -0.11003648 34.91626740
-0.10971078 0.01342109 0.99387294 15.91579533 0.02789217 0.99955664 -0.01041891 -0.82298523 -0.99357213 0.02657821 -0.11003648 34.91626740
-0.10971078 0.01342109 0.99387294 15.91579533 0.02789217 0.99955664 -0.01041891 -0.82298523 -0.99357213 0.02657821 -0.11003648 34.91626740
-0.10971078 0.01342109 0.99387294 15.91579533 0.02789217 0.99955664 -0.01041891 -0.82298523 -0.99357213 0.02657821 -0.11003648 34.91626740
-0.10971078 0.01342109 0.99387294 15.91579533 0.02789217 0.99955664 -0.01041891 -0.82298523 -0.99357213 0.02657821 -0.11003648 34.91626740
-0.10971078 0.01342109 0.99387294 15.91579533 0.02789217 0.99955664 -0.01041891 -0.82298523 -0.99357213 0.02657821 -0.11003648 34.91626740
-0.10971078 0.01342109 0.99387294 15.91579533 0.02789217 0.99955664 -0.01041891 -0.82298523 -0.99357213 0.02657821 -0.11003648 34.91626740
-0.10971078 0.01342109 0.99387294 15.91579533 0.02789217 0.99955664 -0.01041891 -0.82298523 -0.99357213 0.02657821 -0.11003648 34.91626740
-0.10971078 0.01342109 0.99387294 15.91579533 0.02789217 0.99955664 -0.01041891 -0.82298523 -0.99357213 0.02657821 -0.11003648 34.91626740
-0.10971078 0.01342109 0.99387294 15.91579533 0.02789217 0.99955664 -0.01041891 -0.82298523 -0.99357213 0.02657821 -0.11003648 34.91626740
-0.10971078 0.01342109 0.99387294 15.91579533 0.02789217 0.99955664 -0.01041891 -0.82298523 -0.99357213 0.02657821 -0.11003648 34.91626740
-0.10971078 0.01342109 0.99387294 15.91579533 0.02789217 0.99955664 -0.01041891 -0.82298523 -0.99357213 0.02657821 -0.11003648 34.91626740
-0.10971078 0.01342109 0.99387294 15.91579533 0.02789217 0.99955664 -0.01041891 -0.82298523 -0.99357213 0.02657821 -0.11003648 34.91626740
-0.10971078 0.01342109 0.99387294 15.91579533 0.02789217 0.99955664 -0.01041891 -0.82298523 -0.99357213 0.02657821 -0.11003648 34.91626740
-0.10971078 0.01342109 0.99387294 15.91579533 0.02789217 0.99955664 -0.01041891 -0.82298523 -0.99357213 0.02657821 -0.11003648 34.91626740
-0.10971078 0.01342109 0.99387294 15.91579533 0.02789217 0.99955664 -0.01041891 -0.82298523 -0.99357213 0.02657821 -0.11003648 34.91626740
-0.10971078 0.01342109 0.99387294 15.91579533 0.02789217 0.99955664 -0.01041891 -0.82298523 -0.99357213 0.02657821 -0.11003648 34.91626740
-0.10971078 0.01342109 0.99387294 15.91579533 0.02789217 0.99955664 -0.01041891 -0.82298523 -0.99357213 0.02657821 -0.11003648 34.91626740
-0.10971078 0.01342109 0.99387294 15.91579533 0.02789217 0.99955664 -0.01041891 -0.82298523 -0.99357213 0.02657821 -0.11003648 34.91626740
-0.10971078 0.01342109 0.99387294 15.91579533 0.02789217 0.99955664 -0.01041891 -0.82298523 -0.99357213 0.02657821 -0.11003648 34.91626740
-0.10971078 0.01342109 0.99387294 15.91579533 0.02789217 0.99955664 -0.01041891 -0.82298523 -0.99357213 0.02657821 -0.11003648 34.91626740
-0.10971078 0.01342109 0.99387294 15.91579533 0.02789217 0.99955664 -0.01041891 -0.82298523 -0.99357213 0.02657821 -0.11003648 34.91626740
-0.10971078 0.01342109 0.99387294 15.91579533 0.02789217 0.99955664 -0.01041891 -0.82298523 -0.99357213 0.02657821 -0.11003648 34.91626740
-0.10971078 0.01342109 0.99387294 15.91579533 0.02789217 0.99955664 -0.01041891 -0.82298523 -0.99357213 0.02657821 -0.11003648 34.91626740
-0.10971078 0.01342109 0.99387294 15.91579533 0.02789217 0.99955664 -0.01041891 -0.82298523 -0.99357213 0.02657821 -0.11003648 34.91626740
-0.10971078 0.01342109 0.99387294 15.91579533 0.02789217 0.99955664 -0.01041891 -0.82298523 -0.99357213 0.02657821 -0.11003648 34.91626740
-0.10971078 0.01342109 0.99387294 15.91579533 0.02789217 0.99955664 -0.01041891 -0.82298523 -0.99357213 0.02657821 -0.11003648 34.91626740
-0.10971078 0.01342109 0.99387294 15.91579533 0.02789217 0.99955664 -0.01041891 -0.82298523 -0.99357213 0.02657821 -0.11003648 34.91626740
-0.10971078 0.01342109 0.99387294 15.91579533 0.02789217 0.99955664 -0.01041891 -0.82298523 -0.99357213 0.02657821 -0.11003648 34.91626740
-0.10971078 0.01342109 0.99387294 15.91579533 0.02789217 0.99955664 -0.01041891 -0.82298523 -0.99357213 0.02657821 -0.11003648 34.91626740
-0.10971078 0.01342109 0.99387294 15.91579533 0.02789217 0.99955664 -0.01041891 -0.82298523 -0.99357213 0.02657821 -0.11003648 34.91626740
-0.10971078 0.01342109 0.99387294 15.91579533 0.02789217 0.99955664 -0.01041891 -0.82298523 -0.99357213 0.02657821 -0.11003648 34.91626740
-0.10971078 0.01342109 0.99387294 15.91579533 0.02789217 0.99955664 -0.01041891 -0.82298523 -0.99357213 0.02657821 -0.11003648 34.91626740
-0.10971078 0.01342109 0.99387294 15.91579533 0.02789217 0.99955664 -0.01041891 -0.82298523 -0.99357213 0.02657821 -0.11003648 34.91626740
-0.10971078 0.01342109 0.99387294 15.91579533 0.02789217 0.99955664 -0.01041891 -0.82298523 -0.99357213 0.02657821 -0.11003648 34.91626740
-0.10971078 0.01342109 0.99387294 15.91579533 0.02789217 0.99955664 -0.01041891 -0.82298523 -0.99357213 0.02657821 -0.11003648 34.91626740
-0.10971078 0.01342109 0.99387294 15.91579533 0.02789217 0.99955664 -0.01041891 -0.82298523 -0.99357213 0.02657821 -0.11003648 34.91626740
-0.10971078 0.01342109 0.99387294 15.91579533 0.02789217 0.99955664 -0.01041891 -0.82298523 -0.99357213 0.02657821 -0.11003648 34.91626740
